100
15
6
22
5
48
74
14
63
50
76
16
99
94
22
4
97
47
46
89
20
33
26
95
73
21
22
54
10
29
44
86
36
57
59
87
27
9
32
92
12
66
80
37
88
52
43
53
34
1 2 8 75
1 3 32 50
1 4 79 66
1 5 58 65
1 6 47 7
1 7 83 37
1 8 100 34
1 9 88 84
1 10 18 69
1 11 27 47
1 12 58 82
1 13 21 13
1 14 13 35
1 15 33 95
1 16 49 64
1 17 94 92
1 18 62 18
1 19 19 98
1 20 47 47
1 21 59 60
1 22 31 3
1 23 61 100
1 24 77 57
1 25 78 85
1 26 3 77
1 27 86 50
1 28 67 60
1 29 3 67
1 30 2 27
1 31 12 94
1 32 75 14
1 33 3 41
1 34 69 94
1 35 94 6
1 36 9 72
1 37 84 5
1 38 70 44
1 39 79 10
1 40 58 33
1 41 39 14
1 42 62 79
1 43 39 7
1 44 21 75
1 45 85 55
1 46 76 70
1 47 79 16
1 48 65 64
1 49 69 21
1 50 60 13
1 51 36 78
1 52 70 75
1 53 44 46
1 54 54 89
1 55 28 12
1 56 31 18
1 57 37 25
1 58 14 87
1 59 87 14
1 60 18 86
1 61 97 66
1 62 90 48
1 63 91 74
1 64 92 43
1 65 1 88
1 66 55 93
1 67 62 22
1 68 61 18
1 69 26 77
1 70 33 83
1 71 44 96
1 72 63 28
1 73 63 2
1 74 85 60
1 75 3 98
1 76 70 6
1 77 94 66
1 78 29 62
1 79 77 97
1 80 42 8
1 81 65 65
1 82 68 60
1 83 24 59
1 84 78 37
1 85 15 7
1 86 72 11
1 87 6 13
1 88 62 20
1 89 54 34
1 90 53 4
1 91 72 25
1 92 59 95
1 93 70 81
1 94 97 95
1 95 13 21
1 96 49 53
1 97 48 93
1 98 86 85
1 99 74 100
1 100 37 86
2 3 14 55
2 4 25 1
2 5 11 78
2 6 8 67
2 7 86 14
2 8 89 14
2 9 45 28
2 10 85 71
2 11 13 60
2 12 73 26
2 13 9 93
2 14 21 32
2 15 84 1
2 16 55 36
2 17 23 12
2 18 34 78
2 19 40 70
2 20 76 48
2 21 41 11
2 22 13 95
2 23 60 13
2 24 33 94
2 25 45 5
2 26 30 52
2 27 77 47
2 28 46 26
2 29 70 39
2 30 40 44
2 31 76 5
2 32 63 2
2 33 81 71
2 34 15 20
2 35 49 70
2 36 37 1
2 37 88 86
2 38 39 62
2 39 91 59
2 40 24 26
2 41 1 95
2 42 32 45
2 43 62 67
2 44 52 3
2 45 27 37
2 46 78 29
2 47 13 42
2 48 98 13
2 49 37 5
2 50 25 43
2 51 77 32
2 52 27 68
2 53 18 1
2 54 45 40
2 55 49 19
2 56 13 35
2 57 8 17
2 58 9 83
2 59 10 83
2 60 10 24
2 61 19 91
2 62 83 53
2 63 64 69
2 64 95 18
2 65 12 13
2 66 59 13
2 67 73 50
2 68 17 9
2 69 83 43
2 70 55 65
2 71 17 79
2 72 40 66
2 73 49 37
2 74 67 14
2 75 47 60
2 76 21 4
2 77 47 23
2 78 63 10
2 79 33 80
2 80 96 26
2 81 75 15
2 82 25 16
2 83 26 5
2 84 32 8
2 85 58 80
2 86 59 18
2 87 71 81
2 88 38 24
2 89 98 72
2 90 49 46
2 91 17 41
2 92 28 47
2 93 62 40
2 94 52 51
2 95 31 21
2 96 38 60
2 97 59 83
2 98 74 48
2 99 84 21
2 100 46 85
3 4 53 76
3 5 14 81
3 6 14 75
3 7 5 43
3 8 81 63
3 9 22 1
3 10 91 93
3 11 89 81
3 12 46 10
3 13 32 40
3 14 54 58
3 15 71 61
3 16 93 1
3 17 39 71
3 18 7 32
3 19 52 72
3 20 87 35
3 21 26 98
3 22 86 83
3 23 86 76
3 24 83 17
3 25 15 48
3 26 4 52
3 27 3 21
3 28 45 82
3 29 31 52
3 30 82 67
3 31 75 8
3 32 93 98
3 33 55 91
3 34 17 92
3 35 99 59
3 36 48 91
3 37 44 22
3 38 20 34
3 39 3 70
3 40 65 9
3 41 24 56
3 42 84 50
3 43 97 32
3 44 21 81
3 45 32 4
3 46 87 15
3 47 98 24
3 48 61 13
3 49 73 33
3 50 14 4
3 51 60 55
3 52 81 57
3 53 8 84
3 54 98 95
3 55 75 32
3 56 56 59
3 57 26 46
3 58 5 39
3 59 19 56
3 60 65 79
3 61 86 100
3 62 16 6
3 63 100 98
3 64 31 43
3 65 91 29
3 66 86 33
3 67 92 65
3 68 38 85
3 69 39 1
3 70 48 92
3 71 9 96
3 72 87 93
3 73 53 41
3 74 62 88
3 75 67 34
3 76 41 96
3 77 90 3
3 78 11 99
3 79 78 58
3 80 8 12
3 81 23 16
3 82 61 18
3 83 1 8
3 84 71 96
3 85 26 68
3 86 90 70
3 87 6 18
3 88 59 56
3 89 70 87
3 90 87 31
3 91 13 63
3 92 96 27
3 93 32 13
3 94 28 23
3 95 21 78
3 96 57 16
3 97 20 51
3 98 44 43
3 99 75 33
3 100 65 28
4 5 18 81
4 6 60 17
4 7 64 18
4 8 43 92
4 9 5 61
4 10 47 95
4 11 39 27
4 12 92 82
4 13 70 17
4 14 58 11
4 15 77 54
4 16 69 7
4 17 97 34
4 18 28 82
4 19 96 21
4 20 66 22
4 21 53 28
4 22 37 45
4 23 13 54
4 24 68 10
4 25 94 87
4 26 77 39
4 27 46 91
4 28 6 72
4 29 54 10
4 30 91 11
4 31 26 57
4 32 73 93
4 33 6 83
4 34 3 89
4 35 46 63
4 36 46 84
4 37 54 89
4 38 67 34
4 39 49 80
4 40 91 78
4 41 23 3
4 42 92 20
4 43 69 25
4 44 5 71
4 45 71 69
4 46 91 79
4 47 82 74
4 48 23 92
4 49 71 61
4 50 34 61
4 51 28 98
4 52 70 61
4 53 88 97
4 54 50 46
4 55 84 12
4 56 48 19
4 57 100 20
4 58 13 23
4 59 53 60
4 60 99 93
4 61 56 89
4 62 96 100
4 63 13 67
4 64 50 23
4 65 55 99
4 66 93 64
4 67 88 15
4 68 47 14
4 69 92 75
4 70 13 81
4 71 69 62
4 72 79 76
4 73 98 100
4 74 16 92
4 75 72 47
4 76 93 46
4 77 49 39
4 78 37 74
4 79 65 5
4 80 36 2
4 81 19 38
4 82 43 7
4 83 44 85
4 84 61 47
4 85 62 79
4 86 100 44
4 87 78 85
4 88 84 96
4 89 46 42
4 90 81 45
4 91 84 10
4 92 97 8
4 93 54 47
4 94 59 22
4 95 25 74
4 96 9 71
4 97 39 48
4 98 39 21
4 99 3 33
4 100 20 6
5 6 65 80
5 7 86 82
5 8 77 100
5 9 19 52
5 10 45 63
5 11 94 13
5 12 80 94
5 13 12 48
5 14 15 71
5 15 17 16
5 16 2 49
5 17 18 6
5 18 93 93
5 19 99 78
5 20 53 97
5 21 79 7
5 22 4 64
5 23 95 90
5 24 13 61
5 25 4 14
5 26 77 97
5 27 5 19
5 28 90 94
5 29 100 42
5 30 37 46
5 31 57 12
5 32 19 95
5 33 38 25
5 34 16 31
5 35 97 82
5 36 49 20
5 37 90 48
5 38 41 93
5 39 51 5
5 40 18 55
5 41 45 20
5 42 27 41
5 43 53 7
5 44 20 32
5 45 97 67
5 46 32 35
5 47 73 63
5 48 19 47
5 49 79 82
5 50 98 68
5 51 97 47
5 52 61 54
5 53 96 13
5 54 55 67
5 55 95 90
5 56 41 35
5 57 83 60
5 58 96 62
5 59 10 99
5 60 32 3
5 61 18 19
5 62 43 60
5 63 65 100
5 64 71 36
5 65 75 89
5 66 19 66
5 67 39 57
5 68 73 7
5 69 13 95
5 70 80 98
5 71 74 97
5 72 72 11
5 73 71 8
5 74 68 20
5 75 49 52
5 76 90 97
5 77 1 76
5 78 41 36
5 79 36 37
5 80 4 88
5 81 58 37
5 82 74 49
5 83 73 28
5 84 80 81
5 85 90 99
5 86 94 8
5 87 9 28
5 88 80 37
5 89 93 92
5 90 11 51
5 91 92 28
5 92 47 85
5 93 3 20
5 94 78 8
5 95 29 60
5 96 57 80
5 97 9 78
5 98 45 21
5 99 2 92
5 100 2 100
6 7 84 6
6 8 86 85
6 9 15 10
6 10 59 92
6 11 70 98
6 12 32 67
6 13 60 29
6 14 10 7
6 15 32 81
6 16 11 74
6 17 3 83
6 18 19 8
6 19 8 66
6 20 50 88
6 21 58 79
6 22 98 38
6 23 92 69
6 24 33 100
6 25 88 72
6 26 11 52
6 27 16 26
6 28 62 47
6 29 65 28
6 30 43 6
6 31 56 30
6 32 68 69
6 33 40 92
6 34 88 25
6 35 79 98
6 36 72 92
6 37 61 36
6 38 18 29
6 39 63 94
6 40 3 20
6 41 29 42
6 42 1 77
6 43 3 57
6 44 54 86
6 45 82 59
6 46 28 83
6 47 68 28
6 48 84 78
6 49 40 57
6 50 57 23
6 51 72 35
6 52 4 7
6 53 98 90
6 54 7 91
6 55 48 25
6 56 35 2
6 57 100 13
6 58 47 61
6 59 25 41
6 60 85 43
6 61 79 19
6 62 76 76
6 63 57 2
6 64 99 83
6 65 7 28
6 66 53 9
6 67 4 59
6 68 82 85
6 69 9 55
6 70 63 1
6 71 78 10
6 72 26 92
6 73 80 48
6 74 59 53
6 75 13 48
6 76 43 32
6 77 17 3
6 78 100 92
6 79 90 13
6 80 25 77
6 81 27 25
6 82 81 45
6 83 100 69
6 84 37 87
6 85 15 86
6 86 91 82
6 87 60 89
6 88 66 45
6 89 83 10
6 90 59 93
6 91 18 55
6 92 34 88
6 93 50 59
6 94 11 95
6 95 47 79
6 96 71 43
6 97 2 51
6 98 47 33
6 99 1 46
6 100 70 73
7 8 48 66
7 9 56 91
7 10 58 31
7 11 66 47
7 12 20 79
7 13 12 46
7 14 43 100
7 15 4 17
7 16 71 61
7 17 84 37
7 18 95 27
7 19 89 32
7 20 26 83
7 21 12 100
7 22 83 27
7 23 92 65
7 24 82 12
7 25 90 36
7 26 3 1
7 27 36 9
7 28 89 13
7 29 96 12
7 30 18 44
7 31 23 82
7 32 31 61
7 33 27 62
7 34 13 80
7 35 33 22
7 36 72 26
7 37 13 15
7 38 13 61
7 39 6 55
7 40 96 4
7 41 19 33
7 42 68 82
7 43 61 68
7 44 56 98
7 45 73 42
7 46 49 88
7 47 66 18
7 48 58 53
7 49 55 10
7 50 79 5
7 51 90 70
7 52 82 23
7 53 33 67
7 54 73 39
7 55 22 73
7 56 65 59
7 57 84 52
7 58 26 16
7 59 85 28
7 60 34 40
7 61 18 62
7 62 14 40
7 63 38 8
7 64 16 85
7 65 4 73
7 66 15 50
7 67 90 37
7 68 67 43
7 69 88 68
7 70 72 52
7 71 66 63
7 72 86 99
7 73 69 6
7 74 58 81
7 75 67 100
7 76 44 59
7 77 27 85
7 78 31 37
7 79 30 14
7 80 54 40
7 81 50 80
7 82 17 90
7 83 50 47
7 84 94 37
7 85 46 69
7 86 39 10
7 87 73 33
7 88 73 87
7 89 6 63
7 90 13 90
7 91 42 15
7 92 64 34
7 93 21 70
7 94 28 30
7 95 39 43
7 96 27 57
7 97 28 37
7 98 76 21
7 99 45 47
7 100 16 35
8 9 54 54
8 10 20 32
8 11 31 84
8 12 21 73
8 13 43 17
8 14 90 51
8 15 97 7
8 16 77 22
8 17 1 5
8 18 4 21
8 19 64 14
8 20 28 75
8 21 4 81
8 22 57 74
8 23 57 83
8 24 40 74
8 25 89 94
8 26 53 7
8 27 20 46
8 28 95 83
8 29 34 72
8 30 94 12
8 31 53 58
8 32 95 93
8 33 2 12
8 34 52 22
8 35 18 78
8 36 70 98
8 37 74 90
8 38 100 61
8 39 43 3
8 40 50 10
8 41 67 80
8 42 84 60
8 43 97 84
8 44 91 70
8 45 12 27
8 46 50 94
8 47 58 78
8 48 95 23
8 49 46 59
8 50 87 62
8 51 67 76
8 52 12 37
8 53 68 57
8 54 89 13
8 55 33 49
8 56 75 65
8 57 61 27
8 58 86 46
8 59 37 86
8 60 15 57
8 61 65 9
8 62 72 60
8 63 2 5
8 64 21 74
8 65 21 64
8 66 86 65
8 67 2 2
8 68 94 69
8 69 85 49
8 70 99 34
8 71 35 61
8 72 52 91
8 73 25 36
8 74 28 84
8 75 19 47
8 76 10 6
8 77 26 59
8 78 50 19
8 79 89 34
8 80 2 63
8 81 33 24
8 82 3 64
8 83 35 35
8 84 54 14
8 85 75 78
8 86 70 71
8 87 34 92
8 88 54 29
8 89 89 67
8 90 85 88
8 91 88 55
8 92 43 3
8 93 49 55
8 94 93 67
8 95 85 97
8 96 13 98
8 97 86 7
8 98 96 60
8 99 88 36
8 100 41 36
9 10 24 59
9 11 43 28
9 12 60 38
9 13 1 86
9 14 79 23
9 15 49 20
9 16 6 11
9 17 59 8
9 18 39 85
9 19 41 58
9 20 5 66
9 21 91 97
9 22 10 20
9 23 94 55
9 24 33 27
9 25 82 22
9 26 55 32
9 27 36 78
9 28 56 84
9 29 64 64
9 30 15 3
9 31 59 49
9 32 59 94
9 33 13 98
9 34 53 100
9 35 100 43
9 36 91 33
9 37 42 16
9 38 3 97
9 39 59 58
9 40 87 83
9 41 33 10
9 42 67 83
9 43 70 87
9 44 18 24
9 45 63 55
9 46 19 96
9 47 25 55
9 48 83 100
9 49 55 19
9 50 59 23
9 51 89 33
9 52 12 59
9 53 88 61
9 54 16 25
9 55 56 64
9 56 40 3
9 57 12 69
9 58 20 48
9 59 67 72
9 60 95 18
9 61 18 47
9 62 90 20
9 63 15 86
9 64 52 12
9 65 88 56
9 66 98 61
9 67 90 37
9 68 36 99
9 69 88 90
9 70 51 72
9 71 35 16
9 72 2 17
9 73 81 16
9 74 62 87
9 75 41 2
9 76 83 21
9 77 15 94
9 78 58 83
9 79 29 47
9 80 96 26
9 81 93 100
9 82 67 27
9 83 12 31
9 84 41 50
9 85 37 52
9 86 10 66
9 87 7 66
9 88 23 55
9 89 2 62
9 90 96 61
9 91 10 54
9 92 43 86
9 93 43 32
9 94 30 2
9 95 71 81
9 96 31 71
9 97 21 8
9 98 43 80
9 99 80 85
9 100 17 7
10 11 25 2
10 12 73 74
10 13 85 89
10 14 44 45
10 15 64 56
10 16 75 75
10 17 48 59
10 18 64 52
10 19 65 6
10 20 48 2
10 21 5 28
10 22 64 46
10 23 100 78
10 24 15 79
10 25 26 81
10 26 96 79
10 27 15 74
10 28 94 54
10 29 66 38
10 30 18 51
10 31 98 19
10 32 40 69
10 33 29 17
10 34 41 48
10 35 9 74
10 36 95 64
10 37 66 100
10 38 32 17
10 39 80 68
10 40 39 55
10 41 66 16
10 42 37 52
10 43 34 86
10 44 72 23
10 45 96 47
10 46 59 28
10 47 47 84
10 48 58 7
10 49 16 43
10 50 50 99
10 51 85 71
10 52 13 57
10 53 60 12
10 54 25 82
10 55 92 48
10 56 26 61
10 57 35 91
10 58 4 28
10 59 58 68
10 60 43 73
10 61 22 20
10 62 69 50
10 63 1 39
10 64 4 48
10 65 28 24
10 66 51 98
10 67 50 95
10 68 17 46
10 69 99 8
10 70 93 61
10 71 57 80
10 72 65 21
10 73 7 3
10 74 97 20
10 75 87 39
10 76 92 24
10 77 56 69
10 78 29 37
10 79 84 40
10 80 92 23
10 81 6 60
10 82 13 96
10 83 64 13
10 84 47 16
10 85 29 50
10 86 96 81
10 87 18 91
10 88 28 30
10 89 29 56
10 90 82 88
10 91 57 100
10 92 80 5
10 93 91 62
10 94 41 67
10 95 98 21
10 96 69 75
10 97 64 100
10 98 31 84
10 99 31 86
10 100 51 34
11 12 94 86
11 13 19 70
11 14 59 13
11 15 26 35
11 16 56 11
11 17 80 94
11 18 66 81
11 19 13 87
11 20 75 95
11 21 99 27
11 22 87 92
11 23 85 78
11 24 87 36
11 25 34 17
11 26 57 54
11 27 28 84
11 28 21 55
11 29 7 70
11 30 88 22
11 31 52 71
11 32 52 21
11 33 14 92
11 34 79 52
11 35 37 86
11 36 2 46
11 37 45 97
11 38 19 32
11 39 48 84
11 40 27 95
11 41 63 38
11 42 97 19
11 43 72 73
11 44 72 59
11 45 40 89
11 46 6 69
11 47 80 42
11 48 94 96
11 49 65 31
11 50 44 41
11 51 75 91
11 52 62 90
11 53 94 65
11 54 95 12
11 55 32 90
11 56 20 34
11 57 69 10
11 58 47 80
11 59 56 65
11 60 60 79
11 61 35 18
11 62 53 95
11 63 78 68
11 64 10 13
11 65 76 74
11 66 89 100
11 67 78 84
11 68 39 97
11 69 26 31
11 70 33 12
11 71 22 98
11 72 7 100
11 73 4 5
11 74 96 95
11 75 53 79
11 76 72 54
11 77 42 59
11 78 76 22
11 79 84 30
11 80 77 10
11 81 53 28
11 82 67 50
11 83 45 77
11 84 46 46
11 85 91 22
11 86 65 93
11 87 41 36
11 88 89 94
11 89 76 16
11 90 73 58
11 91 97 54
11 92 1 47
11 93 58 13
11 94 97 66
11 95 86 99
11 96 53 15
11 97 39 13
11 98 96 97
11 99 98 78
11 100 38 45
12 13 39 44
12 14 81 81
12 15 1 72
12 16 22 38
12 17 64 60
12 18 17 29
12 19 68 41
12 20 5 74
12 21 21 24
12 22 20 97
12 23 10 69
12 24 67 71
12 25 88 7
12 26 49 22
12 27 30 33
12 28 62 94
12 29 92 45
12 30 97 84
12 31 29 48
12 32 45 65
12 33 60 61
12 34 50 69
12 35 36 1
12 36 98 73
12 37 62 31
12 38 52 42
12 39 26 95
12 40 45 26
12 41 16 82
12 42 14 10
12 43 32 13
12 44 30 84
12 45 15 79
12 46 97 10
12 47 40 48
12 48 73 10
12 49 86 93
12 50 97 100
12 51 25 46
12 52 34 38
12 53 46 62
12 54 54 40
12 55 23 18
12 56 45 61
12 57 45 75
12 58 28 69
12 59 96 81
12 60 88 82
12 61 96 90
12 62 85 39
12 63 30 7
12 64 27 37
12 65 19 70
12 66 34 66
12 67 100 1
12 68 66 75
12 69 82 6
12 70 44 97
12 71 40 23
12 72 19 2
12 73 10 34
12 74 89 60
12 75 89 85
12 76 56 32
12 77 88 50
12 78 32 13
12 79 83 30
12 80 18 26
12 81 49 95
12 82 66 32
12 83 69 45
12 84 76 95
12 85 16 18
12 86 62 88
12 87 96 6
12 88 43 23
12 89 49 4
12 90 58 60
12 91 87 5
12 92 73 100
12 93 70 57
12 94 43 13
12 95 82 75
12 96 26 36
12 97 26 70
12 98 73 63
12 99 12 47
12 100 31 56
13 14 68 11
13 15 65 38
13 16 30 14
13 17 38 56
13 18 96 79
13 19 43 94
13 20 27 59
13 21 19 61
13 22 59 32
13 23 86 87
13 24 71 35
13 25 73 36
13 26 5 89
13 27 80 40
13 28 80 98
13 29 70 6
13 30 80 47
13 31 43 51
13 32 50 79
13 33 47 66
13 34 71 9
13 35 68 1
13 36 69 17
13 37 48 55
13 38 27 39
13 39 59 95
13 40 64 90
13 41 76 28
13 42 84 15
13 43 66 51
13 44 78 71
13 45 27 16
13 46 66 1
13 47 19 66
13 48 48 1
13 49 95 50
13 50 97 29
13 51 65 49
13 52 33 54
13 53 46 40
13 54 29 66
13 55 96 36
13 56 53 65
13 57 52 57
13 58 37 16
13 59 80 68
13 60 72 6
13 61 49 13
13 62 77 22
13 63 2 26
13 64 98 77
13 65 71 43
13 66 22 45
13 67 79 98
13 68 3 41
13 69 62 18
13 70 92 27
13 71 17 95
13 72 76 8
13 73 21 60
13 74 80 29
13 75 54 32
13 76 53 57
13 77 11 69
13 78 10 77
13 79 11 46
13 80 91 39
13 81 60 78
13 82 28 84
13 83 64 27
13 84 90 47
13 85 92 68
13 86 37 26
13 87 28 19
13 88 100 50
13 89 59 74
13 90 8 97
13 91 24 28
13 92 48 96
13 93 93 48
13 94 100 37
13 95 7 35
13 96 54 58
13 97 24 12
13 98 81 93
13 99 34 65
13 100 16 100
14 15 67 63
14 16 71 79
14 17 53 63
14 18 65 55
14 19 35 32
14 20 74 20
14 21 35 86
14 22 77 51
14 23 22 56
14 24 5 72
14 25 76 54
14 26 57 18
14 27 46 84
14 28 2 24
14 29 67 72
14 30 90 15
14 31 8 32
14 32 8 100
14 33 94 82
14 34 16 29
14 35 1 26
14 36 67 4
14 37 25 21
14 38 83 70
14 39 98 81
14 40 48 27
14 41 36 66
14 42 95 98
14 43 35 56
14 44 28 44
14 45 13 91
14 46 90 61
14 47 41 75
14 48 16 21
14 49 65 88
14 50 34 19
14 51 40 100
14 52 32 15
14 53 51 49
14 54 66 73
14 55 42 50
14 56 42 78
14 57 2 98
14 58 42 40
14 59 90 13
14 60 22 57
14 61 24 22
14 62 37 44
14 63 58 49
14 64 65 21
14 65 55 92
14 66 65 5
14 67 80 72
14 68 32 94
14 69 89 88
14 70 10 17
14 71 37 86
14 72 71 16
14 73 60 81
14 74 7 55
14 75 52 49
14 76 45 56
14 77 52 10
14 78 10 26
14 79 55 7
14 80 7 60
14 81 10 56
14 82 18 54
14 83 43 41
14 84 74 83
14 85 56 78
14 86 48 63
14 87 88 17
14 88 24 88
14 89 30 24
14 90 33 83
14 91 22 38
14 92 68 23
14 93 22 82
14 94 75 42
14 95 59 69
14 96 58 81
14 97 98 99
14 98 61 93
14 99 70 35
14 100 33 72
15 16 18 76
15 17 78 49
15 18 68 37
15 19 94 96
15 20 64 96
15 21 13 87
15 22 92 86
15 23 71 6
15 24 18 30
15 25 81 89
15 26 51 33
15 27 100 15
15 28 19 49
15 29 27 79
15 30 24 11
15 31 51 49
15 32 99 14
15 33 38 93
15 34 2 91
15 35 33 79
15 36 75 82
15 37 27 56
15 38 62 94
15 39 4 48
15 40 34 99
15 41 32 85
15 42 29 27
15 43 20 14
15 44 62 46
15 45 70 100
15 46 60 14
15 47 23 33
15 48 43 30
15 49 8 30
15 50 77 51
15 51 88 59
15 52 13 4
15 53 45 35
15 54 91 59
15 55 40 73
15 56 78 53
15 57 85 98
15 58 76 47
15 59 75 38
15 60 19 88
15 61 48 13
15 62 18 63
15 63 73 11
15 64 82 15
15 65 35 86
15 66 42 68
15 67 64 89
15 68 13 19
15 69 20 18
15 70 79 97
15 71 33 12
15 72 11 2
15 73 55 1
15 74 92 31
15 75 99 70
15 76 70 14
15 77 98 24
15 78 3 46
15 79 96 90
15 80 43 16
15 81 98 6
15 82 30 46
15 83 62 43
15 84 28 52
15 85 40 4
15 86 67 17
15 87 99 84
15 88 7 8
15 89 33 28
15 90 64 49
15 91 24 50
15 92 75 78
15 93 12 25
15 94 51 50
15 95 71 51
15 96 89 68
15 97 76 77
15 98 38 19
15 99 76 100
15 100 57 48
16 17 45 48
16 18 75 60
16 19 98 97
16 20 18 14
16 21 93 49
16 22 64 61
16 23 30 68
16 24 35 42
16 25 11 11
16 26 32 86
16 27 32 6
16 28 3 62
16 29 32 15
16 30 28 40
16 31 61 11
16 32 63 97
16 33 7 17
16 34 17 50
16 35 23 22
16 36 7 51
16 37 43 46
16 38 27 85
16 39 94 61
16 40 4 88
16 41 16 11
16 42 9 56
16 43 62 17
16 44 84 59
16 45 33 22
16 46 26 48
16 47 91 75
16 48 79 43
16 49 61 64
16 50 34 38
16 51 72 20
16 52 36 4
16 53 59 3
16 54 43 52
16 55 99 82
16 56 13 84
16 57 98 68
16 58 47 66
16 59 29 28
16 60 17 64
16 61 17 50
16 62 47 53
16 63 94 55
16 64 29 33
16 65 13 8
16 66 7 61
16 67 34 89
16 68 42 33
16 69 67 30
16 70 67 37
16 71 99 58
16 72 94 97
16 73 64 36
16 74 52 7
16 75 40 79
16 76 57 53
16 77 3 38
16 78 21 72
16 79 28 61
16 80 77 72
16 81 30 29
16 82 15 28
16 83 55 32
16 84 18 37
16 85 25 28
16 86 11 12
16 87 58 100
16 88 82 35
16 89 49 95
16 90 76 89
16 91 34 56
16 92 65 3
16 93 92 12
16 94 55 93
16 95 20 58
16 96 62 14
16 97 48 12
16 98 83 17
16 99 83 59
16 100 85 77
17 18 93 39
17 19 51 21
17 20 93 11
17 21 96 52
17 22 47 17
17 23 35 57
17 24 15 71
17 25 22 5
17 26 75 97
17 27 39 13
17 28 6 56
17 29 85 2
17 30 77 79
17 31 26 53
17 32 70 28
17 33 71 91
17 34 31 11
17 35 33 26
17 36 75 27
17 37 61 3
17 38 36 4
17 39 83 77
17 40 78 42
17 41 28 29
17 42 42 94
17 43 79 44
17 44 38 41
17 45 26 58
17 46 11 32
17 47 86 96
17 48 53 17
17 49 87 80
17 50 31 99
17 51 86 93
17 52 86 45
17 53 75 94
17 54 71 87
17 55 68 72
17 56 61 95
17 57 2 7
17 58 31 9
17 59 33 4
17 60 93 96
17 61 15 52
17 62 11 87
17 63 7 27
17 64 82 76
17 65 97 78
17 66 76 67
17 67 94 68
17 68 46 15
17 69 16 61
17 70 91 13
17 71 39 50
17 72 48 5
17 73 50 15
17 74 84 29
17 75 26 93
17 76 55 58
17 77 97 94
17 78 92 36
17 79 64 26
17 80 79 89
17 81 22 20
17 82 17 27
17 83 44 95
17 84 46 80
17 85 86 66
17 86 74 28
17 87 87 15
17 88 15 73
17 89 77 4
17 90 46 23
17 91 36 17
17 92 34 1
17 93 13 89
17 94 80 66
17 95 20 25
17 96 12 31
17 97 78 86
17 98 38 26
17 99 43 12
17 100 6 81
18 19 50 88
18 20 78 16
18 21 27 89
18 22 63 99
18 23 61 96
18 24 60 64
18 25 55 34
18 26 24 66
18 27 4 88
18 28 97 80
18 29 90 59
18 30 52 57
18 31 91 34
18 32 32 70
18 33 42 99
18 34 42 29
18 35 2 55
18 36 79 60
18 37 97 51
18 38 7 21
18 39 12 7
18 40 44 2
18 41 24 42
18 42 2 92
18 43 77 40
18 44 86 23
18 45 67 56
18 46 72 38
18 47 5 90
18 48 6 5
18 49 87 99
18 50 49 99
18 51 37 36
18 52 60 4
18 53 65 100
18 54 70 47
18 55 26 94
18 56 22 2
18 57 91 92
18 58 36 75
18 59 39 95
18 60 13 17
18 61 51 36
18 62 9 42
18 63 39 84
18 64 7 98
18 65 87 67
18 66 28 12
18 67 26 88
18 68 7 47
18 69 15 93
18 70 80 63
18 71 30 40
18 72 9 86
18 73 16 56
18 74 64 53
18 75 51 100
18 76 2 50
18 77 33 20
18 78 73 3
18 79 29 51
18 80 5 36
18 81 7 55
18 82 42 76
18 83 50 38
18 84 24 40
18 85 95 33
18 86 51 77
18 87 37 22
18 88 77 33
18 89 36 84
18 90 49 66
18 91 18 35
18 92 62 26
18 93 54 62
18 94 66 83
18 95 35 12
18 96 26 51
18 97 95 89
18 98 32 12
18 99 62 25
18 100 15 68
19 20 42 82
19 21 78 55
19 22 28 97
19 23 28 72
19 24 60 70
19 25 45 79
19 26 92 30
19 27 3 9
19 28 46 64
19 29 11 40
19 30 70 97
19 31 3 10
19 32 37 65
19 33 95 94
19 34 50 65
19 35 17 92
19 36 100 65
19 37 39 96
19 38 7 87
19 39 3 82
19 40 45 38
19 41 7 87
19 42 47 12
19 43 15 6
19 44 71 59
19 45 45 28
19 46 8 100
19 47 64 95
19 48 61 57
19 49 37 71
19 50 20 2
19 51 2 85
19 52 57 48
19 53 50 17
19 54 56 59
19 55 14 60
19 56 98 57
19 57 5 100
19 58 86 89
19 59 100 22
19 60 26 83
19 61 25 63
19 62 18 41
19 63 79 21
19 64 47 99
19 65 38 71
19 66 12 46
19 67 5 79
19 68 68 28
19 69 49 89
19 70 53 2
19 71 28 99
19 72 89 61
19 73 55 6
19 74 4 87
19 75 47 93
19 76 100 54
19 77 11 83
19 78 49 36
19 79 98 38
19 80 32 4
19 81 34 64
19 82 8 95
19 83 98 22
19 84 76 22
19 85 77 12
19 86 20 76
19 87 31 57
19 88 79 53
19 89 53 74
19 90 86 39
19 91 51 8
19 92 21 67
19 93 9 66
19 94 74 96
19 95 2 16
19 96 30 68
19 97 50 66
19 98 58 46
19 99 6 99
19 100 45 43
20 21 91 26
20 22 4 86
20 23 89 25
20 24 40 14
20 25 52 5
20 26 59 24
20 27 1 67
20 28 77 82
20 29 21 98
20 30 88 85
20 31 23 11
20 32 4 88
20 33 30 73
20 34 31 6
20 35 46 78
20 36 85 88
20 37 23 45
20 38 38 23
20 39 15 24
20 40 79 20
20 41 98 16
20 42 44 39
20 43 23 12
20 44 34 11
20 45 54 57
20 46 60 29
20 47 25 59
20 48 51 44
20 49 55 62
20 50 34 52
20 51 61 26
20 52 45 25
20 53 86 12
20 54 71 11
20 55 55 58
20 56 24 59
20 57 88 62
20 58 1 9
20 59 9 55
20 60 64 37
20 61 95 81
20 62 88 77
20 63 9 88
20 64 24 79
20 65 22 94
20 66 20 48
20 67 14 73
20 68 75 52
20 69 9 93
20 70 89 27
20 71 94 86
20 72 46 63
20 73 69 2
20 74 95 63
20 75 78 30
20 76 4 82
20 77 48 57
20 78 23 66
20 79 30 62
20 80 66 81
20 81 41 55
20 82 2 66
20 83 62 28
20 84 42 43
20 85 96 64
20 86 97 53
20 87 10 86
20 88 58 18
20 89 65 91
20 90 96 46
20 91 10 74
20 92 14 31
20 93 33 23
20 94 79 62
20 95 49 20
20 96 49 13
20 97 60 45
20 98 82 37
20 99 43 35
20 100 48 90
21 22 2 16
21 23 38 44
21 24 53 16
21 25 56 50
21 26 95 67
21 27 70 69
21 28 61 34
21 29 91 49
21 30 27 8
21 31 6 7
21 32 26 40
21 33 67 50
21 34 12 92
21 35 55 89
21 36 13 42
21 37 89 78
21 38 26 94
21 39 16 28
21 40 70 95
21 41 49 93
21 42 67 98
21 43 16 31
21 44 78 81
21 45 83 14
21 46 13 62
21 47 79 80
21 48 85 31
21 49 48 44
21 50 83 39
21 51 64 1
21 52 64 29
21 53 9 1
21 54 92 24
21 55 12 83
21 56 85 40
21 57 32 13
21 58 4 28
21 59 12 97
21 60 54 23
21 61 27 99
21 62 95 40
21 63 59 6
21 64 12 86
21 65 74 92
21 66 84 41
21 67 2 7
21 68 16 8
21 69 11 1
21 70 57 9
21 71 15 21
21 72 72 79
21 73 26 27
21 74 32 84
21 75 5 2
21 76 49 10
21 77 47 72
21 78 71 25
21 79 58 15
21 80 62 31
21 81 86 45
21 82 7 54
21 83 37 77
21 84 22 46
21 85 91 48
21 86 5 18
21 87 82 92
21 88 15 74
21 89 75 76
21 90 85 60
21 91 58 83
21 92 10 91
21 93 23 44
21 94 4 85
21 95 79 37
21 96 40 51
21 97 22 89
21 98 67 2
21 99 68 27
21 100 41 20
22 23 28 30
22 24 77 68
22 25 41 47
22 26 6 72
22 27 20 20
22 28 41 79
22 29 25 29
22 30 85 30
22 31 84 55
22 32 68 43
22 33 44 29
22 34 19 67
22 35 31 39
22 36 74 60
22 37 51 22
22 38 83 80
22 39 76 28
22 40 79 69
22 41 34 61
22 42 11 87
22 43 30 24
22 44 73 1
22 45 44 78
22 46 93 22
22 47 96 49
22 48 31 72
22 49 63 95
22 50 13 100
22 51 1 79
22 52 81 52
22 53 10 61
22 54 97 33
22 55 76 62
22 56 45 3
22 57 2 51
22 58 68 59
22 59 30 61
22 60 11 28
22 61 73 46
22 62 6 33
22 63 75 89
22 64 70 82
22 65 51 71
22 66 62 38
22 67 5 29
22 68 79 19
22 69 77 36
22 70 57 20
22 71 8 72
22 72 95 91
22 73 65 48
22 74 50 70
22 75 51 59
22 76 88 55
22 77 79 66
22 78 16 54
22 79 47 41
22 80 50 2
22 81 31 1
22 82 36 46
22 83 62 91
22 84 60 72
22 85 10 48
22 86 51 16
22 87 54 48
22 88 57 78
22 89 4 33
22 90 25 66
22 91 68 90
22 92 9 70
22 93 92 94
22 94 87 29
22 95 76 82
22 96 35 62
22 97 72 26
22 98 51 79
22 99 46 58
22 100 53 83
23 24 97 57
23 25 35 8
23 26 17 41
23 27 52 99
23 28 48 38
23 29 29 71
23 30 29 7
23 31 63 53
23 32 35 76
23 33 6 71
23 34 32 15
23 35 95 65
23 36 87 94
23 37 65 48
23 38 50 33
23 39 55 42
23 40 11 58
23 41 99 5
23 42 97 80
23 43 12 95
23 44 92 56
23 45 25 95
23 46 6 20
23 47 3 54
23 48 87 96
23 49 29 99
23 50 47 60
23 51 2 25
23 52 40 22
23 53 67 84
23 54 35 55
23 55 66 17
23 56 74 7
23 57 47 5
23 58 55 88
23 59 74 30
23 60 33 90
23 61 54 77
23 62 41 79
23 63 64 30
23 64 86 41
23 65 5 31
23 66 85 12
23 67 14 57
23 68 19 43
23 69 59 67
23 70 11 12
23 71 80 24
23 72 15 43
23 73 88 66
23 74 58 75
23 75 60 69
23 76 86 89
23 77 86 59
23 78 44 63
23 79 12 41
23 80 22 62
23 81 63 90
23 82 27 6
23 83 35 97
23 84 48 62
23 85 74 9
23 86 63 98
23 87 30 91
23 88 70 43
23 89 69 35
23 90 78 88
23 91 40 80
23 92 60 59
23 93 41 63
23 94 38 97
23 95 100 19
23 96 47 55
23 97 50 97
23 98 55 28
23 99 9 55
23 100 63 96
24 25 7 44
24 26 55 44
24 27 40 19
24 28 98 22
24 29 100 71
24 30 90 79
24 31 88 2
24 32 6 32
24 33 71 36
24 34 60 55
24 35 75 100
24 36 20 92
24 37 63 91
24 38 76 30
24 39 10 56
24 40 22 7
24 41 87 79
24 42 32 26
24 43 59 62
24 44 17 97
24 45 25 50
24 46 54 88
24 47 99 62
24 48 4 90
24 49 58 30
24 50 33 99
24 51 52 74
24 52 16 34
24 53 96 16
24 54 92 82
24 55 37 42
24 56 70 77
24 57 41 6
24 58 43 90
24 59 36 64
24 60 59 83
24 61 55 59
24 62 90 57
24 63 71 53
24 64 99 11
24 65 97 81
24 66 69 1
24 67 73 62
24 68 97 57
24 69 82 56
24 70 79 94
24 71 100 78
24 72 95 98
24 73 52 68
24 74 19 83
24 75 81 69
24 76 65 50
24 77 82 53
24 78 77 19
24 79 11 71
24 80 73 65
24 81 25 55
24 82 71 41
24 83 39 95
24 84 32 72
24 85 35 76
24 86 55 50
24 87 45 37
24 88 13 55
24 89 38 90
24 90 50 72
24 91 77 67
24 92 2 7
24 93 27 68
24 94 99 35
24 95 28 87
24 96 13 13
24 97 33 77
24 98 38 64
24 99 19 31
24 100 97 48
25 26 46 47
25 27 44 73
25 28 11 75
25 29 22 96
25 30 19 75
25 31 57 63
25 32 79 37
25 33 18 29
25 34 72 65
25 35 68 22
25 36 5 83
25 37 95 33
25 38 79 24
25 39 67 5
25 40 63 67
25 41 37 42
25 42 79 80
25 43 83 100
25 44 68 42
25 45 81 95
25 46 84 48
25 47 60 99
25 48 11 2
25 49 65 43
25 50 41 92
25 51 97 74
25 52 47 28
25 53 97 70
25 54 93 29
25 55 44 78
25 56 90 52
25 57 98 52
25 58 93 72
25 59 63 50
25 60 71 39
25 61 85 90
25 62 66 73
25 63 63 38
25 64 42 72
25 65 66 71
25 66 31 38
25 67 40 60
25 68 23 11
25 69 99 95
25 70 43 90
25 71 74 55
25 72 30 88
25 73 57 17
25 74 50 56
25 75 34 19
25 76 23 60
25 77 4 12
25 78 50 85
25 79 92 84
25 80 27 84
25 81 96 54
25 82 73 77
25 83 11 79
25 84 63 83
25 85 85 78
25 86 80 21
25 87 47 50
25 88 59 39
25 89 40 93
25 90 40 87
25 91 26 27
25 92 46 55
25 93 62 59
25 94 39 17
25 95 51 2
25 96 51 7
25 97 68 81
25 98 68 92
25 99 35 55
25 100 9 9
26 27 24 12
26 28 98 34
26 29 65 94
26 30 57 22
26 31 34 97
26 32 34 28
26 33 1 19
26 34 82 76
26 35 11 38
26 36 4 4
26 37 59 98
26 38 29 60
26 39 7 7
26 40 50 85
26 41 6 90
26 42 3 58
26 43 48 81
26 44 18 4
26 45 81 63
26 46 19 57
26 47 23 80
26 48 24 77
26 49 29 15
26 50 84 55
26 51 39 10
26 52 42 37
26 53 45 39
26 54 62 91
26 55 90 93
26 56 40 47
26 57 76 12
26 58 82 95
26 59 93 1
26 60 2 43
26 61 8 96
26 62 45 49
26 63 97 36
26 64 95 53
26 65 11 84
26 66 31 64
26 67 38 52
26 68 29 83
26 69 68 9
26 70 37 65
26 71 53 58
26 72 71 77
26 73 94 87
26 74 53 26
26 75 78 67
26 76 24 15
26 77 5 81
26 78 82 65
26 79 93 49
26 80 28 92
26 81 83 88
26 82 62 56
26 83 97 92
26 84 48 8
26 85 96 6
26 86 31 67
26 87 11 75
26 88 11 14
26 89 77 10
26 90 98 77
26 91 26 95
26 92 12 30
26 93 83 11
26 94 43 91
26 95 15 90
26 96 32 88
26 97 88 4
26 98 25 87
26 99 29 21
26 100 63 66
27 28 55 15
27 29 46 90
27 30 55 36
27 31 76 64
27 32 34 81
27 33 43 65
27 34 16 19
27 35 40 86
27 36 59 3
27 37 56 76
27 38 72 47
27 39 58 85
27 40 44 51
27 41 29 65
27 42 23 98
27 43 93 71
27 44 2 16
27 45 51 6
27 46 24 68
27 47 96 53
27 48 24 69
27 49 5 62
27 50 100 36
27 51 79 83
27 52 95 16
27 53 61 80
27 54 21 22
27 55 28 45
27 56 18 24
27 57 41 73
27 58 38 37
27 59 50 25
27 60 17 9
27 61 67 65
27 62 2 81
27 63 48 52
27 64 76 12
27 65 45 85
27 66 90 1
27 67 40 11
27 68 58 54
27 69 51 82
27 70 3 54
27 71 83 37
27 72 76 100
27 73 92 69
27 74 64 59
27 75 11 13
27 76 41 24
27 77 68 25
27 78 70 4
27 79 98 82
27 80 36 45
27 81 55 64
27 82 88 68
27 83 64 5
27 84 91 38
27 85 84 30
27 86 13 91
27 87 24 18
27 88 21 24
27 89 93 92
27 90 14 15
27 91 95 96
27 92 96 9
27 93 18 2
27 94 79 30
27 95 81 53
27 96 39 99
27 97 42 67
27 98 95 56
27 99 21 81
27 100 92 17
28 29 9 63
28 30 67 37
28 31 2 86
28 32 17 46
28 33 95 98
28 34 43 44
28 35 52 12
28 36 3 27
28 37 49 75
28 38 31 96
28 39 38 45
28 40 20 54
28 41 86 49
28 42 71 41
28 43 55 20
28 44 3 76
28 45 63 50
28 46 49 88
28 47 84 17
28 48 12 40
28 49 18 22
28 50 24 52
28 51 11 57
28 52 81 56
28 53 62 53
28 54 62 12
28 55 51 88
28 56 12 31
28 57 62 90
28 58 81 43
28 59 84 83
28 60 10 61
28 61 11 57
28 62 49 100
28 63 87 72
28 64 4 43
28 65 33 29
28 66 80 2
28 67 24 16
28 68 19 13
28 69 12 26
28 70 29 42
28 71 23 26
28 72 44 10
28 73 74 72
28 74 38 99
28 75 37 72
28 76 27 36
28 77 29 8
28 78 57 8
28 79 94 69
28 80 46 35
28 81 39 82
28 82 22 70
28 83 1 53
28 84 31 15
28 85 4 14
28 86 52 25
28 87 75 52
28 88 66 62
28 89 85 75
28 90 74 37
28 91 27 66
28 92 24 76
28 93 29 58
28 94 52 96
28 95 45 24
28 96 71 51
28 97 85 15
28 98 53 97
28 99 50 65
28 100 10 64
29 30 7 95
29 31 45 28
29 32 74 33
29 33 17 31
29 34 57 5
29 35 52 55
29 36 32 90
29 37 39 96
29 38 55 88
29 39 100 10
29 40 91 90
29 41 65 90
29 42 71 63
29 43 97 87
29 44 79 91
29 45 59 16
29 46 71 66
29 47 14 92
29 48 78 82
29 49 15 40
29 50 18 18
29 51 91 12
29 52 70 75
29 53 36 28
29 54 15 66
29 55 93 22
29 56 34 23
29 57 22 10
29 58 67 41
29 59 4 85
29 60 50 7
29 61 54 73
29 62 18 4
29 63 79 3
29 64 65 70
29 65 2 27
29 66 59 87
29 67 45 42
29 68 100 28
29 69 73 26
29 70 86 38
29 71 99 78
29 72 13 52
29 73 93 17
29 74 13 51
29 75 61 42
29 76 88 94
29 77 7 19
29 78 87 58
29 79 18 4
29 80 30 83
29 81 19 72
29 82 69 84
29 83 57 17
29 84 12 94
29 85 42 37
29 86 64 95
29 87 39 37
29 88 90 38
29 89 39 67
29 90 17 9
29 91 4 98
29 92 75 41
29 93 20 82
29 94 17 64
29 95 53 49
29 96 97 10
29 97 18 93
29 98 39 44
29 99 1 95
29 100 94 82
30 31 66 14
30 32 28 12
30 33 32 43
30 34 58 41
30 35 83 8
30 36 32 41
30 37 66 86
30 38 18 7
30 39 55 98
30 40 19 51
30 41 39 74
30 42 84 80
30 43 58 77
30 44 33 27
30 45 42 44
30 46 43 19
30 47 55 21
30 48 25 54
30 49 47 5
30 50 22 9
30 51 69 39
30 52 91 74
30 53 35 80
30 54 4 56
30 55 42 82
30 56 53 53
30 57 61 46
30 58 92 60
30 59 20 36
30 60 68 35
30 61 14 60
30 62 79 19
30 63 12 88
30 64 16 66
30 65 17 16
30 66 12 73
30 67 52 7
30 68 23 17
30 69 14 57
30 70 51 1
30 71 56 15
30 72 66 71
30 73 42 81
30 74 6 37
30 75 36 75
30 76 63 30
30 77 42 61
30 78 84 39
30 79 25 4
30 80 45 45
30 81 84 42
30 82 25 5
30 83 53 44
30 84 67 17
30 85 17 38
30 86 15 3
30 87 37 57
30 88 24 36
30 89 86 46
30 90 24 90
30 91 76 33
30 92 21 15
30 93 55 6
30 94 42 65
30 95 40 5
30 96 9 86
30 97 38 23
30 98 20 25
30 99 40 99
30 100 16 14
31 32 100 80
31 33 51 85
31 34 64 28
31 35 15 16
31 36 29 40
31 37 9 5
31 38 9 24
31 39 69 19
31 40 17 73
31 41 65 81
31 42 40 67
31 43 31 32
31 44 21 24
31 45 47 53
31 46 4 26
31 47 52 14
31 48 89 49
31 49 83 44
31 50 86 7
31 51 21 77
31 52 71 33
31 53 100 48
31 54 77 64
31 55 30 2
31 56 32 30
31 57 5 59
31 58 14 16
31 59 9 85
31 60 9 48
31 61 25 85
31 62 24 12
31 63 20 24
31 64 10 100
31 65 81 23
31 66 96 2
31 67 15 99
31 68 57 25
31 69 58 90
31 70 62 63
31 71 74 21
31 72 16 34
31 73 49 89
31 74 40 36
31 75 65 1
31 76 68 47
31 77 13 42
31 78 35 1
31 79 11 22
31 80 46 49
31 81 5 49
31 82 4 50
31 83 73 73
31 84 43 7
31 85 6 10
31 86 88 57
31 87 28 64
31 88 29 90
31 89 57 69
31 90 56 82
31 91 67 9
31 92 40 87
31 93 31 61
31 94 12 97
31 95 72 21
31 96 20 52
31 97 36 68
31 98 64 5
31 99 17 18
31 100 53 54
32 33 62 67
32 34 15 7
32 35 90 2
32 36 52 53
32 37 48 28
32 38 93 43
32 39 12 29
32 40 2 11
32 41 44 77
32 42 76 14
32 43 38 55
32 44 68 45
32 45 51 36
32 46 69 55
32 47 80 44
32 48 78 33
32 49 94 43
32 50 44 93
32 51 15 61
32 52 71 83
32 53 9 74
32 54 54 27
32 55 77 95
32 56 78 38
32 57 56 55
32 58 87 41
32 59 70 9
32 60 43 64
32 61 15 76
32 62 31 19
32 63 58 70
32 64 78 7
32 65 95 32
32 66 96 41
32 67 92 12
32 68 39 71
32 69 23 71
32 70 80 61
32 71 100 15
32 72 17 34
32 73 55 15
32 74 3 41
32 75 31 89
32 76 68 28
32 77 58 55
32 78 41 14
32 79 100 73
32 80 41 37
32 81 90 4
32 82 40 74
32 83 54 85
32 84 94 53
32 85 4 14
32 86 70 50
32 87 86 58
32 88 85 1
32 89 54 93
32 90 64 57
32 91 33 58
32 92 38 99
32 93 27 3
32 94 38 95
32 95 85 80
32 96 64 73
32 97 37 16
32 98 17 29
32 99 41 5
32 100 65 95
33 34 54 13
33 35 61 74
33 36 12 24
33 37 19 51
33 38 42 45
33 39 91 13
33 40 48 97
33 41 15 83
33 42 22 82
33 43 15 67
33 44 16 95
33 45 100 69
33 46 11 21
33 47 22 92
33 48 5 87
33 49 63 98
33 50 75 59
33 51 22 11
33 52 30 61
33 53 27 62
33 54 8 25
33 55 68 90
33 56 69 12
33 57 67 64
33 58 2 52
33 59 32 82
33 60 39 33
33 61 74 57
33 62 55 85
33 63 84 9
33 64 53 4
33 65 17 73
33 66 45 46
33 67 18 81
33 68 71 27
33 69 42 25
33 70 12 77
33 71 41 17
33 72 89 24
33 73 81 68
33 74 34 31
33 75 44 15
33 76 26 6
33 77 94 9
33 78 87 18
33 79 81 81
33 80 23 56
33 81 90 8
33 82 51 33
33 83 9 92
33 84 61 37
33 85 89 14
33 86 81 27
33 87 88 32
33 88 14 93
33 89 13 81
33 90 64 8
33 91 52 34
33 92 3 52
33 93 40 29
33 94 52 45
33 95 75 53
33 96 27 17
33 97 57 50
33 98 93 43
33 99 56 36
33 100 91 3
34 35 62 65
34 36 52 66
34 37 46 13
34 38 13 88
34 39 63 28
34 40 26 28
34 41 67 67
34 42 8 9
34 43 77 13
34 44 34 30
34 45 7 80
34 46 14 40
34 47 21 74
34 48 18 64
34 49 65 10
34 50 38 63
34 51 1 51
34 52 93 30
34 53 91 65
34 54 40 10
34 55 85 45
34 56 39 8
34 57 40 9
34 58 91 78
34 59 17 20
34 60 28 90
34 61 55 16
34 62 23 4
34 63 23 61
34 64 68 60
34 65 6 30
34 66 93 76
34 67 84 1
34 68 70 10
34 69 37 9
34 70 31 43
34 71 87 3
34 72 88 22
34 73 100 13
34 74 24 91
34 75 98 28
34 76 79 26
34 77 6 42
34 78 65 18
34 79 27 42
34 80 28 18
34 81 13 46
34 82 54 70
34 83 74 20
34 84 67 7
34 85 63 37
34 86 22 88
34 87 45 77
34 88 76 5
34 89 70 19
34 90 11 59
34 91 15 83
34 92 35 26
34 93 13 91
34 94 44 66
34 95 69 34
34 96 93 74
34 97 76 86
34 98 10 51
34 99 96 57
34 100 55 80
35 36 48 82
35 37 84 91
35 38 16 11
35 39 88 65
35 40 50 29
35 41 97 30
35 42 99 76
35 43 27 42
35 44 69 100
35 45 82 23
35 46 77 15
35 47 73 57
35 48 16 98
35 49 74 75
35 50 54 3
35 51 97 31
35 52 60 99
35 53 1 16
35 54 78 88
35 55 47 76
35 56 22 90
35 57 42 6
35 58 95 55
35 59 64 52
35 60 44 35
35 61 78 26
35 62 86 86
35 63 77 65
35 64 53 35
35 65 87 41
35 66 76 30
35 67 39 21
35 68 78 75
35 69 42 28
35 70 77 16
35 71 97 75
35 72 35 78
35 73 84 94
35 74 60 18
35 75 76 100
35 76 7 73
35 77 74 81
35 78 70 7
35 79 46 3
35 80 32 28
35 81 96 2
35 82 54 26
35 83 60 42
35 84 22 61
35 85 12 88
35 86 56 69
35 87 1 15
35 88 80 46
35 89 80 36
35 90 62 96
35 91 47 67
35 92 61 24
35 93 80 2
35 94 90 98
35 95 86 81
35 96 38 12
35 97 4 23
35 98 46 46
35 99 35 79
35 100 81 55
36 37 60 34
36 38 37 74
36 39 72 35
36 40 57 49
36 41 57 7
36 42 66 53
36 43 37 12
36 44 20 48
36 45 73 3
36 46 89 72
36 47 26 89
36 48 69 7
36 49 35 44
36 50 5 72
36 51 43 15
36 52 77 59
36 53 23 14
36 54 19 20
36 55 66 93
36 56 25 82
36 57 19 7
36 58 61 46
36 59 2 27
36 60 32 58
36 61 27 50
36 62 28 53
36 63 79 16
36 64 73 48
36 65 57 65
36 66 9 35
36 67 76 93
36 68 75 24
36 69 24 97
36 70 16 40
36 71 15 41
36 72 69 49
36 73 22 56
36 74 90 86
36 75 22 45
36 76 77 23
36 77 93 17
36 78 86 28
36 79 83 68
36 80 78 54
36 81 15 35
36 82 67 63
36 83 36 76
36 84 5 33
36 85 29 84
36 86 71 33
36 87 72 27
36 88 27 90
36 89 70 18
36 90 39 9
36 91 77 65
36 92 54 33
36 93 93 2
36 94 58 73
36 95 44 75
36 96 65 55
36 97 80 42
36 98 93 7
36 99 84 47
36 100 90 68
37 38 73 2
37 39 100 49
37 40 77 35
37 41 25 84
37 42 18 99
37 43 52 64
37 44 46 77
37 45 35 75
37 46 3 21
37 47 99 10
37 48 1 89
37 49 96 73
37 50 57 71
37 51 50 91
37 52 99 21
37 53 35 37
37 54 36 95
37 55 53 77
37 56 68 39
37 57 16 52
37 58 72 81
37 59 86 25
37 60 42 99
37 61 81 21
37 62 76 32
37 63 31 6
37 64 79 59
37 65 58 74
37 66 98 61
37 67 32 44
37 68 20 68
37 69 87 16
37 70 17 82
37 71 8 16
37 72 15 100
37 73 83 89
37 74 34 8
37 75 22 91
37 76 44 50
37 77 34 15
37 78 100 31
37 79 10 99
37 80 67 12
37 81 54 88
37 82 95 50
37 83 17 36
37 84 44 74
37 85 68 51
37 86 4 9
37 87 21 69
37 88 20 20
37 89 43 86
37 90 60 75
37 91 7 60
37 92 98 81
37 93 89 47
37 94 73 83
37 95 12 39
37 96 24 27
37 97 10 91
37 98 88 78
37 99 56 47
37 100 55 73
38 39 76 47
38 40 13 25
38 41 42 10
38 42 29 95
38 43 3 49
38 44 33 23
38 45 10 54
38 46 68 21
38 47 59 24
38 48 72 21
38 49 29 2
38 50 6 55
38 51 91 12
38 52 28 85
38 53 94 36
38 54 44 23
38 55 61 72
38 56 78 67
38 57 62 30
38 58 1 48
38 59 22 2
38 60 1 58
38 61 95 4
38 62 40 27
38 63 27 14
38 64 14 45
38 65 17 36
38 66 75 9
38 67 63 97
38 68 2 59
38 69 14 45
38 70 74 61
38 71 82 31
38 72 73 13
38 73 30 92
38 74 57 5
38 75 45 19
38 76 75 75
38 77 19 33
38 78 71 72
38 79 60 75
38 80 1 65
38 81 85 9
38 82 80 89
38 83 52 33
38 84 95 93
38 85 1 52
38 86 67 15
38 87 36 69
38 88 76 55
38 89 11 38
38 90 83 75
38 91 3 90
38 92 24 2
38 93 69 34
38 94 75 60
38 95 71 13
38 96 76 36
38 97 87 36
38 98 50 38
38 99 78 74
38 100 60 63
39 40 10 14
39 41 41 49
39 42 63 69
39 43 34 12
39 44 95 61
39 45 54 98
39 46 100 59
39 47 3 28
39 48 49 16
39 49 100 46
39 50 89 24
39 51 27 78
39 52 35 89
39 53 5 61
39 54 48 28
39 55 59 10
39 56 23 97
39 57 1 19
39 58 3 5
39 59 43 18
39 60 83 66
39 61 65 47
39 62 79 46
39 63 47 23
39 64 3 85
39 65 60 54
39 66 97 92
39 67 82 37
39 68 12 64
39 69 74 90
39 70 77 87
39 71 3 33
39 72 47 2
39 73 35 28
39 74 77 93
39 75 83 99
39 76 9 15
39 77 7 32
39 78 52 30
39 79 18 25
39 80 71 100
39 81 80 30
39 82 59 72
39 83 45 72
39 84 42 11
39 85 80 66
39 86 78 21
39 87 96 40
39 88 56 4
39 89 64 95
39 90 23 26
39 91 23 67
39 92 21 11
39 93 78 96
39 94 97 28
39 95 16 58
39 96 80 69
39 97 7 77
39 98 5 65
39 99 95 39
39 100 67 8
40 41 67 52
40 42 3 15
40 43 36 51
40 44 36 88
40 45 58 66
40 46 26 83
40 47 71 39
40 48 7 13
40 49 20 17
40 50 38 98
40 51 27 97
40 52 70 93
40 53 96 74
40 54 39 36
40 55 55 13
40 56 38 28
40 57 59 57
40 58 75 100
40 59 96 92
40 60 26 5
40 61 9 74
40 62 45 42
40 63 15 42
40 64 51 36
40 65 48 94
40 66 61 52
40 67 49 65
40 68 25 19
40 69 58 15
40 70 26 29
40 71 9 5
40 72 70 99
40 73 34 42
40 74 8 53
40 75 51 49
40 76 81 80
40 77 99 5
40 78 19 15
40 79 94 23
40 80 24 34
40 81 24 1
40 82 1 67
40 83 26 41
40 84 6 9
40 85 77 25
40 86 58 90
40 87 65 72
40 88 78 44
40 89 73 7
40 90 79 77
40 91 27 88
40 92 51 9
40 93 50 91
40 94 61 56
40 95 60 62
40 96 21 58
40 97 62 80
40 98 37 12
40 99 49 88
40 100 40 16
41 42 60 31
41 43 22 86
41 44 34 32
41 45 42 82
41 46 23 50
41 47 69 7
41 48 54 88
41 49 29 49
41 50 53 67
41 51 4 11
41 52 46 18
41 53 10 43
41 54 8 4
41 55 93 38
41 56 14 90
41 57 47 81
41 58 64 69
41 59 88 10
41 60 62 42
41 61 10 79
41 62 21 39
41 63 25 65
41 64 7 54
41 65 67 64
41 66 31 84
41 67 21 69
41 68 66 45
41 69 62 76
41 70 77 50
41 71 95 75
41 72 46 46
41 73 92 14
41 74 85 82
41 75 84 27
41 76 84 17
41 77 53 14
41 78 11 97
41 79 81 68
41 80 84 9
41 81 27 59
41 82 38 50
41 83 69 22
41 84 77 66
41 85 87 56
41 86 81 88
41 87 56 76
41 88 13 17
41 89 95 15
41 90 21 79
41 91 8 87
41 92 30 42
41 93 39 10
41 94 45 59
41 95 1 93
41 96 60 5
41 97 27 33
41 98 31 61
41 99 25 77
41 100 43 15
42 43 4 59
42 44 76 35
42 45 88 75
42 46 24 37
42 47 88 15
42 48 39 35
42 49 19 81
42 50 55 44
42 51 45 58
42 52 91 83
42 53 22 97
42 54 67 23
42 55 61 26
42 56 41 72
42 57 55 17
42 58 64 98
42 59 34 85
42 60 88 12
42 61 50 11
42 62 22 83
42 63 73 87
42 64 36 3
42 65 13 62
42 66 97 88
42 67 12 18
42 68 44 61
42 69 55 1
42 70 68 77
42 71 75 18
42 72 10 77
42 73 92 39
42 74 41 89
42 75 38 85
42 76 70 95
42 77 53 30
42 78 96 55
42 79 44 19
42 80 4 56
42 81 82 33
42 82 85 23
42 83 74 5
42 84 39 13
42 85 62 21
42 86 49 60
42 87 72 76
42 88 76 70
42 89 51 43
42 90 86 40
42 91 95 13
42 92 65 65
42 93 23 89
42 94 9 38
42 95 4 98
42 96 76 49
42 97 93 67
42 98 2 48
42 99 2 38
42 100 30 7
43 44 35 72
43 45 44 37
43 46 70 87
43 47 24 80
43 48 64 64
43 49 95 67
43 50 21 14
43 51 33 38
43 52 32 74
43 53 11 28
43 54 35 2
43 55 73 81
43 56 11 60
43 57 60 37
43 58 6 41
43 59 8 20
43 60 79 37
43 61 85 12
43 62 78 15
43 63 100 87
43 64 52 21
43 65 95 45
43 66 70 16
43 67 89 78
43 68 10 9
43 69 49 44
43 70 40 6
43 71 65 73
43 72 69 38
43 73 5 39
43 74 36 45
43 75 80 68
43 76 24 65
43 77 25 78
43 78 97 74
43 79 25 80
43 80 87 26
43 81 28 8
43 82 44 38
43 83 23 22
43 84 24 60
43 85 55 68
43 86 66 18
43 87 78 29
43 88 34 72
43 89 48 43
43 90 24 40
43 91 36 43
43 92 40 14
43 93 99 6
43 94 57 28
43 95 88 85
43 96 21 57
43 97 40 35
43 98 43 65
43 99 84 15
43 100 63 34
44 45 28 41
44 46 25 64
44 47 93 84
44 48 22 51
44 49 34 64
44 50 59 75
44 51 3 4
44 52 69 44
44 53 5 21
44 54 9 49
44 55 16 41
44 56 59 98
44 57 6 35
44 58 12 88
44 59 77 47
44 60 38 54
44 61 37 12
44 62 27 7
44 63 3 94
44 64 36 1
44 65 88 24
44 66 1 91
44 67 9 69
44 68 87 91
44 69 60 23
44 70 28 70
44 71 94 85
44 72 91 59
44 73 24 22
44 74 26 50
44 75 54 99
44 76 25 83
44 77 63 18
44 78 19 91
44 79 96 86
44 80 31 66
44 81 87 63
44 82 79 46
44 83 94 30
44 84 31 46
44 85 79 41
44 86 55 2
44 87 10 79
44 88 9 4
44 89 42 27
44 90 6 62
44 91 49 47
44 92 1 67
44 93 37 18
44 94 7 7
44 95 88 17
44 96 65 82
44 97 70 95
44 98 53 37
44 99 41 65
44 100 40 52
45 46 27 36
45 47 22 40
45 48 37 17
45 49 13 93
45 50 36 100
45 51 98 28
45 52 77 98
45 53 28 34
45 54 13 34
45 55 18 4
45 56 57 99
45 57 83 52
45 58 80 82
45 59 59 94
45 60 81 61
45 61 53 100
45 62 82 81
45 63 5 48
45 64 48 32
45 65 96 20
45 66 53 85
45 67 81 4
45 68 91 61
45 69 71 31
45 70 16 95
45 71 10 71
45 72 31 28
45 73 4 23
45 74 1 35
45 75 66 16
45 76 98 45
45 77 3 41
45 78 90 47
45 79 31 41
45 80 57 22
45 81 2 30
45 82 45 41
45 83 95 91
45 84 73 97
45 85 61 53
45 86 54 9
45 87 83 78
45 88 35 72
45 89 66 60
45 90 87 32
45 91 76 81
45 92 92 59
45 93 75 59
45 94 50 29
45 95 47 97
45 96 32 75
45 97 54 12
45 98 74 30
45 99 60 96
45 100 77 40
46 47 12 44
46 48 52 89
46 49 3 17
46 50 47 72
46 51 28 24
46 52 97 100
46 53 87 85
46 54 15 6
46 55 34 85
46 56 78 63
46 57 57 29
46 58 86 27
46 59 27 5
46 60 12 9
46 61 30 67
46 62 78 12
46 63 83 36
46 64 16 91
46 65 23 49
46 66 53 20
46 67 2 41
46 68 57 61
46 69 82 78
46 70 69 34
46 71 6 54
46 72 85 36
46 73 83 3
46 74 6 40
46 75 98 9
46 76 55 22
46 77 63 5
46 78 33 50
46 79 12 51
46 80 22 15
46 81 12 100
46 82 71 86
46 83 93 59
46 84 46 28
46 85 5 73
46 86 73 32
46 87 54 46
46 88 65 38
46 89 77 82
46 90 62 3
46 91 83 96
46 92 64 87
46 93 23 15
46 94 77 53
46 95 64 77
46 96 6 8
46 97 24 31
46 98 66 23
46 99 82 69
46 100 97 18
47 48 18 9
47 49 89 24
47 50 81 42
47 51 30 26
47 52 75 79
47 53 60 60
47 54 13 7
47 55 49 36
47 56 41 79
47 57 49 86
47 58 23 32
47 59 45 67
47 60 54 33
47 61 93 54
47 62 88 17
47 63 50 97
47 64 6 41
47 65 41 37
47 66 44 82
47 67 19 100
47 68 60 16
47 69 63 32
47 70 5 69
47 71 80 78
47 72 26 76
47 73 74 58
47 74 62 76
47 75 84 80
47 76 6 7
47 77 95 25
47 78 52 6
47 79 80 85
47 80 100 77
47 81 15 85
47 82 88 69
47 83 55 46
47 84 7 73
47 85 8 75
47 86 3 13
47 87 54 77
47 88 6 80
47 89 26 72
47 90 49 37
47 91 18 46
47 92 77 9
47 93 18 4
47 94 41 80
47 95 74 39
47 96 23 34
47 97 13 92
47 98 69 79
47 99 30 23
47 100 54 52
48 49 39 34
48 50 41 61
48 51 74 98
48 52 30 19
48 53 54 41
48 54 53 64
48 55 22 36
48 56 8 60
48 57 37 53
48 58 6 34
48 59 49 45
48 60 11 100
48 61 74 61
48 62 63 58
48 63 16 64
48 64 75 58
48 65 50 50
48 66 94 45
48 67 42 8
48 68 41 72
48 69 34 68
48 70 33 3
48 71 51 57
48 72 56 100
48 73 100 17
48 74 79 29
48 75 65 32
48 76 89 60
48 77 91 95
48 78 71 31
48 79 86 54
48 80 90 1
48 81 15 25
48 82 15 31
48 83 36 62
48 84 76 3
48 85 62 95
48 86 51 36
48 87 33 70
48 88 72 64
48 89 4 81
48 90 4 78
48 91 63 27
48 92 89 92
48 93 7 53
48 94 48 59
48 95 16 70
48 96 59 67
48 97 85 48
48 98 20 75
48 99 79 59
48 100 71 23
49 50 61 93
49 51 81 97
49 52 6 89
49 53 3 13
49 54 4 51
49 55 92 1
49 56 10 80
49 57 59 93
49 58 12 82
49 59 24 30
49 60 70 51
49 61 67 7
49 62 20 35
49 63 96 93
49 64 39 45
49 65 62 73
49 66 22 28
49 67 94 41
49 68 30 72
49 69 50 99
49 70 99 63
49 71 95 46
49 72 43 52
49 73 35 29
49 74 74 9
49 75 76 95
49 76 90 68
49 77 21 45
49 78 35 80
49 79 36 58
49 80 87 20
49 81 9 65
49 82 71 31
49 83 58 76
49 84 70 54
49 85 78 41
49 86 56 44
49 87 81 97
49 88 78 69
49 89 33 3
49 90 55 33
49 91 10 42
49 92 20 80
49 93 89 25
49 94 21 98
49 95 69 10
49 96 87 43
49 97 93 59
49 98 54 33
49 99 80 40
49 100 92 74
50 51 61 83
50 52 75 57
50 53 70 30
50 54 50 48
50 55 8 15
50 56 61 8
50 57 73 14
50 58 85 5
50 59 7 100
50 60 78 42
50 61 52 46
50 62 24 40
50 63 23 12
50 64 71 97
50 65 55 10
50 66 43 64
50 67 35 72
50 68 77 40
50 69 56 76
50 70 28 30
50 71 49 52
50 72 36 18
50 73 27 29
50 74 73 23
50 75 83 9
50 76 99 53
50 77 31 100
50 78 97 28
50 79 27 71
50 80 75 35
50 81 19 87
50 82 68 66
50 83 11 12
50 84 9 28
50 85 85 81
50 86 2 7
50 87 26 63
50 88 42 18
50 89 48 78
50 90 29 75
50 91 25 43
50 92 78 12
50 93 42 74
50 94 25 85
50 95 79 91
50 96 42 88
50 97 98 60
50 98 47 30
50 99 4 14
50 100 71 36
51 52 55 25
51 53 92 67
51 54 51 35
51 55 7 65
51 56 21 12
51 57 57 86
51 58 7 4
51 59 51 38
51 60 93 99
51 61 66 59
51 62 88 45
51 63 44 78
51 64 2 9
51 65 93 92
51 66 75 64
51 67 31 70
51 68 63 3
51 69 97 10
51 70 72 87
51 71 83 62
51 72 52 31
51 73 20 46
51 74 81 64
51 75 52 52
51 76 58 83
51 77 76 81
51 78 71 7
51 79 73 14
51 80 77 61
51 81 85 28
51 82 33 66
51 83 41 100
51 84 31 3
51 85 45 13
51 86 70 48
51 87 76 65
51 88 32 12
51 89 40 47
51 90 12 30
51 91 57 72
51 92 59 13
51 93 80 31
51 94 11 49
51 95 60 46
51 96 40 54
51 97 35 8
51 98 86 79
51 99 11 42
51 100 76 42
52 53 79 85
52 54 22 15
52 55 64 1
52 56 7 35
52 57 79 58
52 58 77 85
52 59 80 8
52 60 82 3
52 61 20 92
52 62 53 18
52 63 92 4
52 64 18 68
52 65 21 57
52 66 96 6
52 67 15 30
52 68 57 17
52 69 34 70
52 70 28 71
52 71 46 41
52 72 92 97
52 73 23 17
52 74 86 13
52 75 72 20
52 76 43 4
52 77 79 99
52 78 26 32
52 79 100 42
52 80 95 6
52 81 87 24
52 82 89 10
52 83 63 76
52 84 19 6
52 85 40 13
52 86 30 13
52 87 7 69
52 88 99 62
52 89 3 94
52 90 51 53
52 91 10 60
52 92 17 87
52 93 27 8
52 94 54 34
52 95 25 57
52 96 41 75
52 97 78 63
52 98 54 66
52 99 50 64
52 100 49 73
53 54 11 47
53 55 15 77
53 56 24 56
53 57 21 17
53 58 72 50
53 59 32 28
53 60 47 6
53 61 45 24
53 62 72 89
53 63 62 7
53 64 78 33
53 65 67 63
53 66 73 52
53 67 51 92
53 68 72 68
53 69 85 48
53 70 11 78
53 71 45 39
53 72 62 75
53 73 55 15
53 74 48 55
53 75 58 66
53 76 23 33
53 77 68 56
53 78 51 89
53 79 83 76
53 80 28 96
53 81 54 86
53 82 69 85
53 83 30 29
53 84 5 15
53 85 59 99
53 86 1 33
53 87 13 90
53 88 57 2
53 89 1 95
53 90 26 36
53 91 6 58
53 92 52 1
53 93 68 81
53 94 18 10
53 95 75 54
53 96 37 91
53 97 60 66
53 98 39 91
53 99 82 50
53 100 34 10
54 55 36 93
54 56 34 42
54 57 24 86
54 58 44 72
54 59 9 75
54 60 35 42
54 61 87 76
54 62 49 16
54 63 47 3
54 64 55 95
54 65 85 15
54 66 39 31
54 67 36 27
54 68 76 41
54 69 65 22
54 70 77 26
54 71 71 49
54 72 90 13
54 73 77 27
54 74 51 96
54 75 37 77
54 76 49 14
54 77 36 48
54 78 97 25
54 79 60 8
54 80 85 54
54 81 12 65
54 82 4 50
54 83 3 27
54 84 16 45
54 85 84 6
54 86 66 42
54 87 15 5
54 88 39 16
54 89 8 12
54 90 54 75
54 91 23 28
54 92 94 90
54 93 93 62
54 94 21 100
54 95 79 31
54 96 53 92
54 97 86 50
54 98 43 44
54 99 24 76
54 100 53 60
55 56 9 69
55 57 92 13
55 58 71 94
55 59 69 32
55 60 23 30
55 61 17 100
55 62 18 43
55 63 33 28
55 64 44 24
55 65 50 96
55 66 81 79
55 67 5 69
55 68 32 46
55 69 40 91
55 70 29 42
55 71 17 32
55 72 65 60
55 73 89 22
55 74 30 69
55 75 7 12
55 76 12 53
55 77 38 64
55 78 61 8
55 79 6 50
55 80 3 93
55 81 46 8
55 82 15 44
55 83 13 1
55 84 12 39
55 85 17 63
55 86 44 57
55 87 97 39
55 88 63 25
55 89 90 69
55 90 86 87
55 91 97 74
55 92 76 22
55 93 4 66
55 94 71 86
55 95 32 21
55 96 10 38
55 97 67 24
55 98 86 21
55 99 2 90
55 100 93 78
56 57 9 60
56 58 50 33
56 59 96 71
56 60 26 38
56 61 52 74
56 62 20 75
56 63 66 35
56 64 63 33
56 65 68 15
56 66 56 42
56 67 28 39
56 68 45 18
56 69 84 58
56 70 62 49
56 71 91 50
56 72 93 87
56 73 2 12
56 74 65 93
56 75 30 96
56 76 56 46
56 77 69 81
56 78 42 3
56 79 49 79
56 80 99 34
56 81 71 87
56 82 55 11
56 83 70 22
56 84 96 25
56 85 47 16
56 86 16 32
56 87 50 19
56 88 85 68
56 89 92 49
56 90 24 75
56 91 51 5
56 92 36 22
56 93 16 13
56 94 51 92
56 95 21 91
56 96 42 24
56 97 76 41
56 98 25 95
56 99 11 40
56 100 19 90
57 58 99 6
57 59 75 86
57 60 51 7
57 61 13 67
57 62 26 18
57 63 48 89
57 64 86 17
57 65 36 72
57 66 44 39
57 67 97 96
57 68 88 45
57 69 40 60
57 70 80 76
57 71 30 66
57 72 95 49
57 73 7 47
57 74 99 63
57 75 35 98
57 76 4 16
57 77 30 70
57 78 82 49
57 79 3 36
57 80 11 62
57 81 62 68
57 82 65 37
57 83 33 57
57 84 25 51
57 85 89 91
57 86 31 53
57 87 38 45
57 88 3 34
57 89 23 25
57 90 36 25
57 91 55 79
57 92 54 33
57 93 53 35
57 94 18 76
57 95 94 94
57 96 95 27
57 97 14 36
57 98 43 58
57 99 26 14
57 100 91 9
58 59 93 25
58 60 8 1
58 61 22 6
58 62 35 97
58 63 80 63
58 64 28 67
58 65 98 85
58 66 27 95
58 67 63 57
58 68 60 91
58 69 99 72
58 70 55 79
58 71 21 59
58 72 65 51
58 73 32 81
58 74 80 68
58 75 8 78
58 76 3 96
58 77 62 27
58 78 11 39
58 79 8 84
58 80 32 85
58 81 64 88
58 82 49 23
58 83 79 26
58 84 6 83
58 85 72 9
58 86 38 31
58 87 59 56
58 88 22 39
58 89 44 38
58 90 63 79
58 91 5 97
58 92 23 1
58 93 96 96
58 94 42 62
58 95 54 64
58 96 79 79
58 97 53 68
58 98 41 71
58 99 19 100
58 100 39 5
59 60 29 16
59 61 81 27
59 62 26 51
59 63 80 70
59 64 86 99
59 65 45 67
59 66 83 36
59 67 36 33
59 68 36 23
59 69 94 55
59 70 18 93
59 71 96 74
59 72 26 75
59 73 60 100
59 74 48 34
59 75 9 25
59 76 3 70
59 77 8 80
59 78 93 97
59 79 62 15
59 80 25 1
59 81 16 14
59 82 15 82
59 83 51 15
59 84 64 30
59 85 2 2
59 86 2 57
59 87 36 4
59 88 10 75
59 89 94 36
59 90 70 80
59 91 8 97
59 92 33 10
59 93 35 49
59 94 3 27
59 95 76 57
59 96 31 77
59 97 29 58
59 98 66 87
59 99 8 7
59 100 32 35
60 61 18 91
60 62 16 16
60 63 31 69
60 64 74 49
60 65 99 89
60 66 5 41
60 67 70 57
60 68 44 2
60 69 49 44
60 70 47 87
60 71 94 79
60 72 44 80
60 73 69 69
60 74 93 89
60 75 43 7
60 76 97 94
60 77 62 28
60 78 76 71
60 79 89 42
60 80 61 86
60 81 61 84
60 82 23 38
60 83 51 63
60 84 97 77
60 85 25 19
60 86 100 56
60 87 29 56
60 88 40 39
60 89 33 33
60 90 29 39
60 91 18 92
60 92 43 33
60 93 16 69
60 94 59 48
60 95 39 54
60 96 20 82
60 97 16 52
60 98 57 2
60 99 36 67
60 100 92 87
61 62 91 65
61 63 75 63
61 64 36 32
61 65 48 66
61 66 38 73
61 67 77 37
61 68 1 76
61 69 51 80
61 70 31 15
61 71 62 69
61 72 31 61
61 73 31 4
61 74 96 32
61 75 84 31
61 76 69 44
61 77 58 100
61 78 19 78
61 79 99 41
61 80 21 90
61 81 63 41
61 82 3 71
61 83 82 12
61 84 68 94
61 85 29 93
61 86 80 17
61 87 49 15
61 88 92 72
61 89 65 60
61 90 15 32
61 91 1 31
61 92 77 32
61 93 81 96
61 94 14 81
61 95 16 44
61 96 85 25
61 97 86 28
61 98 2 20
61 99 86 22
61 100 78 42
62 63 70 6
62 64 66 64
62 65 60 2
62 66 48 42
62 67 42 12
62 68 63 42
62 69 54 48
62 70 20 80
62 71 90 30
62 72 47 55
62 73 5 70
62 74 42 45
62 75 39 16
62 76 20 77
62 77 3 81
62 78 72 86
62 79 11 92
62 80 31 22
62 81 79 74
62 82 43 70
62 83 3 53
62 84 20 65
62 85 49 79
62 86 36 99
62 87 87 21
62 88 64 59
62 89 44 64
62 90 28 27
62 91 45 8
62 92 89 68
62 93 74 70
62 94 20 67
62 95 16 16
62 96 18 81
62 97 19 44
62 98 91 5
62 99 88 100
62 100 87 1
63 64 89 44
63 65 98 35
63 66 3 88
63 67 68 61
63 68 25 11
63 69 65 74
63 70 79 86
63 71 92 68
63 72 35 64
63 73 34 5
63 74 21 35
63 75 50 47
63 76 47 86
63 77 17 87
63 78 61 33
63 79 46 37
63 80 84 5
63 81 52 13
63 82 33 100
63 83 50 70
63 84 79 83
63 85 14 37
63 86 78 71
63 87 39 27
63 88 57 50
63 89 67 75
63 90 33 57
63 91 3 29
63 92 42 98
63 93 86 46
63 94 61 52
63 95 33 60
63 96 56 71
63 97 72 45
63 98 34 30
63 99 73 12
63 100 64 19
64 65 37 36
64 66 90 65
64 67 14 2
64 68 1 63
64 69 58 30
64 70 30 14
64 71 70 6
64 72 35 34
64 73 80 60
64 74 61 83
64 75 51 11
64 76 42 9
64 77 28 12
64 78 64 60
64 79 26 93
64 80 8 33
64 81 80 71
64 82 55 33
64 83 85 32
64 84 46 40
64 85 25 22
64 86 61 30
64 87 34 73
64 88 85 76
64 89 27 36
64 90 89 90
64 91 24 34
64 92 25 90
64 93 87 79
64 94 29 54
64 95 58 10
64 96 78 91
64 97 16 4
64 98 49 19
64 99 59 78
64 100 21 90
65 66 45 79
65 67 67 5
65 68 72 60
65 69 40 26
65 70 56 75
65 71 13 29
65 72 42 100
65 73 37 88
65 74 26 21
65 75 94 15
65 76 28 10
65 77 76 45
65 78 33 77
65 79 14 76
65 80 70 6
65 81 1 20
65 82 84 8
65 83 30 57
65 84 48 23
65 85 20 72
65 86 37 75
65 87 61 42
65 88 30 28
65 89 96 55
65 90 27 84
65 91 49 28
65 92 72 66
65 93 4 42
65 94 34 88
65 95 23 59
65 96 5 33
65 97 56 52
65 98 26 20
65 99 38 69
65 100 46 6
66 67 60 29
66 68 29 47
66 69 36 92
66 70 70 39
66 71 2 47
66 72 50 37
66 73 12 8
66 74 81 47
66 75 8 73
66 76 29 3
66 77 62 2
66 78 10 61
66 79 3 53
66 80 96 38
66 81 32 6
66 82 91 3
66 83 9 33
66 84 5 24
66 85 99 85
66 86 78 25
66 87 19 10
66 88 92 37
66 89 70 82
66 90 76 55
66 91 1 21
66 92 16 16
66 93 57 61
66 94 28 50
66 95 100 61
66 96 27 40
66 97 99 4
66 98 66 8
66 99 99 28
66 100 21 7
67 68 62 91
67 69 73 40
67 70 82 2
67 71 41 49
67 72 91 79
67 73 14 51
67 74 97 14
67 75 2 38
67 76 72 94
67 77 19 55
67 78 76 78
67 79 89 92
67 80 36 74
67 81 98 59
67 82 87 28
67 83 91 83
67 84 24 97
67 85 73 63
67 86 8 21
67 87 11 14
67 88 92 96
67 89 15 30
67 90 84 87
67 91 49 13
67 92 90 7
67 93 1 15
67 94 4 45
67 95 16 49
67 96 18 70
67 97 71 98
67 98 79 83
67 99 2 2
67 100 54 56
68 69 70 94
68 70 77 69
68 71 14 8
68 72 81 20
68 73 78 29
68 74 51 74
68 75 16 5
68 76 42 71
68 77 29 95
68 78 50 35
68 79 49 31
68 80 23 6
68 81 49 92
68 82 55 14
68 83 58 21
68 84 88 85
68 85 32 35
68 86 20 1
68 87 51 50
68 88 3 9
68 89 12 17
68 90 6 64
68 91 90 98
68 92 3 43
68 93 68 30
68 94 82 79
68 95 97 58
68 96 50 45
68 97 44 38
68 98 25 80
68 99 54 96
68 100 1 41
69 70 25 39
69 71 70 57
69 72 91 46
69 73 98 72
69 74 37 95
69 75 55 40
69 76 65 39
69 77 17 50
69 78 60 42
69 79 67 15
69 80 98 38
69 81 47 44
69 82 48 82
69 83 43 10
69 84 93 73
69 85 50 1
69 86 78 77
69 87 49 28
69 88 4 21
69 89 85 35
69 90 89 6
69 91 80 42
69 92 48 77
69 93 30 77
69 94 79 79
69 95 72 7
69 96 75 36
69 97 20 27
69 98 34 60
69 99 8 71
69 100 19 34
70 71 94 87
70 72 98 94
70 73 74 91
70 74 33 41
70 75 10 14
70 76 79 7
70 77 14 43
70 78 43 72
70 79 31 91
70 80 39 25
70 81 40 76
70 82 16 6
70 83 81 27
70 84 10 41
70 85 25 88
70 86 64 56
70 87 86 8
70 88 46 3
70 89 2 40
70 90 71 61
70 91 80 51
70 92 65 99
70 93 7 76
70 94 5 33
70 95 32 16
70 96 63 2
70 97 40 24
70 98 56 74
70 99 41 86
70 100 87 47
71 72 61 78
71 73 69 38
71 74 66 66
71 75 25 97
71 76 38 93
71 77 76 86
71 78 23 53
71 79 6 32
71 80 25 91
71 81 2 89
71 82 97 51
71 83 72 57
71 84 16 93
71 85 10 97
71 86 91 7
71 87 9 14
71 88 68 15
71 89 42 64
71 90 68 98
71 91 57 55
71 92 69 62
71 93 11 96
71 94 18 79
71 95 70 95
71 96 99 8
71 97 2 82
71 98 27 92
71 99 61 87
71 100 53 90
72 73 10 40
72 74 11 81
72 75 66 13
72 76 2 17
72 77 15 53
72 78 61 4
72 79 68 13
72 80 55 64
72 81 91 23
72 82 42 12
72 83 5 77
72 84 47 94
72 85 4 54
72 86 63 2
72 87 22 10
72 88 64 24
72 89 96 65
72 90 4 52
72 91 59 18
72 92 86 91
72 93 68 13
72 94 11 89
72 95 17 45
72 96 22 71
72 97 17 19
72 98 45 64
72 99 46 100
72 100 94 71
73 74 12 66
73 75 38 23
73 76 100 70
73 77 75 85
73 78 95 44
73 79 69 87
73 80 13 94
73 81 72 77
73 82 33 9
73 83 72 45
73 84 58 16
73 85 26 87
73 86 10 32
73 87 38 69
73 88 32 12
73 89 30 92
73 90 65 95
73 91 74 11
73 92 49 77
73 93 97 82
73 94 67 30
73 95 69 33
73 96 75 89
73 97 3 68
73 98 61 59
73 99 4 52
73 100 82 68
74 75 3 77
74 76 17 2
74 77 27 9
74 78 25 64
74 79 38 51
74 80 68 2
74 81 59 46
74 82 49 35
74 83 96 37
74 84 52 16
74 85 49 98
74 86 68 71
74 87 71 17
74 88 78 83
74 89 35 30
74 90 99 62
74 91 2 34
74 92 42 84
74 93 39 98
74 94 98 34
74 95 15 20
74 96 99 81
74 97 3 1
74 98 94 81
74 99 63 90
74 100 3 89
75 76 73 81
75 77 53 59
75 78 70 57
75 79 9 64
75 80 11 28
75 81 63 80
75 82 83 24
75 83 32 25
75 84 89 41
75 85 10 18
75 86 91 79
75 87 33 29
75 88 70 91
75 89 91 76
75 90 26 63
75 91 98 64
75 92 19 51
75 93 2 33
75 94 72 80
75 95 97 94
75 96 7 69
75 97 62 47
75 98 57 55
75 99 16 8
75 100 32 57
76 77 87 65
76 78 47 87
76 79 83 34
76 80 48 68
76 81 57 60
76 82 100 10
76 83 13 18
76 84 93 60
76 85 6 29
76 86 46 76
76 87 18 73
76 88 23 68
76 89 36 58
76 90 30 79
76 91 20 89
76 92 9 7
76 93 11 39
76 94 32 29
76 95 49 56
76 96 89 36
76 97 88 41
76 98 78 74
76 99 50 34
76 100 37 28
77 78 10 45
77 79 30 44
77 80 100 21
77 81 85 37
77 82 37 51
77 83 84 68
77 84 46 79
77 85 77 79
77 86 75 13
77 87 95 67
77 88 4 56
77 89 28 44
77 90 3 77
77 91 6 51
77 92 77 47
77 93 29 49
77 94 3 26
77 95 99 60
77 96 77 85
77 97 32 11
77 98 25 88
77 99 68 33
77 100 67 30
78 79 91 40
78 80 58 63
78 81 9 27
78 82 50 61
78 83 19 38
78 84 3 8
78 85 39 88
78 86 14 13
78 87 68 91
78 88 90 3
78 89 24 47
78 90 59 74
78 91 46 70
78 92 11 86
78 93 24 18
78 94 8 78
78 95 67 15
78 96 60 93
78 97 65 29
78 98 43 1
78 99 62 11
78 100 12 82
79 80 76 69
79 81 71 73
79 82 27 83
79 83 68 19
79 84 24 12
79 85 5 15
79 86 93 1
79 87 47 55
79 88 4 1
79 89 73 75
79 90 22 38
79 91 29 19
79 92 98 60
79 93 39 57
79 94 66 8
79 95 52 53
79 96 56 34
79 97 41 4
79 98 56 72
79 99 35 14
79 100 51 67
80 81 36 86
80 82 4 76
80 83 6 28
80 84 8 12
80 85 48 97
80 86 45 20
80 87 10 30
80 88 54 53
80 89 76 20
80 90 70 11
80 91 32 7
80 92 4 94
80 93 59 27
80 94 17 8
80 95 52 59
80 96 16 89
80 97 64 96
80 98 14 1
80 99 75 85
80 100 47 57
81 82 33 93
81 83 30 25
81 84 55 80
81 85 36 34
81 86 70 18
81 87 6 51
81 88 45 75
81 89 7 26
81 90 61 24
81 91 6 20
81 92 46 60
81 93 75 74
81 94 2 2
81 95 24 7
81 96 23 11
81 97 48 72
81 98 52 35
81 99 72 93
81 100 98 26
82 83 15 7
82 84 71 85
82 85 81 48
82 86 40 78
82 87 19 48
82 88 1 17
82 89 91 20
82 90 32 5
82 91 47 99
82 92 42 34
82 93 16 89
82 94 38 22
82 95 26 68
82 96 3 13
82 97 31 23
82 98 33 7
82 99 48 49
82 100 3 99
83 84 55 27
83 85 18 97
83 86 78 99
83 87 40 32
83 88 15 23
83 89 80 38
83 90 59 74
83 91 40 87
83 92 88 36
83 93 53 70
83 94 24 71
83 95 73 52
83 96 3 34
83 97 65 58
83 98 83 96
83 99 35 24
83 100 38 63
84 85 63 49
84 86 52 48
84 87 62 54
84 88 7 60
84 89 84 64
84 90 87 18
84 91 27 10
84 92 58 2
84 93 28 66
84 94 41 97
84 95 93 61
84 96 44 51
84 97 41 69
84 98 47 51
84 99 80 76
84 100 24 77
85 86 11 52
85 87 94 25
85 88 26 60
85 89 24 19
85 90 45 7
85 91 20 93
85 92 5 75
85 93 56 6
85 94 30 27
85 95 67 84
85 96 90 5
85 97 66 27
85 98 21 96
85 99 61 95
85 100 8 66
86 87 15 63
86 88 94 5
86 89 62 74
86 90 41 33
86 91 94 40
86 92 65 80
86 93 86 73
86 94 73 41
86 95 19 38
86 96 28 50
86 97 18 65
86 98 100 36
86 99 30 85
86 100 23 67
87 88 39 22
87 89 64 22
87 90 93 74
87 91 39 23
87 92 45 49
87 93 21 43
87 94 88 30
87 95 64 88
87 96 52 15
87 97 42 41
87 98 62 25
87 99 80 90
87 100 18 60
88 89 93 99
88 90 62 32
88 91 55 83
88 92 33 6
88 93 6 32
88 94 10 34
88 95 100 40
88 96 58 40
88 97 42 4
88 98 24 91
88 99 89 56
88 100 30 84
89 90 99 29
89 91 9 10
89 92 57 31
89 93 74 88
89 94 89 93
89 95 20 48
89 96 14 22
89 97 51 13
89 98 87 54
89 99 60 32
89 100 14 100
90 91 14 23
90 92 52 26
90 93 64 61
90 94 54 89
90 95 92 100
90 96 89 34
90 97 56 63
90 98 66 9
90 99 59 77
90 100 46 40
91 92 73 47
91 93 17 50
91 94 88 85
91 95 100 89
91 96 79 65
91 97 9 92
91 98 56 9
91 99 3 96
91 100 18 72
92 93 52 11
92 94 64 27
92 95 62 62
92 96 91 20
92 97 70 10
92 98 64 84
92 99 8 67
92 100 68 7
93 94 87 98
93 95 13 36
93 96 27 37
93 97 17 97
93 98 85 3
93 99 7 24
93 100 80 72
94 95 10 37
94 96 30 91
94 97 77 28
94 98 16 14
94 99 60 77
94 100 38 50
95 96 62 77
95 97 98 90
95 98 68 63
95 99 32 92
95 100 73 12
96 97 15 62
96 98 18 38
96 99 35 89
96 100 77 13
97 98 78 79
97 99 76 77
97 100 80 22
98 99 30 44
98 100 64 10
99 100 63 53