100
20
5
13
98
78
10
48
50
12
61
51
20
25
4
7
18
6
60
22
75
46
81
86
1 2 47 97
1 3 8 88
1 4 5 60
1 5 31 18
1 6 1 23
1 7 59 19
1 8 4 89
1 9 26 88
1 10 47 97
1 11 58 16
1 12 69 41
1 13 82 75
1 14 32 36
1 15 13 58
1 16 85 44
1 17 42 42
1 18 9 41
1 19 75 52
1 20 66 1
1 21 76 21
1 22 41 9
1 23 32 93
1 24 97 66
1 25 49 90
1 26 99 57
1 27 23 43
1 28 100 89
1 29 38 47
1 30 12 13
1 31 54 55
1 32 68 88
1 33 56 33
1 34 31 19
1 35 66 63
1 36 17 1
1 37 15 51
1 38 89 43
1 39 44 85
1 40 58 33
1 41 23 68
1 42 93 35
1 43 61 100
1 44 58 73
1 45 81 79
1 46 96 29
1 47 2 69
1 48 62 67
1 49 94 40
1 50 69 14
1 51 59 84
1 52 38 9
1 53 15 8
1 54 22 21
1 55 59 9
1 56 81 90
1 57 53 86
1 58 19 61
1 59 87 52
1 60 74 95
1 61 15 28
1 62 40 6
1 63 51 83
1 64 31 2
1 65 5 5
1 66 24 74
1 67 53 91
1 68 57 2
1 69 79 23
1 70 20 14
1 71 56 33
1 72 65 59
1 73 41 81
1 74 6 47
1 75 30 41
1 76 4 15
1 77 51 58
1 78 41 83
1 79 83 98
1 80 38 45
1 81 78 96
1 82 87 76
1 83 88 12
1 84 35 66
1 85 55 42
1 86 56 9
1 87 4 94
1 88 65 95
1 89 33 86
1 90 15 18
1 91 85 2
1 92 40 15
1 93 13 86
1 94 47 2
1 95 13 13
1 96 21 88
1 97 68 25
1 98 56 94
1 99 28 48
1 100 68 60
2 3 76 19
2 4 1 59
2 5 3 25
2 6 4 44
2 7 94 67
2 8 81 57
2 9 68 36
2 10 41 22
2 11 47 62
2 12 51 81
2 13 20 87
2 14 48 63
2 15 56 100
2 16 34 89
2 17 58 89
2 18 52 90
2 19 93 28
2 20 12 95
2 21 20 27
2 22 66 83
2 23 80 87
2 24 85 44
2 25 10 8
2 26 11 5
2 27 39 26
2 28 64 3
2 29 40 85
2 30 58 48
2 31 27 95
2 32 35 55
2 33 40 69
2 34 36 65
2 35 15 75
2 36 61 18
2 37 19 1
2 38 55 24
2 39 13 39
2 40 15 81
2 41 100 16
2 42 15 69
2 43 99 74
2 44 85 36
2 45 78 31
2 46 28 38
2 47 22 36
2 48 76 10
2 49 78 86
2 50 14 71
2 51 44 19
2 52 50 47
2 53 79 96
2 54 93 98
2 55 72 73
2 56 31 39
2 57 36 32
2 58 57 82
2 59 3 27
2 60 56 75
2 61 80 41
2 62 9 68
2 63 24 58
2 64 98 2
2 65 77 11
2 66 95 69
2 67 99 100
2 68 69 24
2 69 12 37
2 70 83 47
2 71 32 51
2 72 65 23
2 73 70 6
2 74 7 18
2 75 81 13
2 76 3 82
2 77 96 33
2 78 61 23
2 79 99 76
2 80 46 85
2 81 46 69
2 82 89 73
2 83 66 11
2 84 34 46
2 85 81 32
2 86 10 79
2 87 3 38
2 88 71 28
2 89 98 52
2 90 45 98
2 91 20 69
2 92 33 67
2 93 93 42
2 94 35 78
2 95 16 74
2 96 58 52
2 97 40 2
2 98 74 45
2 99 49 96
2 100 10 16
3 4 88 40
3 5 10 68
3 6 87 73
3 7 19 20
3 8 32 52
3 9 15 81
3 10 65 42
3 11 55 77
3 12 91 22
3 13 10 98
3 14 19 9
3 15 32 62
3 16 31 43
3 17 83 76
3 18 68 71
3 19 7 64
3 20 69 28
3 21 4 45
3 22 24 32
3 23 65 65
3 24 17 11
3 25 82 62
3 26 70 31
3 27 19 26
3 28 70 96
3 29 38 76
3 30 13 80
3 31 33 66
3 32 71 64
3 33 42 90
3 34 78 66
3 35 63 96
3 36 17 16
3 37 44 87
3 38 4 58
3 39 60 83
3 40 62 96
3 41 70 14
3 42 79 41
3 43 51 17
3 44 79 28
3 45 53 63
3 46 7 57
3 47 23 82
3 48 7 24
3 49 35 43
3 50 12 53
3 51 4 6
3 52 67 21
3 53 68 47
3 54 9 25
3 55 3 32
3 56 34 61
3 57 38 84
3 58 5 74
3 59 13 70
3 60 64 70
3 61 12 54
3 62 36 67
3 63 90 63
3 64 3 27
3 65 28 53
3 66 32 77
3 67 86 81
3 68 84 17
3 69 4 93
3 70 47 16
3 71 36 26
3 72 3 97
3 73 87 95
3 74 100 69
3 75 75 51
3 76 57 65
3 77 39 99
3 78 63 84
3 79 33 84
3 80 28 100
3 81 68 13
3 82 12 61
3 83 43 82
3 84 52 60
3 85 92 52
3 86 94 75
3 87 46 22
3 88 6 58
3 89 27 45
3 90 76 39
3 91 95 33
3 92 72 22
3 93 49 33
3 94 79 92
3 95 79 62
3 96 82 32
3 97 29 82
3 98 85 31
3 99 90 33
3 100 73 46
4 5 7 63
4 6 24 69
4 7 38 85
4 8 19 15
4 9 45 1
4 10 33 90
4 11 15 98
4 12 92 23
4 13 77 96
4 14 11 46
4 15 2 30
4 16 29 88
4 17 17 70
4 18 13 31
4 19 34 81
4 20 4 78
4 21 46 12
4 22 59 56
4 23 70 5
4 24 27 39
4 25 41 3
4 26 17 61
4 27 51 61
4 28 81 11
4 29 93 42
4 30 52 98
4 31 6 81
4 32 82 37
4 33 30 38
4 34 98 3
4 35 48 63
4 36 29 94
4 37 5 11
4 38 57 76
4 39 84 60
4 40 93 5
4 41 66 35
4 42 97 25
4 43 18 1
4 44 52 34
4 45 45 35
4 46 16 70
4 47 6 32
4 48 36 45
4 49 22 89
4 50 79 8
4 51 4 5
4 52 61 19
4 53 14 81
4 54 62 65
4 55 37 12
4 56 39 17
4 57 54 100
4 58 84 25
4 59 68 53
4 60 48 97
4 61 87 55
4 62 30 55
4 63 52 23
4 64 3 16
4 65 47 70
4 66 72 36
4 67 34 43
4 68 49 85
4 69 94 27
4 70 95 19
4 71 23 54
4 72 72 79
4 73 2 97
4 74 42 47
4 75 14 73
4 76 28 14
4 77 66 48
4 78 59 72
4 79 57 67
4 80 61 66
4 81 79 47
4 82 95 58
4 83 73 11
4 84 58 63
4 85 59 46
4 86 85 44
4 87 83 72
4 88 2 98
4 89 92 6
4 90 29 75
4 91 39 46
4 92 53 63
4 93 32 59
4 94 23 99
4 95 73 52
4 96 62 77
4 97 5 90
4 98 26 91
4 99 64 1
4 100 56 40
5 6 64 92
5 7 97 58
5 8 35 2
5 9 7 5
5 10 33 80
5 11 9 43
5 12 98 39
5 13 67 82
5 14 16 91
5 15 66 23
5 16 4 50
5 17 77 29
5 18 32 84
5 19 81 69
5 20 61 44
5 21 34 93
5 22 98 33
5 23 55 86
5 24 90 85
5 25 9 51
5 26 79 15
5 27 60 78
5 28 41 89
5 29 52 64
5 30 58 42
5 31 64 22
5 32 58 23
5 33 67 77
5 34 10 40
5 35 41 46
5 36 27 52
5 37 57 8
5 38 59 95
5 39 98 74
5 40 69 80
5 41 20 85
5 42 17 97
5 43 29 25
5 44 43 47
5 45 26 71
5 46 18 92
5 47 26 52
5 48 51 56
5 49 27 84
5 50 46 5
5 51 8 17
5 52 53 58
5 53 51 71
5 54 21 31
5 55 99 4
5 56 68 12
5 57 50 57
5 58 100 71
5 59 27 61
5 60 76 5
5 61 69 13
5 62 45 80
5 63 87 59
5 64 38 8
5 65 21 6
5 66 24 63
5 67 10 85
5 68 1 44
5 69 22 57
5 70 8 84
5 71 62 59
5 72 8 73
5 73 100 34
5 74 42 79
5 75 35 90
5 76 46 67
5 77 13 34
5 78 43 10
5 79 73 91
5 80 74 89
5 81 88 11
5 82 24 63
5 83 75 21
5 84 38 17
5 85 9 34
5 86 89 71
5 87 43 2
5 88 94 39
5 89 71 77
5 90 100 73
5 91 38 23
5 92 82 16
5 93 35 57
5 94 20 64
5 95 22 70
5 96 74 47
5 97 32 68
5 98 41 13
5 99 45 19
5 100 86 97
6 7 39 99
6 8 95 22
6 9 24 50
6 10 16 42
6 11 94 62
6 12 52 13
6 13 58 29
6 14 40 84
6 15 85 57
6 16 98 46
6 17 73 33
6 18 74 38
6 19 23 17
6 20 35 21
6 21 29 38
6 22 78 42
6 23 66 91
6 24 15 34
6 25 92 60
6 26 48 12
6 27 58 54
6 28 80 4
6 29 57 88
6 30 49 4
6 31 100 92
6 32 32 71
6 33 96 56
6 34 17 51
6 35 90 10
6 36 73 48
6 37 74 5
6 38 63 71
6 39 64 95
6 40 67 61
6 41 17 47
6 42 66 22
6 43 42 42
6 44 38 66
6 45 2 77
6 46 66 100
6 47 46 63
6 48 96 33
6 49 85 88
6 50 52 49
6 51 99 32
6 52 48 25
6 53 75 6
6 54 46 35
6 55 34 84
6 56 14 90
6 57 48 36
6 58 69 24
6 59 14 14
6 60 11 19
6 61 9 19
6 62 43 52
6 63 71 87
6 64 53 15
6 65 43 55
6 66 62 75
6 67 23 68
6 68 77 6
6 69 88 41
6 70 48 38
6 71 76 54
6 72 22 16
6 73 65 23
6 74 86 25
6 75 63 15
6 76 64 50
6 77 62 67
6 78 64 48
6 79 97 100
6 80 67 76
6 81 10 95
6 82 16 100
6 83 33 52
6 84 40 18
6 85 72 3
6 86 49 57
6 87 25 28
6 88 92 50
6 89 51 8
6 90 57 55
6 91 73 34
6 92 36 9
6 93 33 21
6 94 90 84
6 95 50 74
6 96 94 49
6 97 23 29
6 98 3 45
6 99 14 25
6 100 26 84
7 8 4 52
7 9 17 58
7 10 56 3
7 11 58 63
7 12 93 28
7 13 82 83
7 14 37 24
7 15 39 52
7 16 61 26
7 17 39 56
7 18 51 4
7 19 49 51
7 20 93 77
7 21 1 86
7 22 13 59
7 23 33 88
7 24 31 77
7 25 99 29
7 26 39 59
7 27 79 73
7 28 14 84
7 29 51 62
7 30 32 15
7 31 40 93
7 32 46 21
7 33 84 98
7 34 93 85
7 35 83 13
7 36 24 95
7 37 14 69
7 38 94 24
7 39 64 95
7 40 62 55
7 41 38 3
7 42 26 33
7 43 96 52
7 44 36 52
7 45 99 46
7 46 57 38
7 47 69 46
7 48 21 47
7 49 28 1
7 50 30 39
7 51 52 19
7 52 13 77
7 53 49 85
7 54 75 65
7 55 95 42
7 56 98 47
7 57 71 52
7 58 37 10
7 59 47 81
7 60 98 97
7 61 8 29
7 62 92 93
7 63 30 31
7 64 26 42
7 65 19 30
7 66 56 53
7 67 40 23
7 68 32 28
7 69 93 71
7 70 33 8
7 71 49 73
7 72 47 7
7 73 14 34
7 74 85 32
7 75 88 23
7 76 6 79
7 77 77 72
7 78 82 6
7 79 90 85
7 80 76 58
7 81 56 96
7 82 91 6
7 83 62 85
7 84 91 61
7 85 75 71
7 86 9 9
7 87 25 43
7 88 63 92
7 89 43 70
7 90 44 84
7 91 1 93
7 92 30 60
7 93 88 20
7 94 45 21
7 95 36 24
7 96 75 64
7 97 55 82
7 98 11 42
7 99 16 47
7 100 87 20
8 9 91 20
8 10 96 1
8 11 47 86
8 12 63 24
8 13 66 76
8 14 29 63
8 15 62 92
8 16 79 71
8 17 69 17
8 18 33 17
8 19 69 4
8 20 38 52
8 21 90 41
8 22 80 69
8 23 4 56
8 24 19 14
8 25 3 6
8 26 7 17
8 27 42 11
8 28 51 28
8 29 70 18
8 30 3 51
8 31 61 56
8 32 57 29
8 33 72 93
8 34 52 72
8 35 94 28
8 36 49 35
8 37 64 76
8 38 1 75
8 39 74 20
8 40 100 83
8 41 36 19
8 42 27 44
8 43 21 21
8 44 21 60
8 45 4 40
8 46 43 57
8 47 87 36
8 48 73 94
8 49 98 49
8 50 85 62
8 51 56 100
8 52 38 74
8 53 18 52
8 54 81 39
8 55 27 98
8 56 1 12
8 57 34 33
8 58 59 76
8 59 65 1
8 60 50 13
8 61 43 21
8 62 55 69
8 63 100 5
8 64 34 57
8 65 100 88
8 66 43 16
8 67 23 54
8 68 69 85
8 69 55 11
8 70 72 53
8 71 9 40
8 72 79 26
8 73 11 43
8 74 87 90
8 75 57 32
8 76 66 94
8 77 66 84
8 78 30 12
8 79 95 41
8 80 20 86
8 81 76 12
8 82 98 33
8 83 43 20
8 84 4 97
8 85 72 91
8 86 82 75
8 87 25 68
8 88 38 81
8 89 57 50
8 90 41 23
8 91 61 19
8 92 6 63
8 93 53 80
8 94 88 26
8 95 33 40
8 96 30 82
8 97 70 22
8 98 70 63
8 99 18 96
8 100 55 38
9 10 49 90
9 11 34 13
9 12 97 90
9 13 25 45
9 14 95 60
9 15 21 9
9 16 66 7
9 17 58 41
9 18 9 29
9 19 76 3
9 20 29 7
9 21 80 3
9 22 16 60
9 23 10 38
9 24 10 79
9 25 12 22
9 26 80 93
9 27 1 44
9 28 38 83
9 29 41 41
9 30 23 83
9 31 63 84
9 32 28 84
9 33 37 90
9 34 15 70
9 35 94 11
9 36 72 38
9 37 87 17
9 38 61 22
9 39 83 88
9 40 82 6
9 41 67 25
9 42 88 43
9 43 71 33
9 44 69 87
9 45 20 28
9 46 77 8
9 47 84 30
9 48 83 30
9 49 100 56
9 50 19 30
9 51 58 98
9 52 23 21
9 53 38 39
9 54 48 65
9 55 56 7
9 56 44 8
9 57 58 72
9 58 94 43
9 59 6 49
9 60 80 89
9 61 8 60
9 62 75 4
9 63 8 30
9 64 86 49
9 65 12 19
9 66 16 89
9 67 3 72
9 68 13 22
9 69 50 73
9 70 68 6
9 71 16 28
9 72 95 22
9 73 52 69
9 74 2 62
9 75 3 69
9 76 23 89
9 77 36 87
9 78 21 16
9 79 1 45
9 80 18 63
9 81 93 12
9 82 83 13
9 83 70 3
9 84 65 19
9 85 100 92
9 86 45 81
9 87 29 34
9 88 72 28
9 89 96 12
9 90 81 58
9 91 84 4
9 92 30 75
9 93 14 16
9 94 25 74
9 95 90 79
9 96 47 15
9 97 52 84
9 98 67 84
9 99 65 43
9 100 7 82
10 11 70 65
10 12 78 8
10 13 11 22
10 14 1 73
10 15 44 5
10 16 76 89
10 17 100 34
10 18 51 11
10 19 69 30
10 20 91 84
10 21 88 85
10 22 71 50
10 23 8 50
10 24 28 46
10 25 95 5
10 26 14 63
10 27 11 40
10 28 33 49
10 29 77 13
10 30 59 1
10 31 78 5
10 32 5 67
10 33 3 55
10 34 29 41
10 35 21 17
10 36 31 41
10 37 48 66
10 38 43 90
10 39 53 79
10 40 69 54
10 41 54 86
10 42 73 92
10 43 27 93
10 44 57 32
10 45 19 75
10 46 84 96
10 47 60 2
10 48 11 19
10 49 28 66
10 50 73 20
10 51 30 97
10 52 79 88
10 53 69 49
10 54 28 86
10 55 42 52
10 56 7 43
10 57 60 26
10 58 69 52
10 59 5 41
10 60 93 58
10 61 33 97
10 62 78 46
10 63 8 27
10 64 30 82
10 65 3 48
10 66 45 8
10 67 54 20
10 68 86 67
10 69 51 31
10 70 51 57
10 71 43 60
10 72 86 26
10 73 26 48
10 74 70 8
10 75 64 47
10 76 36 61
10 77 61 47
10 78 56 24
10 79 54 1
10 80 82 62
10 81 58 22
10 82 34 41
10 83 25 65
10 84 84 36
10 85 29 90
10 86 92 71
10 87 55 52
10 88 79 3
10 89 69 98
10 90 2 14
10 91 31 98
10 92 42 23
10 93 12 35
10 94 24 14
10 95 88 12
10 96 71 20
10 97 57 26
10 98 54 66
10 99 53 20
10 100 96 85
11 12 86 73
11 13 76 59
11 14 12 5
11 15 61 1
11 16 44 48
11 17 96 44
11 18 3 20
11 19 59 83
11 20 91 41
11 21 68 7
11 22 41 24
11 23 47 66
11 24 3 4
11 25 99 55
11 26 56 40
11 27 60 8
11 28 13 35
11 29 67 17
11 30 24 76
11 31 97 17
11 32 29 25
11 33 92 19
11 34 57 18
11 35 84 25
11 36 60 80
11 37 96 70
11 38 86 32
11 39 42 34
11 40 7 74
11 41 17 96
11 42 20 6
11 43 64 85
11 44 4 72
11 45 63 33
11 46 77 51
11 47 63 29
11 48 92 30
11 49 24 46
11 50 63 7
11 51 6 52
11 52 16 2
11 53 20 9
11 54 41 98
11 55 30 25
11 56 12 43
11 57 64 88
11 58 3 28
11 59 31 22
11 60 57 34
11 61 98 63
11 62 45 87
11 63 46 93
11 64 48 88
11 65 41 72
11 66 65 14
11 67 36 32
11 68 85 16
11 69 66 96
11 70 60 28
11 71 67 78
11 72 30 53
11 73 38 59
11 74 7 70
11 75 5 90
11 76 52 17
11 77 99 80
11 78 77 59
11 79 72 48
11 80 47 9
11 81 91 27
11 82 38 52
11 83 52 32
11 84 8 22
11 85 23 85
11 86 15 40
11 87 100 19
11 88 81 35
11 89 34 57
11 90 78 97
11 91 10 59
11 92 28 73
11 93 40 61
11 94 90 43
11 95 83 25
11 96 25 76
11 97 26 44
11 98 70 72
11 99 41 7
11 100 57 52
12 13 12 10
12 14 53 19
12 15 25 75
12 16 56 85
12 17 6 71
12 18 49 4
12 19 5 23
12 20 27 67
12 21 33 91
12 22 54 35
12 23 27 38
12 24 85 94
12 25 44 26
12 26 94 92
12 27 60 77
12 28 55 2
12 29 77 95
12 30 66 8
12 31 80 74
12 32 84 69
12 33 87 70
12 34 58 1
12 35 76 41
12 36 35 18
12 37 99 56
12 38 94 85
12 39 68 20
12 40 90 16
12 41 33 38
12 42 34 68
12 43 29 50
12 44 11 67
12 45 50 85
12 46 27 19
12 47 47 12
12 48 59 44
12 49 44 32
12 50 45 27
12 51 71 51
12 52 76 14
12 53 57 42
12 54 43 45
12 55 9 72
12 56 60 75
12 57 100 90
12 58 81 32
12 59 32 58
12 60 40 62
12 61 11 52
12 62 31 84
12 63 95 32
12 64 32 99
12 65 35 63
12 66 46 78
12 67 100 33
12 68 76 78
12 69 33 7
12 70 37 92
12 71 85 41
12 72 71 19
12 73 19 79
12 74 70 49
12 75 17 43
12 76 60 2
12 77 49 91
12 78 47 8
12 79 84 87
12 80 89 66
12 81 52 29
12 82 23 27
12 83 33 64
12 84 90 71
12 85 42 17
12 86 31 97
12 87 51 20
12 88 93 44
12 89 40 53
12 90 3 11
12 91 97 60
12 92 24 99
12 93 23 14
12 94 69 74
12 95 63 50
12 96 60 84
12 97 96 80
12 98 10 55
12 99 65 8
12 100 2 86
13 14 34 18
13 15 77 82
13 16 19 10
13 17 60 8
13 18 17 20
13 19 47 6
13 20 63 84
13 21 79 9
13 22 52 27
13 23 12 88
13 24 30 94
13 25 24 10
13 26 65 2
13 27 78 43
13 28 96 88
13 29 40 66
13 30 36 56
13 31 10 99
13 32 35 77
13 33 39 75
13 34 27 38
13 35 100 50
13 36 76 100
13 37 9 40
13 38 17 18
13 39 19 64
13 40 70 60
13 41 47 21
13 42 1 18
13 43 47 68
13 44 91 98
13 45 67 64
13 46 59 61
13 47 40 87
13 48 3 62
13 49 60 74
13 50 54 92
13 51 1 75
13 52 42 79
13 53 58 57
13 54 94 15
13 55 73 26
13 56 17 31
13 57 71 38
13 58 40 77
13 59 50 23
13 60 95 17
13 61 5 20
13 62 80 100
13 63 8 74
13 64 56 83
13 65 47 62
13 66 41 56
13 67 60 34
13 68 65 73
13 69 13 47
13 70 95 84
13 71 4 86
13 72 6 19
13 73 44 92
13 74 90 26
13 75 53 54
13 76 56 81
13 77 92 49
13 78 34 35
13 79 98 98
13 80 51 44
13 81 2 71
13 82 15 91
13 83 96 25
13 84 37 23
13 85 49 76
13 86 87 95
13 87 13 7
13 88 48 88
13 89 43 97
13 90 27 18
13 91 26 36
13 92 59 40
13 93 74 48
13 94 39 77
13 95 12 97
13 96 100 8
13 97 1 57
13 98 81 71
13 99 46 93
13 100 42 83
14 15 3 12
14 16 36 54
14 17 85 69
14 18 59 72
14 19 68 14
14 20 49 6
14 21 25 28
14 22 37 18
14 23 25 16
14 24 76 9
14 25 56 29
14 26 36 8
14 27 75 22
14 28 58 87
14 29 21 62
14 30 39 76
14 31 16 1
14 32 29 63
14 33 23 56
14 34 99 92
14 35 37 73
14 36 15 9
14 37 22 80
14 38 49 80
14 39 31 21
14 40 75 31
14 41 17 93
14 42 63 72
14 43 1 97
14 44 80 37
14 45 88 11
14 46 49 48
14 47 13 22
14 48 35 11
14 49 50 45
14 50 57 19
14 51 14 12
14 52 8 26
14 53 34 22
14 54 64 73
14 55 37 74
14 56 29 36
14 57 75 63
14 58 83 34
14 59 21 34
14 60 20 62
14 61 62 7
14 62 12 24
14 63 43 54
14 64 69 73
14 65 78 24
14 66 83 68
14 67 64 87
14 68 32 19
14 69 18 11
14 70 85 58
14 71 96 14
14 72 80 38
14 73 60 26
14 74 71 15
14 75 22 13
14 76 51 87
14 77 66 82
14 78 83 43
14 79 3 89
14 80 36 76
14 81 44 37
14 82 26 32
14 83 65 41
14 84 69 27
14 85 21 43
14 86 49 32
14 87 68 60
14 88 40 32
14 89 87 12
14 90 62 99
14 91 14 3
14 92 86 50
14 93 69 45
14 94 2 38
14 95 34 34
14 96 12 29
14 97 67 72
14 98 74 50
14 99 73 48
14 100 64 94
15 16 89 99
15 17 4 68
15 18 69 59
15 19 95 77
15 20 48 46
15 21 43 33
15 22 51 79
15 23 87 90
15 24 62 95
15 25 38 5
15 26 18 27
15 27 55 12
15 28 46 57
15 29 81 39
15 30 78 27
15 31 36 40
15 32 32 72
15 33 38 24
15 34 54 72
15 35 3 20
15 36 67 48
15 37 40 73
15 38 49 68
15 39 4 74
15 40 32 49
15 41 53 67
15 42 19 88
15 43 65 70
15 44 22 30
15 45 74 77
15 46 84 53
15 47 77 42
15 48 100 64
15 49 99 69
15 50 28 15
15 51 58 18
15 52 83 11
15 53 10 64
15 54 93 70
15 55 100 16
15 56 37 11
15 57 90 77
15 58 65 21
15 59 49 55
15 60 85 44
15 61 51 35
15 62 75 10
15 63 22 19
15 64 43 37
15 65 7 1
15 66 40 61
15 67 81 54
15 68 19 43
15 69 42 74
15 70 53 79
15 71 93 88
15 72 5 21
15 73 34 31
15 74 34 22
15 75 90 83
15 76 13 73
15 77 74 91
15 78 98 35
15 79 93 97
15 80 12 72
15 81 1 24
15 82 43 100
15 83 15 57
15 84 84 67
15 85 23 37
15 86 98 42
15 87 64 31
15 88 19 80
15 89 47 28
15 90 71 35
15 91 80 5
15 92 33 24
15 93 27 77
15 94 16 25
15 95 96 19
15 96 73 73
15 97 26 12
15 98 46 26
15 99 97 38
15 100 15 41
16 17 23 30
16 18 96 98
16 19 93 13
16 20 72 91
16 21 81 45
16 22 12 77
16 23 78 23
16 24 28 19
16 25 59 17
16 26 19 48
16 27 74 97
16 28 56 98
16 29 64 39
16 30 2 39
16 31 52 31
16 32 15 15
16 33 55 48
16 34 81 87
16 35 43 51
16 36 49 55
16 37 32 46
16 38 9 30
16 39 19 71
16 40 11 67
16 41 90 86
16 42 34 18
16 43 73 89
16 44 23 67
16 45 48 38
16 46 22 58
16 47 68 62
16 48 32 18
16 49 31 71
16 50 89 85
16 51 10 70
16 52 87 73
16 53 44 73
16 54 2 80
16 55 16 16
16 56 85 33
16 57 18 47
16 58 58 60
16 59 84 27
16 60 18 89
16 61 64 41
16 62 94 86
16 63 28 14
16 64 73 65
16 65 40 17
16 66 71 2
16 67 5 17
16 68 17 10
16 69 3 46
16 70 5 21
16 71 28 81
16 72 58 62
16 73 12 29
16 74 5 100
16 75 1 57
16 76 84 31
16 77 23 33
16 78 11 13
16 79 76 5
16 80 6 33
16 81 38 66
16 82 51 97
16 83 30 67
16 84 22 33
16 85 59 11
16 86 65 69
16 87 93 63
16 88 61 12
16 89 23 76
16 90 95 48
16 91 66 27
16 92 3 57
16 93 83 33
16 94 34 99
16 95 90 13
16 96 58 31
16 97 11 99
16 98 75 79
16 99 69 43
16 100 16 59
17 18 34 85
17 19 54 58
17 20 38 23
17 21 42 20
17 22 25 42
17 23 41 2
17 24 9 75
17 25 59 57
17 26 43 56
17 27 94 92
17 28 45 21
17 29 66 24
17 30 75 98
17 31 23 83
17 32 88 87
17 33 22 35
17 34 49 29
17 35 46 45
17 36 49 86
17 37 26 96
17 38 100 78
17 39 63 18
17 40 66 96
17 41 3 100
17 42 6 82
17 43 72 11
17 44 61 22
17 45 89 100
17 46 6 2
17 47 33 56
17 48 65 1
17 49 47 74
17 50 58 36
17 51 51 97
17 52 23 88
17 53 44 9
17 54 49 24
17 55 94 80
17 56 77 75
17 57 96 31
17 58 31 67
17 59 30 53
17 60 13 80
17 61 14 24
17 62 40 91
17 63 84 75
17 64 65 13
17 65 62 12
17 66 51 51
17 67 88 90
17 68 17 21
17 69 12 52
17 70 70 52
17 71 13 80
17 72 50 50
17 73 3 87
17 74 21 1
17 75 47 34
17 76 1 68
17 77 64 78
17 78 58 87
17 79 31 13
17 80 91 37
17 81 83 50
17 82 91 44
17 83 66 66
17 84 79 76
17 85 74 25
17 86 45 67
17 87 8 16
17 88 14 77
17 89 4 95
17 90 92 80
17 91 32 52
17 92 67 3
17 93 7 99
17 94 64 1
17 95 83 30
17 96 52 32
17 97 1 5
17 98 12 70
17 99 41 52
17 100 95 20
18 19 51 80
18 20 40 27
18 21 28 53
18 22 8 45
18 23 18 95
18 24 26 23
18 25 25 38
18 26 57 65
18 27 73 68
18 28 84 21
18 29 50 70
18 30 36 50
18 31 13 98
18 32 91 77
18 33 75 45
18 34 62 85
18 35 31 34
18 36 66 18
18 37 95 44
18 38 84 83
18 39 73 63
18 40 86 76
18 41 62 21
18 42 85 81
18 43 61 2
18 44 18 63
18 45 34 96
18 46 78 73
18 47 35 67
18 48 39 76
18 49 96 26
18 50 61 81
18 51 84 81
18 52 26 19
18 53 57 98
18 54 70 47
18 55 33 37
18 56 2 88
18 57 55 73
18 58 20 15
18 59 49 70
18 60 37 43
18 61 6 77
18 62 17 35
18 63 83 82
18 64 77 56
18 65 4 99
18 66 72 76
18 67 39 52
18 68 36 52
18 69 24 16
18 70 2 26
18 71 69 24
18 72 91 7
18 73 75 34
18 74 16 43
18 75 38 25
18 76 12 4
18 77 46 60
18 78 1 70
18 79 25 1
18 80 42 36
18 81 8 36
18 82 41 63
18 83 13 2
18 84 83 94
18 85 87 76
18 86 66 36
18 87 91 77
18 88 90 61
18 89 72 57
18 90 52 62
18 91 20 64
18 92 7 19
18 93 65 47
18 94 75 13
18 95 69 68
18 96 71 72
18 97 69 91
18 98 10 76
18 99 88 44
18 100 70 86
19 20 34 13
19 21 62 92
19 22 96 23
19 23 26 12
19 24 28 65
19 25 62 63
19 26 70 28
19 27 73 14
19 28 70 76
19 29 21 10
19 30 90 16
19 31 79 66
19 32 17 84
19 33 18 17
19 34 90 40
19 35 94 6
19 36 61 48
19 37 78 27
19 38 85 69
19 39 53 49
19 40 52 95
19 41 52 86
19 42 91 100
19 43 12 44
19 44 18 75
19 45 61 52
19 46 91 42
19 47 66 36
19 48 3 46
19 49 74 49
19 50 17 5
19 51 45 29
19 52 6 87
19 53 33 26
19 54 31 15
19 55 48 23
19 56 38 52
19 57 34 7
19 58 85 22
19 59 61 54
19 60 48 41
19 61 34 6
19 62 96 74
19 63 70 40
19 64 42 29
19 65 91 95
19 66 90 30
19 67 78 40
19 68 48 63
19 69 69 4
19 70 91 17
19 71 88 47
19 72 2 34
19 73 61 97
19 74 78 52
19 75 91 15
19 76 4 88
19 77 71 85
19 78 97 80
19 79 31 97
19 80 27 62
19 81 43 84
19 82 97 15
19 83 1 47
19 84 77 16
19 85 15 16
19 86 16 9
19 87 6 97
19 88 88 85
19 89 56 57
19 90 93 8
19 91 93 84
19 92 82 45
19 93 95 21
19 94 96 66
19 95 94 38
19 96 88 14
19 97 94 61
19 98 29 3
19 99 79 15
19 100 37 51
20 21 93 91
20 22 32 36
20 23 35 17
20 24 95 31
20 25 2 3
20 26 59 98
20 27 24 83
20 28 74 41
20 29 55 8
20 30 28 53
20 31 30 44
20 32 4 21
20 33 49 2
20 34 89 20
20 35 46 97
20 36 84 42
20 37 36 24
20 38 54 95
20 39 2 42
20 40 40 34
20 41 3 32
20 42 45 21
20 43 97 19
20 44 87 20
20 45 25 91
20 46 17 99
20 47 85 56
20 48 16 28
20 49 57 17
20 50 66 13
20 51 77 100
20 52 10 33
20 53 11 60
20 54 96 26
20 55 95 58
20 56 33 1
20 57 21 19
20 58 75 5
20 59 25 6
20 60 14 69
20 61 56 32
20 62 62 43
20 63 67 36
20 64 38 61
20 65 20 27
20 66 61 79
20 67 2 66
20 68 47 38
20 69 52 73
20 70 71 4
20 71 84 4
20 72 53 39
20 73 65 95
20 74 45 27
20 75 99 90
20 76 74 86
20 77 80 1
20 78 22 48
20 79 99 21
20 80 74 82
20 81 3 70
20 82 31 57
20 83 66 30
20 84 68 74
20 85 62 84
20 86 14 8
20 87 88 21
20 88 39 27
20 89 13 67
20 90 18 3
20 91 25 68
20 92 93 39
20 93 67 35
20 94 26 37
20 95 37 73
20 96 7 11
20 97 99 73
20 98 93 73
20 99 29 98
20 100 8 61
21 22 39 67
21 23 76 83
21 24 80 65
21 25 80 25
21 26 3 9
21 27 44 95
21 28 78 82
21 29 15 2
21 30 11 87
21 31 36 17
21 32 100 21
21 33 90 97
21 34 17 61
21 35 81 73
21 36 43 36
21 37 71 72
21 38 81 66
21 39 11 95
21 40 26 48
21 41 59 94
21 42 49 69
21 43 96 49
21 44 52 99
21 45 58 63
21 46 22 60
21 47 18 67
21 48 21 74
21 49 62 21
21 50 7 20
21 51 33 65
21 52 69 51
21 53 57 37
21 54 42 29
21 55 88 90
21 56 94 71
21 57 59 90
21 58 97 65
21 59 9 85
21 60 47 19
21 61 64 27
21 62 58 54
21 63 93 63
21 64 78 21
21 65 29 98
21 66 41 97
21 67 82 47
21 68 94 11
21 69 7 83
21 70 47 39
21 71 85 41
21 72 41 68
21 73 58 42
21 74 100 42
21 75 31 56
21 76 81 7
21 77 5 32
21 78 74 17
21 79 48 15
21 80 56 48
21 81 14 42
21 82 95 63
21 83 31 95
21 84 18 62
21 85 32 49
21 86 82 88
21 87 29 88
21 88 76 65
21 89 56 99
21 90 42 87
21 91 6 93
21 92 84 14
21 93 38 57
21 94 82 66
21 95 100 71
21 96 34 57
21 97 92 34
21 98 40 92
21 99 71 67
21 100 21 47
22 23 30 34
22 24 65 28
22 25 85 56
22 26 72 38
22 27 14 51
22 28 11 20
22 29 36 53
22 30 71 41
22 31 83 59
22 32 64 52
22 33 14 20
22 34 41 12
22 35 7 35
22 36 50 61
22 37 71 27
22 38 56 40
22 39 71 30
22 40 29 18
22 41 57 98
22 42 15 23
22 43 60 61
22 44 29 40
22 45 36 46
22 46 30 85
22 47 62 56
22 48 11 81
22 49 37 38
22 50 55 78
22 51 41 84
22 52 48 1
22 53 46 64
22 54 27 60
22 55 7 4
22 56 67 91
22 57 7 62
22 58 19 46
22 59 28 51
22 60 49 95
22 61 4 26
22 62 55 27
22 63 36 2
22 64 54 27
22 65 67 46
22 66 18 19
22 67 3 51
22 68 22 39
22 69 82 42
22 70 97 55
22 71 99 96
22 72 52 32
22 73 43 97
22 74 4 26
22 75 4 21
22 76 16 3
22 77 99 27
22 78 12 83
22 79 77 47
22 80 81 100
22 81 53 55
22 82 11 27
22 83 62 51
22 84 7 44
22 85 90 70
22 86 26 86
22 87 73 84
22 88 24 19
22 89 71 59
22 90 40 14
22 91 50 17
22 92 90 73
22 93 48 3
22 94 3 10
22 95 18 50
22 96 29 26
22 97 72 30
22 98 47 6
22 99 51 3
22 100 4 26
23 24 64 12
23 25 2 27
23 26 9 29
23 27 59 27
23 28 2 51
23 29 80 29
23 30 10 49
23 31 84 74
23 32 90 41
23 33 85 2
23 34 17 94
23 35 2 96
23 36 35 97
23 37 40 55
23 38 32 13
23 39 77 16
23 40 25 61
23 41 16 1
23 42 96 68
23 43 82 53
23 44 69 47
23 45 56 41
23 46 3 48
23 47 29 64
23 48 39 54
23 49 49 39
23 50 97 70
23 51 56 26
23 52 67 72
23 53 22 24
23 54 66 74
23 55 91 48
23 56 94 22
23 57 72 55
23 58 46 75
23 59 66 77
23 60 60 93
23 61 70 23
23 62 37 96
23 63 37 23
23 64 6 28
23 65 1 22
23 66 26 70
23 67 87 4
23 68 79 23
23 69 50 87
23 70 35 25
23 71 25 16
23 72 9 21
23 73 23 79
23 74 35 33
23 75 29 64
23 76 77 72
23 77 15 96
23 78 22 41
23 79 84 85
23 80 18 81
23 81 56 82
23 82 30 9
23 83 51 68
23 84 54 47
23 85 62 31
23 86 26 75
23 87 80 59
23 88 47 37
23 89 22 66
23 90 55 62
23 91 34 88
23 92 71 42
23 93 5 52
23 94 37 84
23 95 7 20
23 96 82 61
23 97 91 93
23 98 44 45
23 99 6 21
23 100 6 6
24 25 35 61
24 26 56 53
24 27 26 77
24 28 64 69
24 29 93 27
24 30 33 28
24 31 49 64
24 32 1 41
24 33 24 32
24 34 40 26
24 35 90 61
24 36 76 84
24 37 7 73
24 38 35 21
24 39 43 63
24 40 80 88
24 41 18 45
24 42 47 55
24 43 82 53
24 44 99 53
24 45 40 91
24 46 4 87
24 47 35 82
24 48 64 66
24 49 54 86
24 50 3 63
24 51 74 75
24 52 13 25
24 53 36 24
24 54 3 91
24 55 90 93
24 56 9 6
24 57 1 100
24 58 99 15
24 59 15 49
24 60 39 93
24 61 12 96
24 62 40 69
24 63 11 82
24 64 60 2
24 65 67 70
24 66 83 80
24 67 34 91
24 68 86 26
24 69 49 5
24 70 4 23
24 71 91 14
24 72 56 71
24 73 16 5
24 74 63 54
24 75 47 78
24 76 13 87
24 77 77 8
24 78 14 90
24 79 74 38
24 80 54 9
24 81 52 21
24 82 49 84
24 83 45 38
24 84 80 42
24 85 89 87
24 86 17 18
24 87 73 7
24 88 86 66
24 89 10 83
24 90 18 16
24 91 89 38
24 92 23 47
24 93 7 52
24 94 54 39
24 95 17 50
24 96 78 95
24 97 86 60
24 98 72 18
24 99 48 73
24 100 85 4
25 26 35 89
25 27 32 71
25 28 54 64
25 29 14 35
25 30 83 53
25 31 76 41
25 32 29 17
25 33 8 78
25 34 69 24
25 35 71 28
25 36 69 29
25 37 43 64
25 38 53 78
25 39 39 42
25 40 56 12
25 41 86 35
25 42 33 72
25 43 43 75
25 44 85 76
25 45 1 4
25 46 64 57
25 47 90 83
25 48 26 99
25 49 99 34
25 50 28 6
25 51 4 37
25 52 48 39
25 53 81 24
25 54 58 40
25 55 1 74
25 56 10 2
25 57 89 39
25 58 29 4
25 59 92 10
25 60 32 69
25 61 59 13
25 62 62 17
25 63 41 59
25 64 90 23
25 65 39 15
25 66 59 51
25 67 63 18
25 68 67 40
25 69 77 75
25 70 62 45
25 71 82 14
25 72 34 29
25 73 73 67
25 74 27 39
25 75 97 83
25 76 18 4
25 77 83 50
25 78 65 18
25 79 73 4
25 80 19 95
25 81 38 99
25 82 43 97
25 83 52 91
25 84 61 54
25 85 52 24
25 86 39 91
25 87 35 55
25 88 87 19
25 89 91 6
25 90 76 98
25 91 70 19
25 92 13 32
25 93 67 34
25 94 31 30
25 95 59 88
25 96 59 58
25 97 27 42
25 98 41 77
25 99 59 8
25 100 71 71
26 27 31 41
26 28 79 30
26 29 42 43
26 30 2 6
26 31 96 65
26 32 6 66
26 33 67 61
26 34 36 89
26 35 97 3
26 36 41 67
26 37 41 91
26 38 58 19
26 39 25 14
26 40 97 14
26 41 38 50
26 42 9 27
26 43 20 76
26 44 16 51
26 45 83 23
26 46 77 87
26 47 61 78
26 48 8 43
26 49 35 80
26 50 7 43
26 51 94 98
26 52 10 13
26 53 44 87
26 54 69 39
26 55 43 34
26 56 85 19
26 57 46 49
26 58 96 11
26 59 94 32
26 60 7 84
26 61 3 40
26 62 62 14
26 63 67 90
26 64 9 83
26 65 53 70
26 66 15 18
26 67 37 70
26 68 80 50
26 69 24 50
26 70 53 36
26 71 15 95
26 72 83 36
26 73 48 88
26 74 91 40
26 75 87 3
26 76 13 92
26 77 75 12
26 78 81 97
26 79 22 17
26 80 100 25
26 81 41 4
26 82 9 14
26 83 28 25
26 84 49 82
26 85 90 2
26 86 11 41
26 87 85 82
26 88 84 57
26 89 85 12
26 90 52 96
26 91 57 34
26 92 35 19
26 93 91 32
26 94 97 87
26 95 6 46
26 96 86 89
26 97 65 5
26 98 89 29
26 99 5 62
26 100 50 48
27 28 50 38
27 29 74 88
27 30 56 2
27 31 69 1
27 32 36 27
27 33 52 69
27 34 87 53
27 35 8 52
27 36 31 22
27 37 15 14
27 38 41 98
27 39 97 92
27 40 18 98
27 41 84 14
27 42 1 86
27 43 82 30
27 44 58 71
27 45 22 35
27 46 57 96
27 47 90 78
27 48 69 77
27 49 29 2
27 50 62 49
27 51 13 25
27 52 52 77
27 53 61 81
27 54 86 26
27 55 87 9
27 56 67 12
27 57 64 30
27 58 31 18
27 59 23 59
27 60 46 35
27 61 71 29
27 62 36 24
27 63 35 82
27 64 93 39
27 65 75 34
27 66 33 90
27 67 33 4
27 68 71 20
27 69 39 59
27 70 99 20
27 71 4 12
27 72 80 26
27 73 76 84
27 74 43 93
27 75 8 5
27 76 18 1
27 77 23 6
27 78 22 72
27 79 13 4
27 80 52 78
27 81 37 99
27 82 66 92
27 83 73 79
27 84 62 86
27 85 1 51
27 86 6 95
27 87 33 25
27 88 33 6
27 89 18 85
27 90 42 78
27 91 93 29
27 92 29 51
27 93 19 80
27 94 25 60
27 95 55 64
27 96 73 76
27 97 72 78
27 98 65 60
27 99 2 93
27 100 48 79
28 29 62 7
28 30 56 56
28 31 27 15
28 32 34 62
28 33 49 32
28 34 100 4
28 35 88 49
28 36 17 30
28 37 15 50
28 38 23 7
28 39 38 31
28 40 21 69
28 41 75 53
28 42 38 13
28 43 13 5
28 44 42 18
28 45 3 92
28 46 72 9
28 47 40 46
28 48 30 42
28 49 50 18
28 50 91 2
28 51 6 73
28 52 48 96
28 53 69 80
28 54 58 32
28 55 70 65
28 56 73 34
28 57 41 45
28 58 17 85
28 59 12 69
28 60 11 78
28 61 31 89
28 62 57 75
28 63 99 51
28 64 4 21
28 65 27 3
28 66 6 58
28 67 24 20
28 68 99 76
28 69 62 94
28 70 76 77
28 71 92 41
28 72 6 26
28 73 35 63
28 74 61 83
28 75 99 46
28 76 48 47
28 77 44 28
28 78 15 62
28 79 85 38
28 80 73 59
28 81 76 40
28 82 41 34
28 83 24 5
28 84 69 85
28 85 28 14
28 86 43 55
28 87 8 52
28 88 14 21
28 89 4 85
28 90 38 26
28 91 80 93
28 92 30 1
28 93 22 93
28 94 81 64
28 95 28 68
28 96 3 70
28 97 23 17
28 98 66 95
28 99 13 65
28 100 54 24
29 30 88 36
29 31 69 46
29 32 87 37
29 33 37 85
29 34 53 60
29 35 59 2
29 36 40 5
29 37 32 52
29 38 82 47
29 39 14 19
29 40 13 20
29 41 22 57
29 42 53 70
29 43 54 78
29 44 75 88
29 45 37 15
29 46 78 1
29 47 37 84
29 48 15 11
29 49 5 52
29 50 55 68
29 51 46 68
29 52 83 100
29 53 67 50
29 54 52 13
29 55 40 2
29 56 56 1
29 57 71 72
29 58 60 71
29 59 48 87
29 60 93 98
29 61 5 52
29 62 47 72
29 63 46 54
29 64 89 19
29 65 25 48
29 66 91 25
29 67 93 3
29 68 63 1
29 69 55 82
29 70 38 45
29 71 82 20
29 72 8 40
29 73 9 39
29 74 61 14
29 75 4 48
29 76 13 32
29 77 43 40
29 78 36 82
29 79 95 4
29 80 78 27
29 81 9 61
29 82 7 3
29 83 95 46
29 84 85 92
29 85 43 28
29 86 67 73
29 87 86 49
29 88 30 21
29 89 60 23
29 90 90 59
29 91 67 48
29 92 90 19
29 93 5 86
29 94 28 81
29 95 88 73
29 96 32 11
29 97 21 86
29 98 1 82
29 99 58 52
29 100 75 47
30 31 47 50
30 32 26 26
30 33 19 21
30 34 81 100
30 35 94 4
30 36 21 61
30 37 68 81
30 38 81 56
30 39 67 82
30 40 7 45
30 41 22 31
30 42 100 42
30 43 51 57
30 44 28 93
30 45 65 49
30 46 74 2
30 47 82 97
30 48 20 81
30 49 11 6
30 50 36 23
30 51 55 24
30 52 14 70
30 53 3 58
30 54 66 67
30 55 4 72
30 56 47 85
30 57 66 80
30 58 45 1
30 59 6 24
30 60 60 54
30 61 37 6
30 62 80 59
30 63 63 74
30 64 91 19
30 65 84 35
30 66 91 14
30 67 29 74
30 68 25 95
30 69 7 76
30 70 93 65
30 71 70 28
30 72 3 80
30 73 84 58
30 74 100 48
30 75 97 3
30 76 11 36
30 77 57 76
30 78 1 4
30 79 94 54
30 80 39 49
30 81 22 22
30 82 26 83
30 83 58 26
30 84 18 88
30 85 39 12
30 86 1 40
30 87 45 52
30 88 93 35
30 89 15 24
30 90 87 76
30 91 95 58
30 92 78 96
30 93 64 32
30 94 27 3
30 95 6 25
30 96 47 18
30 97 28 89
30 98 64 54
30 99 93 49
30 100 84 64
31 32 42 1
31 33 75 41
31 34 69 38
31 35 70 76
31 36 96 26
31 37 2 86
31 38 83 67
31 39 67 8
31 40 72 14
31 41 73 58
31 42 62 2
31 43 15 54
31 44 33 66
31 45 43 23
31 46 52 6
31 47 59 100
31 48 49 70
31 49 45 32
31 50 85 67
31 51 98 58
31 52 18 70
31 53 4 44
31 54 74 77
31 55 17 92
31 56 86 29
31 57 95 14
31 58 61 47
31 59 68 12
31 60 12 4
31 61 49 26
31 62 27 38
31 63 46 28
31 64 34 45
31 65 96 3
31 66 43 19
31 67 10 81
31 68 96 75
31 69 78 9
31 70 8 54
31 71 35 74
31 72 73 87
31 73 14 30
31 74 3 6
31 75 1 24
31 76 49 92
31 77 14 93
31 78 11 78
31 79 27 21
31 80 28 29
31 81 91 100
31 82 73 45
31 83 66 98
31 84 88 20
31 85 99 67
31 86 92 86
31 87 19 39
31 88 84 34
31 89 64 34
31 90 72 58
31 91 14 79
31 92 47 74
31 93 88 39
31 94 36 24
31 95 41 28
31 96 56 22
31 97 88 27
31 98 72 32
31 99 9 47
31 100 29 35
32 33 78 14
32 34 39 94
32 35 15 93
32 36 100 88
32 37 97 29
32 38 41 23
32 39 85 71
32 40 9 42
32 41 86 27
32 42 89 50
32 43 99 58
32 44 17 45
32 45 70 59
32 46 36 6
32 47 76 96
32 48 89 68
32 49 11 92
32 50 34 99
32 51 13 59
32 52 100 3
32 53 99 65
32 54 11 34
32 55 14 83
32 56 2 38
32 57 89 82
32 58 25 80
32 59 5 65
32 60 55 79
32 61 78 38
32 62 52 11
32 63 11 36
32 64 91 46
32 65 9 37
32 66 53 38
32 67 88 13
32 68 55 96
32 69 19 99
32 70 13 21
32 71 6 47
32 72 44 62
32 73 25 90
32 74 6 93
32 75 81 18
32 76 2 82
32 77 61 91
32 78 46 55
32 79 23 67
32 80 54 61
32 81 43 48
32 82 45 63
32 83 89 74
32 84 89 86
32 85 69 13
32 86 57 61
32 87 55 3
32 88 74 20
32 89 72 27
32 90 55 47
32 91 49 47
32 92 42 95
32 93 29 25
32 94 58 94
32 95 73 51
32 96 16 55
32 97 58 52
32 98 9 66
32 99 90 14
32 100 92 29
33 34 56 40
33 35 30 12
33 36 72 55
33 37 78 43
33 38 28 74
33 39 66 61
33 40 21 42
33 41 8 17
33 42 67 46
33 43 47 1
33 44 56 33
33 45 92 11
33 46 43 75
33 47 88 94
33 48 31 9
33 49 81 14
33 50 100 26
33 51 44 25
33 52 66 1
33 53 8 8
33 54 82 98
33 55 74 10
33 56 97 47
33 57 92 68
33 58 29 6
33 59 63 60
33 60 98 11
33 61 1 90
33 62 40 61
33 63 94 27
33 64 75 59
33 65 73 68
33 66 71 57
33 67 40 90
33 68 52 93
33 69 36 22
33 70 88 82
33 71 97 82
33 72 47 78
33 73 90 2
33 74 38 29
33 75 85 90
33 76 41 52
33 77 45 60
33 78 12 28
33 79 66 29
33 80 24 21
33 81 38 21
33 82 82 5
33 83 63 81
33 84 35 37
33 85 45 37
33 86 28 28
33 87 67 41
33 88 64 50
33 89 28 85
33 90 16 94
33 91 31 25
33 92 54 73
33 93 57 22
33 94 39 3
33 95 19 55
33 96 39 37
33 97 92 84
33 98 54 1
33 99 97 75
33 100 76 65
34 35 32 92
34 36 4 71
34 37 90 71
34 38 44 21
34 39 40 90
34 40 56 4
34 41 83 36
34 42 75 42
34 43 7 15
34 44 15 93
34 45 32 52
34 46 87 4
34 47 28 18
34 48 16 60
34 49 41 63
34 50 89 62
34 51 39 20
34 52 22 91
34 53 65 51
34 54 15 93
34 55 55 18
34 56 39 97
34 57 22 89
34 58 36 5
34 59 30 27
34 60 86 14
34 61 97 100
34 62 80 12
34 63 7 11
34 64 10 12
34 65 50 73
34 66 91 95
34 67 96 37
34 68 68 70
34 69 7 59
34 70 16 21
34 71 49 73
34 72 48 57
34 73 1 81
34 74 100 56
34 75 73 44
34 76 88 11
34 77 84 7
34 78 21 52
34 79 2 1
34 80 11 71
34 81 67 87
34 82 2 71
34 83 49 41
34 84 98 58
34 85 24 72
34 86 50 95
34 87 78 55
34 88 31 23
34 89 92 4
34 90 63 35
34 91 38 52
34 92 3 80
34 93 77 35
34 94 54 89
34 95 24 34
34 96 61 71
34 97 8 95
34 98 50 85
34 99 42 21
34 100 39 29
35 36 74 29
35 37 27 68
35 38 2 73
35 39 58 81
35 40 39 18
35 41 98 49
35 42 68 89
35 43 9 100
35 44 88 50
35 45 19 31
35 46 19 46
35 47 27 78
35 48 62 66
35 49 46 99
35 50 50 19
35 51 24 55
35 52 8 50
35 53 56 76
35 54 60 68
35 55 73 86
35 56 86 69
35 57 55 44
35 58 89 42
35 59 39 77
35 60 53 65
35 61 100 40
35 62 24 1
35 63 92 74
35 64 76 22
35 65 23 8
35 66 54 98
35 67 10 40
35 68 37 36
35 69 90 42
35 70 16 90
35 71 23 73
35 72 41 69
35 73 33 84
35 74 35 69
35 75 42 36
35 76 70 68
35 77 96 13
35 78 89 50
35 79 30 96
35 80 69 74
35 81 89 23
35 82 3 25
35 83 91 12
35 84 10 92
35 85 25 28
35 86 49 16
35 87 4 24
35 88 24 69
35 89 33 44
35 90 44 45
35 91 46 69
35 92 16 63
35 93 72 57
35 94 86 59
35 95 21 41
35 96 97 17
35 97 13 73
35 98 79 1
35 99 50 24
35 100 60 64
36 37 60 17
36 38 52 39
36 39 65 42
36 40 24 43
36 41 20 55
36 42 23 23
36 43 73 57
36 44 19 88
36 45 14 68
36 46 88 55
36 47 10 32
36 48 20 48
36 49 74 28
36 50 68 35
36 51 74 13
36 52 29 97
36 53 38 53
36 54 1 39
36 55 89 16
36 56 49 9
36 57 13 44
36 58 50 73
36 59 65 22
36 60 87 17
36 61 83 9
36 62 65 74
36 63 75 66
36 64 86 9
36 65 63 57
36 66 24 51
36 67 29 77
36 68 76 3
36 69 86 39
36 70 29 67
36 71 38 43
36 72 83 63
36 73 92 97
36 74 44 1
36 75 10 99
36 76 23 3
36 77 79 30
36 78 93 10
36 79 31 50
36 80 11 26
36 81 2 22
36 82 31 38
36 83 100 60
36 84 45 94
36 85 11 32
36 86 3 67
36 87 50 77
36 88 67 62
36 89 84 67
36 90 27 83
36 91 29 81
36 92 53 20
36 93 17 79
36 94 72 19
36 95 78 80
36 96 56 36
36 97 53 56
36 98 5 71
36 99 8 3
36 100 6 74
37 38 92 17
37 39 49 56
37 40 82 78
37 41 76 6
37 42 20 64
37 43 36 97
37 44 23 67
37 45 100 83
37 46 61 54
37 47 41 39
37 48 17 70
37 49 100 14
37 50 36 37
37 51 80 54
37 52 15 7
37 53 78 100
37 54 98 89
37 55 48 35
37 56 24 61
37 57 23 50
37 58 7 85
37 59 38 8
37 60 40 29
37 61 59 90
37 62 13 91
37 63 77 97
37 64 58 15
37 65 16 17
37 66 1 100
37 67 99 64
37 68 92 75
37 69 46 32
37 70 68 74
37 71 53 68
37 72 15 94
37 73 3 92
37 74 55 14
37 75 26 94
37 76 49 63
37 77 36 12
37 78 49 12
37 79 17 2
37 80 15 55
37 81 42 29
37 82 89 4
37 83 5 18
37 84 11 3
37 85 81 21
37 86 39 37
37 87 27 55
37 88 84 35
37 89 18 63
37 90 93 68
37 91 38 51
37 92 57 84
37 93 39 60
37 94 29 63
37 95 49 89
37 96 1 38
37 97 87 77
37 98 55 13
37 99 64 27
37 100 85 58
38 39 40 71
38 40 62 70
38 41 89 57
38 42 75 50
38 43 54 29
38 44 82 11
38 45 63 7
38 46 82 95
38 47 94 31
38 48 40 28
38 49 5 48
38 50 59 31
38 51 10 78
38 52 94 26
38 53 50 82
38 54 91 3
38 55 16 97
38 56 11 33
38 57 72 36
38 58 51 10
38 59 72 84
38 60 53 18
38 61 48 37
38 62 82 93
38 63 8 81
38 64 92 84
38 65 19 19
38 66 70 88
38 67 2 66
38 68 96 34
38 69 48 41
38 70 84 41
38 71 90 84
38 72 35 78
38 73 26 31
38 74 90 35
38 75 21 97
38 76 24 18
38 77 50 8
38 78 52 76
38 79 15 16
38 80 34 98
38 81 67 26
38 82 6 56
38 83 6 19
38 84 82 68
38 85 29 91
38 86 53 91
38 87 70 69
38 88 12 4
38 89 44 59
38 90 27 7
38 91 74 45
38 92 93 7
38 93 69 81
38 94 14 21
38 95 50 92
38 96 62 97
38 97 64 61
38 98 76 37
38 99 36 79
38 100 15 42
39 40 44 99
39 41 16 39
39 42 59 68
39 43 6 63
39 44 91 95
39 45 52 14
39 46 54 73
39 47 20 79
39 48 100 49
39 49 44 39
39 50 68 51
39 51 35 52
39 52 89 46
39 53 10 3
39 54 30 60
39 55 66 76
39 56 68 37
39 57 37 62
39 58 8 82
39 59 83 16
39 60 97 50
39 61 2 49
39 62 95 6
39 63 70 94
39 64 55 59
39 65 8 99
39 66 35 50
39 67 49 25
39 68 7 39
39 69 91 33
39 70 87 30
39 71 7 34
39 72 79 99
39 73 45 51
39 74 93 94
39 75 50 7
39 76 17 44
39 77 96 38
39 78 94 54
39 79 45 43
39 80 8 56
39 81 78 9
39 82 45 10
39 83 87 94
39 84 69 22
39 85 28 55
39 86 65 2
39 87 30 38
39 88 10 43
39 89 36 56
39 90 95 42
39 91 86 13
39 92 63 48
39 93 53 80
39 94 2 24
39 95 1 37
39 96 89 76
39 97 85 63
39 98 95 19
39 99 65 8
39 100 39 12
40 41 76 22
40 42 79 34
40 43 68 29
40 44 8 80
40 45 69 98
40 46 93 41
40 47 28 7
40 48 50 1
40 49 56 78
40 50 84 12
40 51 72 36
40 52 74 15
40 53 82 50
40 54 76 75
40 55 43 87
40 56 8 70
40 57 86 10
40 58 40 34
40 59 31 42
40 60 76 71
40 61 78 26
40 62 65 72
40 63 51 41
40 64 33 48
40 65 97 4
40 66 48 9
40 67 38 25
40 68 12 5
40 69 3 23
40 70 99 27
40 71 38 35
40 72 43 22
40 73 44 15
40 74 25 20
40 75 61 31
40 76 27 60
40 77 23 76
40 78 12 33
40 79 95 46
40 80 45 30
40 81 20 78
40 82 61 21
40 83 60 15
40 84 23 99
40 85 84 33
40 86 9 88
40 87 34 94
40 88 97 65
40 89 6 29
40 90 95 49
40 91 89 91
40 92 85 16
40 93 48 82
40 94 55 18
40 95 17 61
40 96 41 62
40 97 79 45
40 98 60 51
40 99 87 4
40 100 54 34
41 42 26 94
41 43 87 1
41 44 74 48
41 45 27 63
41 46 65 61
41 47 55 95
41 48 13 49
41 49 51 47
41 50 72 6
41 51 25 84
41 52 82 69
41 53 70 41
41 54 25 39
41 55 58 72
41 56 80 69
41 57 50 67
41 58 80 32
41 59 58 42
41 60 83 95
41 61 49 65
41 62 81 77
41 63 46 55
41 64 74 45
41 65 92 46
41 66 50 54
41 67 7 70
41 68 27 33
41 69 90 86
41 70 51 20
41 71 88 28
41 72 2 9
41 73 72 4
41 74 21 38
41 75 97 10
41 76 52 80
41 77 74 62
41 78 27 57
41 79 47 45
41 80 92 53
41 81 1 49
41 82 69 89
41 83 29 57
41 84 35 46
41 85 73 3
41 86 79 77
41 87 32 69
41 88 41 73
41 89 50 13
41 90 31 54
41 91 68 18
41 92 24 35
41 93 46 43
41 94 21 27
41 95 32 89
41 96 72 23
41 97 36 64
41 98 96 54
41 99 98 48
41 100 68 9
42 43 53 72
42 44 52 49
42 45 91 12
42 46 61 19
42 47 12 9
42 48 40 42
42 49 68 27
42 50 61 24
42 51 69 55
42 52 72 61
42 53 71 78
42 54 84 71
42 55 14 18
42 56 20 81
42 57 56 32
42 58 53 65
42 59 40 32
42 60 28 1
42 61 82 19
42 62 89 11
42 63 80 60
42 64 53 24
42 65 98 37
42 66 42 84
42 67 51 76
42 68 55 41
42 69 18 20
42 70 15 11
42 71 7 41
42 72 50 83
42 73 38 15
42 74 3 32
42 75 18 2
42 76 49 11
42 77 14 98
42 78 10 20
42 79 12 98
42 80 70 86
42 81 37 92
42 82 42 64
42 83 35 66
42 84 92 38
42 85 47 55
42 86 29 37
42 87 76 82
42 88 79 56
42 89 49 79
42 90 6 73
42 91 45 30
42 92 19 23
42 93 54 72
42 94 92 33
42 95 56 70
42 96 34 96
42 97 11 92
42 98 83 64
42 99 9 79
42 100 46 8
43 44 32 42
43 45 13 78
43 46 68 45
43 47 37 89
43 48 83 1
43 49 95 46
43 50 60 53
43 51 92 61
43 52 62 31
43 53 3 84
43 54 36 67
43 55 41 41
43 56 15 24
43 57 92 56
43 58 89 6
43 59 39 66
43 60 87 94
43 61 26 66
43 62 97 72
43 63 20 76
43 64 78 55
43 65 30 15
43 66 81 95
43 67 2 92
43 68 96 31
43 69 35 79
43 70 26 59
43 71 41 23
43 72 57 88
43 73 37 77
43 74 100 4
43 75 45 44
43 76 67 72
43 77 1 5
43 78 48 6
43 79 53 36
43 80 51 85
43 81 8 73
43 82 55 92
43 83 84 46
43 84 31 69
43 85 57 34
43 86 29 75
43 87 58 61
43 88 39 17
43 89 18 94
43 90 82 79
43 91 2 84
43 92 58 1
43 93 29 40
43 94 86 14
43 95 15 78
43 96 41 47
43 97 66 41
43 98 67 3
43 99 40 68
43 100 5 13
44 45 77 83
44 46 12 80
44 47 63 34
44 48 7 32
44 49 82 26
44 50 7 91
44 51 10 46
44 52 21 9
44 53 91 39
44 54 89 78
44 55 3 34
44 56 5 86
44 57 68 25
44 58 93 66
44 59 38 31
44 60 36 8
44 61 27 21
44 62 7 58
44 63 25 49
44 64 89 45
44 65 100 69
44 66 45 53
44 67 29 90
44 68 75 82
44 69 46 99
44 70 97 20
44 71 25 5
44 72 52 20
44 73 8 27
44 74 38 31
44 75 94 1
44 76 68 68
44 77 52 100
44 78 38 70
44 79 33 54
44 80 86 29
44 81 56 87
44 82 29 34
44 83 43 52
44 84 43 66
44 85 71 92
44 86 79 66
44 87 82 66
44 88 91 32
44 89 26 12
44 90 52 65
44 91 42 35
44 92 29 30
44 93 20 94
44 94 88 93
44 95 88 80
44 96 94 20
44 97 51 12
44 98 62 31
44 99 100 71
44 100 11 86
45 46 63 56
45 47 98 60
45 48 35 81
45 49 20 81
45 50 23 36
45 51 87 5
45 52 19 2
45 53 93 17
45 54 31 82
45 55 10 47
45 56 50 34
45 57 58 13
45 58 53 55
45 59 17 14
45 60 89 58
45 61 36 23
45 62 16 40
45 63 19 32
45 64 3 97
45 65 30 44
45 66 73 12
45 67 98 70
45 68 72 59
45 69 33 35
45 70 99 1
45 71 70 52
45 72 58 67
45 73 99 60
45 74 6 79
45 75 52 64
45 76 89 68
45 77 66 79
45 78 12 57
45 79 20 60
45 80 16 61
45 81 45 31
45 82 15 24
45 83 81 4
45 84 55 5
45 85 68 57
45 86 84 33
45 87 100 2
45 88 37 64
45 89 62 41
45 90 14 76
45 91 58 49
45 92 88 49
45 93 1 26
45 94 10 28
45 95 34 75
45 96 90 1
45 97 40 10
45 98 8 67
45 99 12 94
45 100 35 46
46 47 13 38
46 48 65 82
46 49 98 91
46 50 80 96
46 51 87 73
46 52 9 95
46 53 91 74
46 54 85 44
46 55 88 7
46 56 44 52
46 57 97 32
46 58 94 88
46 59 93 99
46 60 54 52
46 61 6 84
46 62 49 81
46 63 71 11
46 64 18 14
46 65 84 79
46 66 62 25
46 67 49 72
46 68 78 79
46 69 87 37
46 70 18 84
46 71 93 96
46 72 71 38
46 73 71 83
46 74 3 39
46 75 91 64
46 76 13 70
46 77 78 39
46 78 55 32
46 79 13 68
46 80 58 96
46 81 93 56
46 82 42 58
46 83 48 34
46 84 54 79
46 85 48 91
46 86 2 84
46 87 47 5
46 88 68 13
46 89 4 3
46 90 21 48
46 91 74 26
46 92 78 2
46 93 17 97
46 94 70 46
46 95 7 45
46 96 96 68
46 97 84 63
46 98 4 78
46 99 64 9
46 100 79 20
47 48 65 30
47 49 91 89
47 50 17 18
47 51 83 1
47 52 69 38
47 53 92 79
47 54 78 15
47 55 75 29
47 56 88 27
47 57 17 75
47 58 68 48
47 59 43 88
47 60 80 58
47 61 72 83
47 62 38 19
47 63 73 14
47 64 95 99
47 65 18 64
47 66 52 54
47 67 40 37
47 68 81 43
47 69 37 46
47 70 38 7
47 71 16 60
47 72 40 20
47 73 70 29
47 74 91 74
47 75 60 89
47 76 18 90
47 77 46 85
47 78 18 100
47 79 90 34
47 80 49 90
47 81 88 33
47 82 32 79
47 83 29 51
47 84 83 54
47 85 88 23
47 86 43 23
47 87 75 51
47 88 4 55
47 89 76 38
47 90 51 89
47 91 57 57
47 92 76 58
47 93 59 66
47 94 2 11
47 95 71 86
47 96 8 82
47 97 44 76
47 98 32 28
47 99 20 87
47 100 97 90
48 49 36 56
48 50 78 70
48 51 61 12
48 52 23 48
48 53 94 48
48 54 46 77
48 55 87 12
48 56 12 45
48 57 97 57
48 58 42 85
48 59 100 69
48 60 16 77
48 61 59 39
48 62 47 45
48 63 99 29
48 64 46 81
48 65 38 83
48 66 30 58
48 67 77 78
48 68 97 49
48 69 28 79
48 70 9 68
48 71 41 33
48 72 3 67
48 73 68 32
48 74 51 31
48 75 11 73
48 76 51 69
48 77 84 13
48 78 73 85
48 79 24 34
48 80 83 27
48 81 53 85
48 82 6 8
48 83 59 51
48 84 8 45
48 85 65 98
48 86 51 75
48 87 13 12
48 88 2 1
48 89 8 71
48 90 62 72
48 91 70 84
48 92 25 48
48 93 81 87
48 94 50 53
48 95 93 90
48 96 65 10
48 97 5 21
48 98 67 3
48 99 8 21
48 100 2 92
49 50 17 41
49 51 84 78
49 52 4 68
49 53 98 92
49 54 15 66
49 55 26 26
49 56 7 42
49 57 88 36
49 58 40 39
49 59 83 1
49 60 98 15
49 61 18 99
49 62 75 24
49 63 32 16
49 64 92 78
49 65 5 97
49 66 37 28
49 67 62 6
49 68 40 45
49 69 66 73
49 70 6 61
49 71 51 71
49 72 24 87
49 73 78 53
49 74 71 94
49 75 15 56
49 76 91 100
49 77 97 72
49 78 84 39
49 79 97 86
49 80 85 97
49 81 37 62
49 82 86 92
49 83 72 66
49 84 12 66
49 85 89 75
49 86 100 85
49 87 80 97
49 88 93 45
49 89 97 41
49 90 95 91
49 91 38 37
49 92 13 40
49 93 28 35
49 94 45 97
49 95 26 29
49 96 1 50
49 97 57 95
49 98 8 70
49 99 61 65
49 100 48 34
50 51 34 6
50 52 73 54
50 53 42 38
50 54 96 49
50 55 94 40
50 56 2 80
50 57 6 78
50 58 81 62
50 59 80 43
50 60 55 38
50 61 94 88
50 62 62 69
50 63 25 97
50 64 50 98
50 65 12 19
50 66 18 80
50 67 23 25
50 68 85 20
50 69 18 92
50 70 85 16
50 71 93 18
50 72 100 42
50 73 45 75
50 74 78 40
50 75 62 10
50 76 66 4
50 77 41 67
50 78 98 17
50 79 96 15
50 80 90 57
50 81 92 19
50 82 9 50
50 83 86 36
50 84 56 78
50 85 64 94
50 86 77 21
50 87 92 62
50 88 50 46
50 89 94 19
50 90 78 81
50 91 16 38
50 92 97 64
50 93 36 61
50 94 36 52
50 95 81 94
50 96 89 5
50 97 13 13
50 98 63 29
50 99 23 98
50 100 97 82
51 52 59 29
51 53 89 80
51 54 93 48
51 55 20 79
51 56 35 97
51 57 61 37
51 58 25 82
51 59 22 49
51 60 49 3
51 61 54 6
51 62 42 27
51 63 28 29
51 64 77 16
51 65 95 13
51 66 16 82
51 67 80 2
51 68 79 32
51 69 65 45
51 70 58 51
51 71 40 69
51 72 13 56
51 73 57 76
51 74 8 90
51 75 55 7
51 76 46 71
51 77 43 37
51 78 17 58
51 79 39 88
51 80 15 63
51 81 66 82
51 82 50 68
51 83 20 62
51 84 86 78
51 85 64 8
51 86 46 65
51 87 24 38
51 88 7 63
51 89 91 23
51 90 23 60
51 91 39 100
51 92 28 79
51 93 18 49
51 94 48 98
51 95 52 13
51 96 2 47
51 97 2 36
51 98 62 95
51 99 98 57
51 100 18 75
52 53 60 70
52 54 39 51
52 55 38 98
52 56 96 81
52 57 67 89
52 58 60 6
52 59 42 8
52 60 29 78
52 61 69 41
52 62 88 63
52 63 10 79
52 64 85 32
52 65 57 39
52 66 56 84
52 67 30 11
52 68 74 89
52 69 100 42
52 70 19 1
52 71 63 64
52 72 71 33
52 73 50 48
52 74 60 87
52 75 34 95
52 76 26 93
52 77 30 82
52 78 7 46
52 79 75 97
52 80 9 19
52 81 68 98
52 82 15 77
52 83 66 23
52 84 21 36
52 85 78 97
52 86 35 13
52 87 66 91
52 88 83 45
52 89 59 33
52 90 80 71
52 91 87 33
52 92 58 45
52 93 91 81
52 94 91 18
52 95 34 25
52 96 64 45
52 97 48 62
52 98 3 1
52 99 97 86
52 100 48 100
53 54 88 43
53 55 38 80
53 56 79 95
53 57 2 74
53 58 60 42
53 59 4 61
53 60 60 25
53 61 70 69
53 62 82 14
53 63 6 64
53 64 86 44
53 65 72 4
53 66 53 16
53 67 35 5
53 68 10 15
53 69 1 100
53 70 31 76
53 71 34 63
53 72 2 86
53 73 18 33
53 74 74 51
53 75 5 67
53 76 44 30
53 77 53 100
53 78 90 73
53 79 58 20
53 80 70 41
53 81 36 76
53 82 4 36
53 83 4 29
53 84 40 98
53 85 16 54
53 86 30 80
53 87 18 89
53 88 22 60
53 89 79 85
53 90 84 94
53 91 16 7
53 92 36 8
53 93 45 19
53 94 37 22
53 95 31 44
53 96 7 84
53 97 54 77
53 98 58 78
53 99 65 22
53 100 5 6
54 55 36 85
54 56 36 82
54 57 17 44
54 58 5 52
54 59 59 43
54 60 31 84
54 61 83 51
54 62 89 67
54 63 48 80
54 64 71 83
54 65 79 75
54 66 20 5
54 67 7 56
54 68 13 5
54 69 47 33
54 70 35 1
54 71 31 15
54 72 1 68
54 73 66 92
54 74 69 87
54 75 83 58
54 76 11 12
54 77 95 67
54 78 23 3
54 79 89 14
54 80 33 72
54 81 13 8
54 82 72 81
54 83 35 100
54 84 41 86
54 85 89 71
54 86 81 12
54 87 11 14
54 88 17 53
54 89 73 69
54 90 36 52
54 91 74 46
54 92 92 33
54 93 80 59
54 94 36 95
54 95 86 52
54 96 28 9
54 97 94 96
54 98 35 89
54 99 24 49
54 100 59 11
55 56 2 40
55 57 65 60
55 58 56 92
55 59 93 77
55 60 32 90
55 61 70 8
55 62 98 54
55 63 28 23
55 64 69 75
55 65 86 45
55 66 26 51
55 67 22 53
55 68 7 45
55 69 26 40
55 70 33 20
55 71 86 65
55 72 9 35
55 73 99 42
55 74 75 59
55 75 57 33
55 76 31 83
55 77 77 95
55 78 36 61
55 79 45 79
55 80 98 99
55 81 80 82
55 82 12 56
55 83 2 15
55 84 33 69
55 85 70 30
55 86 33 16
55 87 81 72
55 88 72 15
55 89 98 6
55 90 90 94
55 91 48 99
55 92 86 1
55 93 55 39
55 94 79 64
55 95 35 78
55 96 21 68
55 97 92 32
55 98 25 40
55 99 89 47
55 100 4 83
56 57 99 62
56 58 72 79
56 59 8 71
56 60 31 14
56 61 13 98
56 62 12 59
56 63 16 9
56 64 89 64
56 65 92 65
56 66 38 51
56 67 69 95
56 68 76 68
56 69 26 90
56 70 69 60
56 71 26 49
56 72 28 92
56 73 77 25
56 74 19 47
56 75 74 47
56 76 39 83
56 77 35 87
56 78 42 50
56 79 51 48
56 80 37 99
56 81 78 57
56 82 24 87
56 83 40 58
56 84 34 54
56 85 95 27
56 86 51 11
56 87 48 28
56 88 72 99
56 89 83 61
56 90 65 25
56 91 15 73
56 92 57 95
56 93 82 23
56 94 75 65
56 95 61 75
56 96 31 77
56 97 60 67
56 98 17 30
56 99 67 23
56 100 15 17
57 58 35 35
57 59 22 13
57 60 84 44
57 61 99 90
57 62 42 87
57 63 51 85
57 64 8 58
57 65 18 79
57 66 56 1
57 67 69 27
57 68 12 1
57 69 93 98
57 70 39 61
57 71 26 88
57 72 62 84
57 73 85 45
57 74 39 90
57 75 60 57
57 76 41 1
57 77 64 84
57 78 65 61
57 79 35 18
57 80 28 11
57 81 8 23
57 82 57 24
57 83 14 80
57 84 6 63
57 85 41 75
57 86 41 17
57 87 87 13
57 88 31 66
57 89 34 74
57 90 14 44
57 91 29 29
57 92 65 82
57 93 72 11
57 94 19 90
57 95 43 29
57 96 84 2
57 97 3 40
57 98 16 78
57 99 17 82
57 100 32 11
58 59 6 57
58 60 81 89
58 61 25 85
58 62 11 74
58 63 100 59
58 64 26 63
58 65 28 57
58 66 47 3
58 67 40 70
58 68 89 70
58 69 53 42
58 70 39 59
58 71 64 29
58 72 96 2
58 73 98 49
58 74 5 2
58 75 75 99
58 76 2 6
58 77 30 66
58 78 39 80
58 79 43 77
58 80 44 77
58 81 7 93
58 82 1 1
58 83 11 43
58 84 51 71
58 85 20 99
58 86 3 71
58 87 25 30
58 88 68 52
58 89 27 74
58 90 21 89
58 91 71 86
58 92 98 38
58 93 38 29
58 94 96 58
58 95 88 56
58 96 11 18
58 97 99 45
58 98 17 64
58 99 3 41
58 100 98 21
59 60 68 28
59 61 95 68
59 62 75 57
59 63 11 86
59 64 36 19
59 65 55 3
59 66 77 61
59 67 62 28
59 68 81 69
59 69 6 26
59 70 37 97
59 71 59 1
59 72 80 51
59 73 38 51
59 74 23 44
59 75 76 44
59 76 38 20
59 77 49 49
59 78 31 10
59 79 31 54
59 80 100 99
59 81 11 43
59 82 5 1
59 83 64 2
59 84 68 44
59 85 100 72
59 86 91 97
59 87 3 62
59 88 31 14
59 89 97 37
59 90 38 99
59 91 19 93
59 92 38 35
59 93 38 90
59 94 6 55
59 95 85 37
59 96 74 24
59 97 19 50
59 98 77 25
59 99 52 37
59 100 37 55
60 61 70 83
60 62 29 2
60 63 78 95
60 64 59 58
60 65 68 43
60 66 36 73
60 67 63 79
60 68 5 65
60 69 12 22
60 70 45 82
60 71 94 16
60 72 91 85
60 73 11 40
60 74 92 72
60 75 38 73
60 76 79 46
60 77 75 43
60 78 56 51
60 79 79 65
60 80 40 81
60 81 62 95
60 82 38 63
60 83 85 89
60 84 34 36
60 85 58 91
60 86 89 35
60 87 64 88
60 88 72 33
60 89 54 51
60 90 27 67
60 91 23 52
60 92 95 64
60 93 28 63
60 94 25 57
60 95 70 91
60 96 29 13
60 97 59 92
60 98 57 99
60 99 2 86
60 100 33 19
61 62 34 94
61 63 18 96
61 64 26 20
61 65 17 22
61 66 22 65
61 67 84 100
61 68 61 78
61 69 91 47
61 70 27 82
61 71 93 50
61 72 5 48
61 73 38 42
61 74 34 75
61 75 29 92
61 76 32 1
61 77 73 81
61 78 44 63
61 79 60 62
61 80 1 83
61 81 84 68
61 82 85 37
61 83 48 62
61 84 83 93
61 85 6 98
61 86 50 6
61 87 83 90
61 88 72 28
61 89 10 83
61 90 18 58
61 91 59 22
61 92 1 68
61 93 10 33
61 94 33 15
61 95 53 90
61 96 37 10
61 97 80 35
61 98 65 75
61 99 27 10
61 100 25 37
62 63 60 4
62 64 68 92
62 65 58 31
62 66 56 43
62 67 28 42
62 68 35 30
62 69 10 10
62 70 89 12
62 71 13 36
62 72 22 8
62 73 56 5
62 74 77 71
62 75 41 89
62 76 29 35
62 77 14 66
62 78 36 54
62 79 4 37
62 80 75 77
62 81 85 59
62 82 66 38
62 83 17 51
62 84 29 16
62 85 60 75
62 86 33 80
62 87 7 71
62 88 68 94
62 89 10 83
62 90 59 34
62 91 45 11
62 92 31 35
62 93 63 16
62 94 42 97
62 95 92 94
62 96 72 72
62 97 39 9
62 98 19 43
62 99 48 32
62 100 6 45
63 64 25 30
63 65 88 52
63 66 19 49
63 67 71 30
63 68 80 67
63 69 27 41
63 70 28 26
63 71 56 100
63 72 26 80
63 73 83 100
63 74 74 50
63 75 64 32
63 76 27 45
63 77 15 2
63 78 9 13
63 79 68 65
63 80 54 23
63 81 91 22
63 82 70 23
63 83 46 67
63 84 9 12
63 85 44 99
63 86 83 81
63 87 45 60
63 88 53 38
63 89 35 79
63 90 42 46
63 91 46 87
63 92 54 41
63 93 1 79
63 94 77 88
63 95 76 84
63 96 71 4
63 97 22 84
63 98 67 60
63 99 69 47
63 100 55 90
64 65 79 35
64 66 19 77
64 67 99 46
64 68 25 18
64 69 79 33
64 70 80 93
64 71 63 100
64 72 41 2
64 73 15 41
64 74 38 91
64 75 71 84
64 76 36 86
64 77 75 76
64 78 10 79
64 79 15 15
64 80 30 75
64 81 21 29
64 82 78 50
64 83 50 55
64 84 70 91
64 85 90 99
64 86 97 18
64 87 49 7
64 88 64 14
64 89 36 8
64 90 58 43
64 91 18 43
64 92 62 89
64 93 58 53
64 94 14 13
64 95 14 31
64 96 39 40
64 97 78 61
64 98 34 21
64 99 47 35
64 100 98 66
65 66 21 23
65 67 33 36
65 68 81 30
65 69 3 48
65 70 10 48
65 71 23 75
65 72 27 31
65 73 94 19
65 74 48 10
65 75 56 79
65 76 60 58
65 77 52 44
65 78 72 44
65 79 53 57
65 80 38 12
65 81 87 12
65 82 95 87
65 83 76 100
65 84 22 83
65 85 40 56
65 86 57 56
65 87 51 92
65 88 94 55
65 89 54 71
65 90 49 97
65 91 1 80
65 92 1 24
65 93 80 98
65 94 24 83
65 95 64 48
65 96 22 56
65 97 87 79
65 98 22 96
65 99 69 17
65 100 37 74
66 67 58 97
66 68 67 80
66 69 51 53
66 70 59 72
66 71 84 38
66 72 89 81
66 73 35 22
66 74 22 84
66 75 29 5
66 76 23 74
66 77 84 34
66 78 25 75
66 79 11 83
66 80 40 55
66 81 76 31
66 82 14 33
66 83 78 2
66 84 70 75
66 85 51 94
66 86 35 22
66 87 15 54
66 88 12 67
66 89 83 13
66 90 62 59
66 91 31 78
66 92 91 84
66 93 61 26
66 94 25 88
66 95 8 92
66 96 52 53
66 97 64 58
66 98 46 82
66 99 19 23
66 100 97 80
67 68 15 96
67 69 93 74
67 70 97 91
67 71 48 87
67 72 15 19
67 73 81 73
67 74 60 30
67 75 2 7
67 76 31 40
67 77 93 73
67 78 92 11
67 79 73 72
67 80 3 45
67 81 20 53
67 82 62 37
67 83 87 50
67 84 69 73
67 85 41 97
67 86 99 52
67 87 12 83
67 88 9 99
67 89 97 61
67 90 36 3
67 91 92 46
67 92 74 27
67 93 24 89
67 94 78 37
67 95 34 52
67 96 84 76
67 97 94 88
67 98 6 97
67 99 23 5
67 100 21 90
68 69 41 12
68 70 25 67
68 71 19 76
68 72 92 5
68 73 28 94
68 74 14 69
68 75 36 7
68 76 2 6
68 77 1 21
68 78 45 97
68 79 20 72
68 80 65 14
68 81 17 85
68 82 11 29
68 83 49 24
68 84 92 69
68 85 72 13
68 86 14 20
68 87 23 19
68 88 98 71
68 89 48 69
68 90 94 33
68 91 18 28
68 92 78 71
68 93 100 32
68 94 6 91
68 95 96 71
68 96 54 76
68 97 26 95
68 98 43 54
68 99 17 7
68 100 52 18
69 70 9 97
69 71 49 96
69 72 86 48
69 73 51 24
69 74 95 53
69 75 38 61
69 76 92 18
69 77 46 77
69 78 62 19
69 79 88 61
69 80 12 19
69 81 45 95
69 82 1 2
69 83 28 20
69 84 42 71
69 85 93 21
69 86 77 29
69 87 39 97
69 88 19 37
69 89 45 32
69 90 97 68
69 91 55 61
69 92 57 85
69 93 49 60
69 94 66 100
69 95 62 12
69 96 11 62
69 97 72 33
69 98 7 42
69 99 14 25
69 100 21 84
70 71 19 47
70 72 12 57
70 73 98 41
70 74 92 8
70 75 90 11
70 76 8 58
70 77 83 23
70 78 87 75
70 79 14 54
70 80 36 1
70 81 28 28
70 82 99 33
70 83 90 4
70 84 59 11
70 85 77 72
70 86 8 10
70 87 7 2
70 88 54 99
70 89 70 25
70 90 77 72
70 91 68 57
70 92 32 24
70 93 20 87
70 94 30 55
70 95 81 52
70 96 96 89
70 97 63 28
70 98 82 78
70 99 82 12
70 100 18 12
71 72 37 47
71 73 30 4
71 74 43 35
71 75 88 94
71 76 35 84
71 77 67 96
71 78 15 38
71 79 22 73
71 80 83 56
71 81 76 87
71 82 34 12
71 83 87 41
71 84 46 28
71 85 22 31
71 86 98 96
71 87 53 49
71 88 26 7
71 89 11 4
71 90 95 90
71 91 63 1
71 92 41 28
71 93 15 60
71 94 48 80
71 95 36 88
71 96 48 95
71 97 23 7
71 98 24 95
71 99 69 74
71 100 24 58
72 73 100 99
72 74 31 24
72 75 13 65
72 76 65 4
72 77 85 20
72 78 33 50
72 79 97 97
72 80 77 74
72 81 57 89
72 82 49 52
72 83 58 18
72 84 27 39
72 85 65 81
72 86 49 45
72 87 29 83
72 88 91 19
72 89 98 20
72 90 49 13
72 91 82 78
72 92 5 35
72 93 99 29
72 94 73 77
72 95 38 89
72 96 18 5
72 97 53 88
72 98 21 15
72 99 18 66
72 100 18 61
73 74 47 85
73 75 3 68
73 76 34 9
73 77 25 36
73 78 94 51
73 79 27 99
73 80 81 28
73 81 82 76
73 82 58 37
73 83 85 27
73 84 88 50
73 85 65 47
73 86 69 79
73 87 14 43
73 88 49 86
73 89 44 51
73 90 38 2
73 91 53 65
73 92 11 24
73 93 97 86
73 94 75 99
73 95 69 23
73 96 52 99
73 97 52 64
73 98 16 38
73 99 64 25
73 100 85 66
74 75 63 59
74 76 50 81
74 77 62 93
74 78 83 69
74 79 15 7
74 80 48 77
74 81 79 12
74 82 18 41
74 83 41 8
74 84 23 29
74 85 4 47
74 86 46 98
74 87 56 92
74 88 96 91
74 89 54 62
74 90 88 12
74 91 29 81
74 92 93 94
74 93 40 49
74 94 31 84
74 95 12 82
74 96 14 74
74 97 98 92
74 98 29 49
74 99 35 89
74 100 78 58
75 76 69 88
75 77 60 59
75 78 21 28
75 79 42 30
75 80 59 44
75 81 57 86
75 82 26 25
75 83 30 69
75 84 90 48
75 85 72 60
75 86 21 62
75 87 34 71
75 88 4 37
75 89 43 28
75 90 24 90
75 91 22 91
75 92 67 10
75 93 42 66
75 94 74 45
75 95 83 2
75 96 33 54
75 97 95 12
75 98 28 39
75 99 65 85
75 100 13 3
76 77 30 66
76 78 100 98
76 79 64 50
76 80 34 62
76 81 48 100
76 82 39 79
76 83 3 62
76 84 70 75
76 85 25 56
76 86 4 73
76 87 53 50
76 88 96 67
76 89 100 60
76 90 34 47
76 91 94 36
76 92 92 81
76 93 18 87
76 94 41 87
76 95 20 26
76 96 24 41
76 97 77 93
76 98 4 46
76 99 61 38
76 100 49 89
77 78 77 33
77 79 43 97
77 80 16 76
77 81 15 1
77 82 75 68
77 83 81 73
77 84 95 22
77 85 66 29
77 86 78 11
77 87 26 88
77 88 43 51
77 89 16 71
77 90 6 49
77 91 91 38
77 92 12 80
77 93 96 73
77 94 94 48
77 95 31 13
77 96 98 97
77 97 32 96
77 98 81 97
77 99 8 62
77 100 37 82
78 79 17 81
78 80 24 7
78 81 86 90
78 82 22 22
78 83 67 29
78 84 37 94
78 85 91 58
78 86 37 48
78 87 8 9
78 88 2 19
78 89 7 45
78 90 69 57
78 91 71 83
78 92 90 73
78 93 22 42
78 94 41 45
78 95 63 21
78 96 72 6
78 97 54 50
78 98 24 89
78 99 10 39
78 100 52 1
79 80 21 47
79 81 9 65
79 82 95 25
79 83 21 74
79 84 28 58
79 85 84 57
79 86 47 39
79 87 42 36
79 88 8 7
79 89 97 33
79 90 19 75
79 91 85 95
79 92 1 29
79 93 30 1
79 94 69 43
79 95 43 75
79 96 71 71
79 97 56 51
79 98 79 56
79 99 61 50
79 100 96 21
80 81 49 88
80 82 79 8
80 83 2 60
80 84 86 69
80 85 78 2
80 86 59 28
80 87 41 47
80 88 2 70
80 89 97 1
80 90 40 5
80 91 87 85
80 92 23 83
80 93 5 35
80 94 17 43
80 95 93 27
80 96 58 65
80 97 58 26
80 98 5 26
80 99 4 80
80 100 52 12
81 82 80 17
81 83 31 79
81 84 77 72
81 85 21 54
81 86 53 15
81 87 58 11
81 88 77 89
81 89 13 87
81 90 9 1
81 91 30 35
81 92 71 21
81 93 87 22
81 94 46 64
81 95 83 71
81 96 23 59
81 97 77 41
81 98 4 36
81 99 36 48
81 100 96 62
82 83 99 64
82 84 77 13
82 85 54 58
82 86 45 97
82 87 59 40
82 88 22 51
82 89 95 62
82 90 6 28
82 91 60 74
82 92 30 79
82 93 32 40
82 94 79 59
82 95 53 15
82 96 43 21
82 97 87 37
82 98 65 5
82 99 57 73
82 100 5 86
83 84 98 81
83 85 26 100
83 86 59 38
83 87 89 89
83 88 94 89
83 89 62 48
83 90 26 39
83 91 30 32
83 92 34 51
83 93 59 59
83 94 87 32
83 95 90 33
83 96 2 47
83 97 25 77
83 98 39 37
83 99 27 49
83 100 76 87
84 85 87 81
84 86 18 46
84 87 16 16
84 88 19 27
84 89 26 35
84 90 78 89
84 91 9 71
84 92 60 65
84 93 34 56
84 94 60 47
84 95 24 24
84 96 5 1
84 97 3 78
84 98 77 39
84 99 93 10
84 100 44 41
85 86 5 94
85 87 34 77
85 88 10 58
85 89 99 43
85 90 22 90
85 91 75 20
85 92 100 8
85 93 19 96
85 94 29 2
85 95 59 42
85 96 13 36
85 97 55 49
85 98 80 57
85 99 90 16
85 100 54 21
86 87 81 43
86 88 86 27
86 89 52 46
86 90 78 16
86 91 82 71
86 92 65 46
86 93 92 39
86 94 12 76
86 95 73 63
86 96 96 98
86 97 23 82
86 98 10 1
86 99 15 3
86 100 53 18
87 88 23 2
87 89 1 96
87 90 39 87
87 91 29 60
87 92 68 3
87 93 49 42
87 94 83 82
87 95 98 71
87 96 53 97
87 97 5 78
87 98 40 13
87 99 70 48
87 100 86 96
88 89 20 17
88 90 5 68
88 91 31 85
88 92 47 24
88 93 81 98
88 94 20 97
88 95 41 78
88 96 80 57
88 97 77 36
88 98 92 65
88 99 1 69
88 100 59 1
89 90 56 53
89 91 97 54
89 92 57 63
89 93 64 98
89 94 89 62
89 95 73 63
89 96 48 94
89 97 14 48
89 98 68 42
89 99 60 21
89 100 99 91
90 91 52 18
90 92 15 43
90 93 81 53
90 94 13 98
90 95 9 7
90 96 33 48
90 97 45 5
90 98 33 98
90 99 62 66
90 100 68 45
91 92 32 60
91 93 70 31
91 94 51 88
91 95 32 63
91 96 12 56
91 97 3 24
91 98 41 38
91 99 10 18
91 100 72 81
92 93 66 64
92 94 100 93
92 95 53 52
92 96 18 54
92 97 90 42
92 98 76 28
92 99 27 26
92 100 81 81
93 94 48 76
93 95 16 35
93 96 55 38
93 97 37 30
93 98 65 55
93 99 51 40
93 100 8 68
94 95 53 41
94 96 68 24
94 97 62 34
94 98 81 71
94 99 22 51
94 100 76 39
95 96 58 9
95 97 25 58
95 98 52 47
95 99 29 28
95 100 49 6
96 97 42 82
96 98 99 33
96 99 80 78
96 100 19 58
97 98 73 54
97 99 69 78
97 100 100 85
98 99 67 93
98 100 2 65
99 100 7 34