50
10
400
0
0
1 2 233 46
1 3 177 45
1 4 174 42
1 5 296 48
1 6 269 44
1 7 128 40
1 8 163 46
1 9 291 46
1 10 164 48
1 11 181 50
1 12 275 46
1 13 135 48
1 14 115 42
1 15 150 42
1 16 280 48
1 17 243 50
1 18 153 45
1 19 238 41
1 20 283 50
1 21 117 44
1 22 204 41
1 23 229 47
1 24 263 49
1 25 136 50
1 26 204 48
1 27 186 40
1 28 210 45
1 29 246 40
1 30 292 45
1 31 112 47
1 32 195 49
1 33 298 40
1 34 203 43
1 35 129 48
1 36 154 43
1 37 234 45
1 38 114 44
1 39 116 44
1 40 149 49
1 41 242 48
1 42 241 42
1 43 164 50
1 44 178 45
1 45 181 42
1 46 185 41
1 47 247 49
1 48 300 44
1 49 185 40
1 50 112 45
2 3 104 47
2 4 290 44
2 5 221 50
2 6 113 43
2 7 179 44
2 8 119 47
2 9 105 49
2 10 244 48
2 11 275 42
2 12 203 47
2 13 287 49
2 14 200 42
2 15 150 44
2 16 138 50
2 17 128 43
2 18 112 48
2 19 178 45
2 20 180 40
2 21 141 46
2 22 123 44
2 23 164 50
2 24 203 47
2 25 119 48
2 26 121 48
2 27 262 43
2 28 157 48
2 29 167 49
2 30 141 44
2 31 112 47
2 32 250 46
2 33 224 43
2 34 241 46
2 35 232 50
2 36 213 41
2 37 217 43
2 38 158 47
2 39 181 43
2 40 193 49
2 41 107 49
2 42 245 48
2 43 208 40
2 44 184 49
2 45 143 48
2 46 159 49
2 47 180 45
2 48 144 43
2 49 177 46
2 50 191 47
3 4 251 41
3 5 232 41
3 6 233 40
3 7 149 49
3 8 280 48
3 9 295 42
3 10 215 47
3 11 214 48
3 12 135 48
3 13 240 47
3 14 215 40
3 15 175 44
3 16 147 40
3 17 219 45
3 18 292 45
3 19 154 40
3 20 168 41
3 21 232 50
3 22 279 40
3 23 107 41
3 24 220 44
3 25 256 43
3 26 299 41
3 27 299 40
3 28 216 48
3 29 294 43
3 30 266 40
3 31 202 41
3 32 209 40
3 33 289 48
3 34 115 43
3 35 237 44
3 36 168 45
3 37 188 48
3 38 248 46
3 39 203 40
3 40 234 45
3 41 120 40
3 42 260 44
3 43 183 45
3 44 130 45
3 45 132 48
3 46 162 47
3 47 172 47
3 48 131 44
3 49 163 41
3 50 274 46
4 5 179 50
4 6 151 47
4 7 193 42
4 8 154 48
4 9 246 42
4 10 300 44
4 11 121 46
4 12 212 48
4 13 199 48
4 14 254 42
4 15 269 48
4 16 136 42
4 17 250 48
4 18 181 47
4 19 172 46
4 20 116 49
4 21 160 42
4 22 282 42
4 23 299 43
4 24 209 48
4 25 182 48
4 26 294 47
4 27 292 48
4 28 132 44
4 29 162 47
4 30 164 48
4 31 148 45
4 32 101 50
4 33 131 45
4 34 226 41
4 35 210 41
4 36 231 46
4 37 162 42
4 38 118 44
4 39 118 44
4 40 186 47
4 41 182 42
4 42 138 44
4 43 178 46
4 44 183 49
4 45 231 50
4 46 136 46
4 47 126 50
4 48 260 44
4 49 160 43
4 50 154 48
5 6 194 46
5 7 196 44
5 8 120 44
5 9 203 50
5 10 152 45
5 11 103 40
5 12 245 49
5 13 115 45
5 14 272 50
5 15 225 46
5 16 208 49
5 17 166 44
5 18 215 42
5 19 292 46
5 20 154 43
5 21 153 45
5 22 288 43
5 23 158 50
5 24 197 41
5 25 216 50
5 26 150 45
5 27 284 48
5 28 300 42
5 29 249 47
5 30 288 47
5 31 265 41
5 32 133 43
5 33 211 46
5 34 158 50
5 35 202 46
5 36 224 45
5 37 277 43
5 38 183 46
5 39 154 42
5 40 226 40
5 41 221 41
5 42 204 50
5 43 223 41
5 44 147 47
5 45 107 44
5 46 220 42
5 47 150 42
5 48 165 42
5 49 109 41
5 50 174 47
6 7 113 41
6 8 175 49
6 9 265 44
6 10 236 44
6 11 265 46
6 12 232 44
6 13 244 40
6 14 298 50
6 15 107 48
6 16 172 48
6 17 256 41
6 18 280 40
6 19 170 44
6 20 257 45
6 21 223 43
6 22 296 48
6 23 127 40
6 24 195 45
6 25 222 47
6 26 184 47
6 27 193 43
6 28 102 49
6 29 129 45
6 30 232 42
6 31 197 41
6 32 256 48
6 33 120 40
6 34 282 46
6 35 128 50
6 36 290 47
6 37 136 50
6 38 150 48
6 39 213 40
6 40 273 44
6 41 104 49
6 42 127 41
6 43 135 47
6 44 156 44
6 45 264 44
6 46 177 49
6 47 184 48
6 48 104 46
6 49 122 46
6 50 100 50
7 8 218 41
7 9 183 48
7 10 292 45
7 11 288 47
7 12 296 40
7 13 224 41
7 14 236 50
7 15 219 44
7 16 255 41
7 17 285 49
7 18 270 42
7 19 295 41
7 20 273 45
7 21 274 40
7 22 139 49
7 23 273 43
7 24 175 46
7 25 121 41
7 26 295 46
7 27 114 47
7 28 231 46
7 29 205 50
7 30 167 49
7 31 161 49
7 32 228 46
7 33 254 42
7 34 297 43
7 35 184 43
7 36 268 45
7 37 220 45
7 38 154 49
7 39 125 43
7 40 292 48
7 41 219 43
7 42 212 46
7 43 193 46
7 44 258 40
7 45 150 41
7 46 163 40
7 47 166 40
7 48 166 45
7 49 209 46
7 50 280 40
8 9 236 48
8 10 233 40
8 11 106 50
8 12 238 45
8 13 279 49
8 14 182 50
8 15 144 45
8 16 249 49
8 17 269 45
8 18 253 43
8 19 168 49
8 20 213 47
8 21 128 42
8 22 106 42
8 23 216 48
8 24 139 47
8 25 250 40
8 26 101 42
8 27 197 46
8 28 268 46
8 29 125 44
8 30 149 43
8 31 136 40
8 32 255 47
8 33 183 42
8 34 221 43
8 35 208 45
8 36 166 47
8 37 220 41
8 38 144 41
8 39 163 47
8 40 163 44
8 41 126 44
8 42 232 49
8 43 165 45
8 44 215 44
8 45 230 46
8 46 102 47
8 47 168 42
8 48 231 43
8 49 154 41
8 50 108 45
9 10 129 40
9 11 148 45
9 12 296 45
9 13 158 43
9 14 229 42
9 15 141 49
9 16 255 49
9 17 102 47
9 18 108 50
9 19 217 46
9 20 206 45
9 21 233 48
9 22 219 49
9 23 114 40
9 24 122 41
9 25 259 42
9 26 172 49
9 27 197 50
9 28 108 42
9 29 173 42
9 30 185 42
9 31 287 45
9 32 181 47
9 33 159 49
9 34 217 44
9 35 266 50
9 36 280 46
9 37 155 42
9 38 245 49
9 39 209 44
9 40 218 48
9 41 179 50
9 42 115 48
9 43 291 45
9 44 134 45
9 45 109 40
9 46 287 44
9 47 125 41
9 48 192 49
9 49 129 48
9 50 154 41
10 11 293 45
10 12 140 47
10 13 253 47
10 14 181 42
10 15 212 47
10 16 155 49
10 17 157 46
10 18 107 43
10 19 241 43
10 20 296 48
10 21 264 41
10 22 205 49
10 23 163 47
10 24 170 49
10 25 174 48
10 26 144 45
10 27 215 42
10 28 268 45
10 29 299 44
10 30 170 41
10 31 284 47
10 32 167 47
10 33 199 50
10 34 102 48
10 35 297 42
10 36 204 50
10 37 186 40
10 38 154 50
10 39 290 40
10 40 223 44
10 41 131 49
10 42 262 50
10 43 192 44
10 44 230 45
10 45 279 44
10 46 277 43
10 47 108 43
10 48 106 47
10 49 118 46
10 50 108 46
11 12 266 45
11 13 257 43
11 14 292 49
11 15 264 44
11 16 169 48
11 17 173 49
11 18 236 40
11 19 101 44
11 20 261 45
11 21 103 49
11 22 287 43
11 23 241 42
11 24 272 47
11 25 109 45
11 26 122 49
11 27 296 49
11 28 194 40
11 29 151 44
11 30 231 44
11 31 243 43
11 32 231 40
11 33 194 46
11 34 124 44
11 35 296 50
11 36 285 49
11 37 171 50
11 38 241 48
11 39 236 46
11 40 238 49
11 41 155 49
11 42 139 44
11 43 114 49
11 44 276 42
11 45 216 49
11 46 266 44
11 47 128 42
11 48 123 40
11 49 151 43
11 50 159 45
12 13 233 44
12 14 226 40
12 15 117 46
12 16 237 47
12 17 249 50
12 18 142 41
12 19 266 45
12 20 225 46
12 21 277 48
12 22 101 48
12 23 204 47
12 24 150 49
12 25 107 41
12 26 106 44
12 27 183 49
12 28 300 43
12 29 146 50
12 30 247 49
12 31 150 46
12 32 282 41
12 33 168 50
12 34 155 43
12 35 166 42
12 36 192 48
12 37 270 42
12 38 231 44
12 39 121 41
12 40 260 47
12 41 176 50
12 42 240 46
12 43 207 45
12 44 250 43
12 45 231 43
12 46 161 44
12 47 169 46
12 48 176 42
12 49 149 49
12 50 202 50
13 14 238 45
13 15 157 44
13 16 298 40
13 17 149 45
13 18 235 45
13 19 273 44
13 20 219 45
13 21 202 48
13 22 203 44
13 23 260 42
13 24 155 40
13 25 258 44
13 26 246 49
13 27 204 45
13 28 160 42
13 29 183 48
13 30 223 40
13 31 163 42
13 32 149 50
13 33 155 41
13 34 131 48
13 35 208 45
13 36 283 50
13 37 115 43
13 38 132 48
13 39 136 45
13 40 164 40
13 41 155 45
13 42 206 49
13 43 280 50
13 44 123 44
13 45 182 41
13 46 207 45
13 47 195 43
13 48 154 45
13 49 137 47
13 50 210 40
14 15 114 42
14 16 207 50
14 17 113 40
14 18 247 41
14 19 187 48
14 20 205 42
14 21 248 49
14 22 194 45
14 23 171 40
14 24 106 46
14 25 225 48
14 26 265 42
14 27 106 50
14 28 183 43
14 29 134 49
14 30 120 42
14 31 261 48
14 32 294 40
14 33 209 47
14 34 300 49
14 35 163 40
14 36 184 41
14 37 158 40
14 38 105 50
14 39 101 49
14 40 136 49
14 41 123 45
14 42 265 43
14 43 183 48
14 44 288 40
14 45 115 47
14 46 253 42
14 47 144 42
14 48 297 46
14 49 292 41
14 50 231 40
15 16 286 50
15 17 186 43
15 18 183 43
15 19 171 49
15 20 225 50
15 21 243 50
15 22 267 43
15 23 240 43
15 24 163 47
15 25 134 42
15 26 208 47
15 27 226 46
15 28 125 50
15 29 277 41
15 30 262 46
15 31 143 50
15 32 257 50
15 33 297 44
15 34 174 41
15 35 273 40
15 36 150 42
15 37 232 40
15 38 204 42
15 39 146 42
15 40 296 42
15 41 195 45
15 42 298 40
15 43 178 46
15 44 260 44
15 45 108 50
15 46 166 49
15 47 226 44
15 48 239 42
15 49 233 43
15 50 230 41
16 17 109 49
16 18 247 48
16 19 171 45
16 20 267 47
16 21 208 46
16 22 146 40
16 23 162 47
16 24 294 40
16 25 222 44
16 26 113 41
16 27 173 48
16 28 239 46
16 29 145 50
16 30 178 40
16 31 128 48
16 32 217 43
16 33 285 41
16 34 234 48
16 35 211 44
16 36 180 40
16 37 192 45
16 38 225 50
16 39 238 40
16 40 178 46
16 41 198 49
16 42 176 41
16 43 140 44
16 44 290 48
16 45 156 43
16 46 197 48
16 47 181 42
16 48 137 45
16 49 121 41
16 50 186 42
17 18 269 42
17 19 187 48
17 20 174 46
17 21 253 50
17 22 151 50
17 23 153 46
17 24 257 50
17 25 125 46
17 26 100 47
17 27 218 48
17 28 170 46
17 29 227 42
17 30 297 46
17 31 176 47
17 32 181 40
17 33 177 43
17 34 154 50
17 35 297 50
17 36 237 49
17 37 113 41
17 38 207 46
17 39 204 44
17 40 236 43
17 41 296 44
17 42 201 43
17 43 210 43
17 44 238 43
17 45 257 48
17 46 247 46
17 47 138 50
17 48 183 43
17 49 141 50
17 50 217 43
18 19 114 47
18 20 275 45
18 21 271 42
18 22 178 50
18 23 172 49
18 24 184 43
18 25 217 50
18 26 109 42
18 27 247 46
18 28 215 44
18 29 137 43
18 30 229 45
18 31 226 46
18 32 150 40
18 33 169 50
18 34 196 44
18 35 298 40
18 36 206 42
18 37 173 43
18 38 265 45
18 39 300 43
18 40 121 49
18 41 169 49
18 42 269 47
18 43 174 50
18 44 268 43
18 45 230 46
18 46 211 40
18 47 261 44
18 48 125 45
18 49 125 40
18 50 251 42
19 20 218 41
19 21 163 47
19 22 193 44
19 23 250 47
19 24 227 47
19 25 129 50
19 26 117 42
19 27 112 41
19 28 123 45
19 29 205 47
19 30 123 49
19 31 201 44
19 32 219 44
19 33 256 49
19 34 241 44
19 35 166 47
19 36 125 50
19 37 190 44
19 38 210 46
19 39 167 45
19 40 126 40
19 41 260 44
19 42 233 48
19 43 102 42
19 44 219 47
19 45 237 40
19 46 205 47
19 47 101 50
19 48 140 48
19 49 157 43
19 50 185 48
20 21 166 50
20 22 251 45
20 23 251 48
20 24 158 47
20 25 210 45
20 26 183 46
20 27 142 44
20 28 104 48
20 29 112 46
20 30 225 49
20 31 280 44
20 32 169 47
20 33 271 43
20 34 201 44
20 35 181 41
20 36 208 41
20 37 153 45
20 38 236 43
20 39 151 44
20 40 253 48
20 41 210 49
20 42 256 44
20 43 124 48
20 44 156 46
20 45 113 47
20 46 104 48
20 47 282 50
20 48 130 46
20 49 100 45
20 50 263 47
21 22 250 42
21 23 106 43
21 24 264 44
21 25 104 46
21 26 225 46
21 27 249 50
21 28 109 47
21 29 244 46
21 30 274 47
21 31 285 41
21 32 176 43
21 33 269 43
21 34 100 46
21 35 135 50
21 36 234 45
21 37 193 46
21 38 248 49
21 39 292 46
21 40 174 40
21 41 114 50
21 42 259 47
21 43 104 44
21 44 159 43
21 45 128 41
21 46 159 40
21 47 127 40
21 48 243 47
21 49 204 40
21 50 198 44
22 23 208 42
22 24 173 44
22 25 286 40
22 26 122 48
22 27 247 43
22 28 117 41
22 29 142 41
22 30 214 42
22 31 149 46
22 32 197 46
22 33 187 40
22 34 108 40
22 35 206 49
22 36 275 50
22 37 256 50
22 38 122 48
22 39 250 45
22 40 257 44
22 41 156 50
22 42 141 43
22 43 281 47
22 44 203 41
22 45 224 48
22 46 281 48
22 47 290 43
22 48 201 41
22 49 222 42
22 50 135 45
23 24 156 41
23 25 264 49
23 26 167 44
23 27 268 48
23 28 108 50
23 29 109 47
23 30 235 46
23 31 119 42
23 32 175 45
23 33 275 47
23 34 203 42
23 35 290 41
23 36 299 49
23 37 103 49
23 38 263 47
23 39 162 49
23 40 127 42
23 41 138 47
23 42 283 43
23 43 170 49
23 44 222 50
23 45 139 49
23 46 120 45
23 47 162 47
23 48 160 44
23 49 255 48
23 50 178 47
24 25 205 50
24 26 271 46
24 27 271 48
24 28 148 48
24 29 152 45
24 30 245 40
24 31 160 46
24 32 282 50
24 33 227 44
24 34 104 43
24 35 251 48
24 36 148 41
24 37 193 48
24 38 240 48
24 39 218 49
24 40 196 43
24 41 162 42
24 42 218 45
24 43 210 46
24 44 294 42
24 45 211 45
24 46 179 40
24 47 232 46
24 48 119 49
24 49 143 44
24 50 190 48
25 26 163 48
25 27 135 47
25 28 169 46
25 29 178 50
25 30 153 46
25 31 107 48
25 32 139 42
25 33 211 42
25 34 294 42
25 35 258 42
25 36 229 50
25 37 278 40
25 38 225 40
25 39 190 45
25 40 293 50
25 41 271 44
25 42 287 46
25 43 178 48
25 44 252 46
25 45 280 42
25 46 261 49
25 47 139 40
25 48 297 44
25 49 216 50
25 50 144 47
26 27 206 45
26 28 197 41
26 29 111 42
26 30 250 41
26 31 169 48
26 32 263 41
26 33 147 47
26 34 298 48
26 35 286 41
26 36 199 45
26 37 232 42
26 38 191 47
26 39 175 40
26 40 192 44
26 41 119 45
26 42 111 50
26 43 133 45
26 44 267 47
26 45 190 43
26 46 155 42
26 47 181 50
26 48 100 42
26 49 274 45
26 50 300 43
27 28 160 48
27 29 268 45
27 30 116 45
27 31 155 50
27 32 232 45
27 33 109 45
27 34 156 49
27 35 183 50
27 36 226 46
27 37 287 49
27 38 189 48
27 39 176 47
27 40 163 41
27 41 256 40
27 42 264 43
27 43 204 44
27 44 293 41
27 45 119 45
27 46 246 41
27 47 136 46
27 48 152 44
27 49 114 48
27 50 282 43
28 29 188 44
28 30 105 44
28 31 293 42
28 32 137 40
28 33 180 43
28 34 160 47
28 35 231 40
28 36 100 49
28 37 188 47
28 38 239 46
28 39 201 40
28 40 117 48
28 41 174 43
28 42 277 43
28 43 282 49
28 44 265 49
28 45 254 41
28 46 264 47
28 47 221 43
28 48 294 49
28 49 109 41
28 50 237 40
29 30 277 41
29 31 267 44
29 32 210 44
29 33 224 49
29 34 232 46
29 35 138 45
29 36 119 50
29 37 238 49
29 38 120 48
29 39 231 46
29 40 225 43
29 41 241 40
29 42 147 47
29 43 123 50
29 44 186 45
29 45 260 46
29 46 252 40
29 47 162 49
29 48 234 50
29 49 117 49
29 50 296 42
30 31 164 40
30 32 145 41
30 33 261 50
30 34 121 42
30 35 214 49
30 36 296 41
30 37 132 47
30 38 260 43
30 39 173 49
30 40 261 41
30 41 193 45
30 42 266 44
30 43 263 46
30 44 225 42
30 45 234 47
30 46 103 44
30 47 114 47
30 48 153 50
30 49 111 41
30 50 209 46
31 32 209 43
31 33 236 44
31 34 110 49
31 35 287 50
31 36 211 49
31 37 141 41
31 38 243 43
31 39 282 42
31 40 211 42
31 41 141 46
31 42 291 43
31 43 121 50
31 44 207 43
31 45 209 40
31 46 273 47
31 47 239 44
31 48 132 40
31 49 276 49
31 50 167 47
32 33 280 49
32 34 140 40
32 35 285 42
32 36 131 48
32 37 271 40
32 38 160 40
32 39 300 43
32 40 259 43
32 41 289 41
32 42 111 40
32 43 180 40
32 44 132 41
32 45 280 40
32 46 299 45
32 47 162 43
32 48 217 42
32 49 282 42
32 50 288 43
33 34 237 47
33 35 245 40
33 36 174 43
33 37 143 50
33 38 219 47
33 39 223 41
33 40 179 47
33 41 158 40
33 42 158 47
33 43 118 47
33 44 103 47
33 45 281 48
33 46 289 46
33 47 175 40
33 48 172 42
33 49 225 45
33 50 264 48
34 35 210 47
34 36 250 47
34 37 247 41
34 38 264 45
34 39 129 47
34 40 211 40
34 41 203 42
34 42 116 45
34 43 110 46
34 44 138 49
34 45 256 42
34 46 112 49
34 47 286 48
34 48 146 45
34 49 196 47
34 50 266 46
35 36 238 46
35 37 249 41
35 38 231 41
35 39 145 47
35 40 112 41
35 41 234 50
35 42 287 44
35 43 200 50
35 44 204 41
35 45 271 44
35 46 145 40
35 47 289 46
35 48 142 44
35 49 139 48
35 50 268 48
36 37 297 47
36 38 242 46
36 39 144 42
36 40 184 42
36 41 241 43
36 42 108 43
36 43 168 47
36 44 289 44
36 45 289 45
36 46 140 50
36 47 113 43
36 48 170 44
36 49 291 43
36 50 127 43
37 38 288 46
37 39 172 47
37 40 193 44
37 41 123 49
37 42 280 44
37 43 269 45
37 44 176 46
37 45 279 44
37 46 283 50
37 47 159 42
37 48 263 49
37 49 151 45
37 50 121 46
38 39 283 44
38 40 105 44
38 41 112 42
38 42 286 42
38 43 254 45
38 44 246 40
38 45 100 47
38 46 111 48
38 47 129 43
38 48 125 41
38 49 107 48
38 50 101 42
39 40 246 49
39 41 160 47
39 42 265 48
39 43 272 42
39 44 111 50
39 45 243 41
39 46 223 43
39 47 160 45
39 48 201 41
39 49 124 41
39 50 284 43
40 41 114 44
40 42 220 48
40 43 298 48
40 44 148 46
40 45 148 40
40 46 147 50
40 47 266 42
40 48 162 40
40 49 237 46
40 50 226 48
41 42 180 41
41 43 267 40
41 44 279 49
41 45 175 42
41 46 216 47
41 47 112 49
41 48 122 45
41 49 286 46
41 50 299 44
42 43 114 48
42 44 184 40
42 45 127 44
42 46 246 42
42 47 156 42
42 48 194 41
42 49 110 44
42 50 156 41
43 44 113 42
43 45 159 46
43 46 299 44
43 47 115 40
43 48 218 50
43 49 133 44
43 50 195 45
44 45 264 41
44 46 170 45
44 47 153 46
44 48 176 45
44 49 195 43
44 50 157 42
45 46 288 46
45 47 300 40
45 48 232 48
45 49 168 48
45 50 125 48
46 47 135 48
46 48 224 44
46 49 228 45
46 50 276 49
47 48 205 49
47 49 126 41
47 50 146 46
48 49 273 50
48 50 265 41
49 50 169 44