50
5
50
0
0
1 2 40 34
1 3 44 34
1 4 56 12
1 5 41 21
1 6 48 33
1 7 57 32
1 8 41 35
1 9 52 39
1 10 45 28
1 11 60 19
1 12 49 22
1 13 50 16
1 14 46 24
1 15 57 15
1 16 59 14
1 17 58 32
1 18 52 27
1 19 53 17
1 20 47 31
1 21 43 28
1 22 42 35
1 23 54 18
1 24 53 13
1 25 58 19
1 26 46 35
1 27 45 22
1 28 50 24
1 29 42 26
1 30 55 23
1 31 54 21
1 32 44 24
1 33 48 14
1 34 47 15
1 35 49 19
1 36 42 39
1 37 49 26
1 38 43 28
1 39 56 19
1 40 53 39
1 41 47 23
1 42 49 34
1 43 57 39
1 44 51 40
1 45 59 36
1 46 54 12
1 47 42 33
1 48 41 20
1 49 53 20
1 50 45 34
2 3 45 33
2 4 53 20
2 5 55 21
2 6 48 10
2 7 59 30
2 8 48 26
2 9 57 35
2 10 41 15
2 11 48 13
2 12 56 18
2 13 42 37
2 14 57 24
2 15 44 18
2 16 60 32
2 17 44 24
2 18 45 30
2 19 51 33
2 20 52 39
2 21 44 13
2 22 54 20
2 23 59 15
2 24 44 18
2 25 54 32
2 26 57 33
2 27 59 28
2 28 57 40
2 29 54 10
2 30 53 36
2 31 54 29
2 32 55 30
2 33 52 15
2 34 44 12
2 35 52 22
2 36 56 19
2 37 45 36
2 38 56 24
2 39 54 16
2 40 53 38
2 41 58 40
2 42 49 24
2 43 48 34
2 44 57 29
2 45 43 31
2 46 47 14
2 47 56 30
2 48 49 31
2 49 43 18
2 50 40 38
3 4 43 34
3 5 54 25
3 6 55 37
3 7 57 19
3 8 47 27
3 9 56 21
3 10 43 39
3 11 50 20
3 12 49 34
3 13 51 31
3 14 60 11
3 15 50 19
3 16 45 22
3 17 56 24
3 18 41 10
3 19 42 33
3 20 43 28
3 21 59 29
3 22 52 37
3 23 43 40
3 24 58 18
3 25 53 36
3 26 59 11
3 27 45 34
3 28 54 22
3 29 43 30
3 30 54 30
3 31 49 33
3 32 45 11
3 33 47 39
3 34 56 37
3 35 53 21
3 36 46 20
3 37 43 34
3 38 54 22
3 39 45 39
3 40 47 32
3 41 46 12
3 42 57 31
3 43 47 11
3 44 40 18
3 45 51 17
3 46 50 26
3 47 49 21
3 48 54 35
3 49 45 27
3 50 49 28
4 5 54 18
4 6 58 32
4 7 56 33
4 8 59 35
4 9 50 21
4 10 54 17
4 11 42 11
4 12 44 17
4 13 51 21
4 14 55 35
4 15 53 13
4 16 46 27
4 17 55 15
4 18 48 31
4 19 44 12
4 20 55 15
4 21 48 28
4 22 50 27
4 23 59 14
4 24 48 22
4 25 43 21
4 26 55 36
4 27 54 31
4 28 48 26
4 29 42 34
4 30 43 22
4 31 46 28
4 32 60 13
4 33 45 32
4 34 58 40
4 35 60 12
4 36 51 29
4 37 49 10
4 38 40 32
4 39 60 10
4 40 49 18
4 41 48 11
4 42 46 25
4 43 45 14
4 44 57 16
4 45 59 14
4 46 56 34
4 47 58 14
4 48 52 30
4 49 48 20
4 50 49 16
5 6 50 12
5 7 52 40
5 8 49 37
5 9 58 38
5 10 60 35
5 11 57 38
5 12 43 13
5 13 42 19
5 14 44 25
5 15 56 25
5 16 40 38
5 17 58 11
5 18 51 18
5 19 52 33
5 20 42 38
5 21 40 35
5 22 46 33
5 23 43 27
5 24 40 23
5 25 59 24
5 26 53 35
5 27 43 13
5 28 42 30
5 29 55 31
5 30 51 32
5 31 57 39
5 32 60 32
5 33 47 37
5 34 40 12
5 35 54 39
5 36 48 23
5 37 56 15
5 38 53 26
5 39 47 40
5 40 53 29
5 41 46 14
5 42 47 11
5 43 57 31
5 44 43 23
5 45 56 14
5 46 46 34
5 47 47 34
5 48 55 32
5 49 50 13
5 50 55 10
6 7 43 21
6 8 42 30
6 9 52 20
6 10 53 22
6 11 50 34
6 12 58 17
6 13 41 11
6 14 51 23
6 15 51 27
6 16 60 18
6 17 43 22
6 18 55 33
6 19 53 26
6 20 49 16
6 21 41 21
6 22 51 40
6 23 60 19
6 24 47 36
6 25 53 40
6 26 52 26
6 27 51 32
6 28 57 20
6 29 55 34
6 30 46 35
6 31 52 18
6 32 45 36
6 33 47 15
6 34 43 39
6 35 51 17
6 36 59 15
6 37 44 19
6 38 45 14
6 39 59 28
6 40 58 32
6 41 57 22
6 42 40 39
6 43 54 31
6 44 60 25
6 45 60 18
6 46 50 20
6 47 51 19
6 48 49 35
6 49 52 27
6 50 58 29
7 8 45 13
7 9 47 25
7 10 54 26
7 11 52 18
7 12 52 39
7 13 48 35
7 14 60 21
7 15 45 12
7 16 45 35
7 17 40 32
7 18 44 40
7 19 59 26
7 20 56 10
7 21 53 31
7 22 47 29
7 23 55 36
7 24 47 11
7 25 56 39
7 26 49 29
7 27 50 30
7 28 60 35
7 29 42 17
7 30 48 10
7 31 47 21
7 32 53 23
7 33 53 19
7 34 50 25
7 35 59 36
7 36 42 22
7 37 51 20
7 38 46 15
7 39 43 28
7 40 55 20
7 41 42 11
7 42 49 25
7 43 59 27
7 44 49 30
7 45 54 30
7 46 50 27
7 47 48 28
7 48 52 15
7 49 53 12
7 50 50 31
8 9 54 15
8 10 54 11
8 11 51 27
8 12 46 40
8 13 48 15
8 14 53 26
8 15 44 10
8 16 55 40
8 17 41 25
8 18 53 10
8 19 53 20
8 20 48 34
8 21 40 27
8 22 40 32
8 23 50 21
8 24 42 29
8 25 44 27
8 26 53 17
8 27 56 28
8 28 46 22
8 29 40 27
8 30 45 16
8 31 53 29
8 32 52 36
8 33 58 35
8 34 49 19
8 35 56 25
8 36 52 12
8 37 49 28
8 38 54 35
8 39 45 30
8 40 57 32
8 41 56 39
8 42 50 23
8 43 51 13
8 44 58 32
8 45 45 14
8 46 41 14
8 47 59 35
8 48 41 10
8 49 44 20
8 50 56 30
9 10 51 39
9 11 45 27
9 12 50 20
9 13 45 30
9 14 55 38
9 15 56 27
9 16 47 36
9 17 47 19
9 18 53 40
9 19 52 10
9 20 55 16
9 21 44 18
9 22 47 22
9 23 42 16
9 24 54 14
9 25 40 31
9 26 60 30
9 27 55 30
9 28 47 39
9 29 50 33
9 30 43 15
9 31 59 32
9 32 59 19
9 33 42 21
9 34 53 23
9 35 55 16
9 36 53 35
9 37 43 16
9 38 56 18
9 39 52 27
9 40 47 38
9 41 41 13
9 42 47 21
9 43 40 22
9 44 51 30
9 45 43 33
9 46 42 30
9 47 44 24
9 48 58 37
9 49 42 27
9 50 58 15
10 11 46 10
10 12 48 38
10 13 49 25
10 14 50 14
10 15 42 27
10 16 52 28
10 17 56 12
10 18 59 24
10 19 50 37
10 20 50 20
10 21 43 27
10 22 58 40
10 23 59 27
10 24 45 31
10 25 60 39
10 26 59 12
10 27 54 10
10 28 47 29
10 29 60 25
10 30 55 31
10 31 56 11
10 32 43 27
10 33 57 24
10 34 44 32
10 35 53 15
10 36 50 37
10 37 50 25
10 38 46 39
10 39 56 33
10 40 47 27
10 41 43 12
10 42 50 22
10 43 60 37
10 44 53 36
10 45 46 20
10 46 54 28
10 47 45 31
10 48 46 12
10 49 41 10
10 50 43 16
11 12 46 19
11 13 56 28
11 14 44 38
11 15 46 23
11 16 52 32
11 17 50 13
11 18 60 11
11 19 44 36
11 20 51 40
11 21 42 40
11 22 52 13
11 23 42 33
11 24 58 28
11 25 58 27
11 26 52 31
11 27 54 35
11 28 43 40
11 29 44 13
11 30 53 24
11 31 55 17
11 32 52 40
11 33 57 20
11 34 48 22
11 35 48 12
11 36 43 40
11 37 41 31
11 38 48 35
11 39 51 11
11 40 51 25
11 41 55 29
11 42 46 22
11 43 49 23
11 44 45 34
11 45 56 17
11 46 58 32
11 47 57 20
11 48 45 13
11 49 43 22
11 50 45 15
12 13 59 30
12 14 53 31
12 15 41 34
12 16 49 25
12 17 56 26
12 18 49 18
12 19 46 14
12 20 41 39
12 21 57 32
12 22 60 32
12 23 43 17
12 24 43 24
12 25 41 11
12 26 48 21
12 27 53 17
12 28 40 34
12 29 41 34
12 30 59 14
12 31 59 12
12 32 47 26
12 33 51 14
12 34 60 27
12 35 50 34
12 36 54 15
12 37 57 17
12 38 44 19
12 39 46 19
12 40 45 10
12 41 51 26
12 42 47 22
12 43 43 18
12 44 55 39
12 45 60 25
12 46 40 12
12 47 49 27
12 48 59 16
12 49 45 19
12 50 53 20
13 14 55 12
13 15 40 28
13 16 50 40
13 17 48 33
13 18 59 10
13 19 45 13
13 20 57 27
13 21 57 11
13 22 46 22
13 23 60 12
13 24 51 23
13 25 59 29
13 26 45 39
13 27 46 27
13 28 48 23
13 29 50 35
13 30 49 12
13 31 59 16
13 32 43 32
13 33 50 21
13 34 58 40
13 35 48 32
13 36 58 11
13 37 56 12
13 38 51 13
13 39 47 32
13 40 51 13
13 41 45 24
13 42 42 11
13 43 43 35
13 44 55 36
13 45 60 23
13 46 41 13
13 47 43 16
13 48 49 16
13 49 42 29
13 50 56 11
14 15 51 13
14 16 52 17
14 17 47 17
14 18 57 16
14 19 52 10
14 20 48 39
14 21 48 26
14 22 45 27
14 23 54 17
14 24 40 35
14 25 57 34
14 26 43 10
14 27 57 30
14 28 51 16
14 29 56 35
14 30 51 28
14 31 43 39
14 32 44 26
14 33 59 30
14 34 45 18
14 35 44 39
14 36 48 32
14 37 47 39
14 38 49 37
14 39 58 29
14 40 60 25
14 41 59 14
14 42 48 32
14 43 41 19
14 44 43 10
14 45 59 10
14 46 60 40
14 47 40 10
14 48 48 38
14 49 49 34
14 50 40 26
15 16 54 18
15 17 55 39
15 18 42 24
15 19 53 17
15 20 57 29
15 21 47 14
15 22 54 18
15 23 57 31
15 24 45 23
15 25 54 16
15 26 53 31
15 27 57 17
15 28 50 32
15 29 45 21
15 30 42 40
15 31 48 27
15 32 57 36
15 33 52 23
15 34 50 28
15 35 60 21
15 36 54 34
15 37 52 26
15 38 42 20
15 39 51 28
15 40 45 40
15 41 55 21
15 42 53 31
15 43 48 10
15 44 45 38
15 45 51 32
15 46 57 10
15 47 49 18
15 48 55 18
15 49 42 22
15 50 53 14
16 17 47 11
16 18 59 15
16 19 55 22
16 20 53 28
16 21 59 33
16 22 59 26
16 23 50 27
16 24 60 12
16 25 49 39
16 26 58 30
16 27 51 33
16 28 50 27
16 29 52 16
16 30 40 21
16 31 59 13
16 32 56 12
16 33 46 17
16 34 58 31
16 35 55 32
16 36 45 29
16 37 41 40
16 38 45 31
16 39 56 20
16 40 44 39
16 41 43 21
16 42 57 27
16 43 58 26
16 44 48 21
16 45 44 19
16 46 58 11
16 47 47 16
16 48 58 17
16 49 49 29
16 50 54 35
17 18 57 32
17 19 45 26
17 20 57 17
17 21 59 36
17 22 42 27
17 23 59 34
17 24 47 38
17 25 52 31
17 26 50 19
17 27 45 38
17 28 60 18
17 29 50 27
17 30 56 25
17 31 43 38
17 32 54 37
17 33 46 31
17 34 43 31
17 35 45 26
17 36 50 25
17 37 42 12
17 38 46 37
17 39 50 16
17 40 45 37
17 41 52 35
17 42 54 37
17 43 51 34
17 44 51 35
17 45 48 19
17 46 43 23
17 47 41 22
17 48 40 19
17 49 48 32
17 50 40 19
18 19 45 35
18 20 52 18
18 21 43 39
18 22 55 24
18 23 50 37
18 24 60 11
18 25 47 40
18 26 55 29
18 27 60 12
18 28 59 18
18 29 56 33
18 30 54 26
18 31 41 16
18 32 60 38
18 33 46 37
18 34 53 23
18 35 60 24
18 36 48 31
18 37 60 39
18 38 40 13
18 39 49 38
18 40 51 39
18 41 47 31
18 42 42 13
18 43 55 40
18 44 54 24
18 45 43 25
18 46 54 39
18 47 47 34
18 48 49 37
18 49 48 23
18 50 51 14
19 20 50 12
19 21 50 19
19 22 54 40
19 23 54 34
19 24 43 26
19 25 57 23
19 26 53 17
19 27 44 30
19 28 58 40
19 29 45 37
19 30 40 15
19 31 56 14
19 32 56 24
19 33 59 13
19 34 41 16
19 35 59 29
19 36 59 20
19 37 56 16
19 38 51 32
19 39 41 15
19 40 56 19
19 41 55 11
19 42 45 25
19 43 42 34
19 44 51 10
19 45 43 23
19 46 48 22
19 47 59 23
19 48 46 15
19 49 41 40
19 50 55 38
20 21 58 39
20 22 46 34
20 23 57 11
20 24 51 40
20 25 46 17
20 26 54 24
20 27 56 27
20 28 57 24
20 29 57 32
20 30 47 40
20 31 41 18
20 32 41 31
20 33 58 16
20 34 50 37
20 35 52 13
20 36 40 33
20 37 45 26
20 38 54 11
20 39 48 31
20 40 54 33
20 41 60 30
20 42 52 31
20 43 56 38
20 44 54 14
20 45 60 14
20 46 46 13
20 47 43 23
20 48 59 35
20 49 40 14
20 50 50 13
21 22 50 35
21 23 57 11
21 24 52 15
21 25 40 21
21 26 57 36
21 27 47 24
21 28 43 11
21 29 47 15
21 30 43 22
21 31 53 39
21 32 48 19
21 33 40 27
21 34 51 40
21 35 47 36
21 36 49 38
21 37 58 35
21 38 50 17
21 39 50 39
21 40 51 17
21 41 54 31
21 42 42 24
21 43 47 17
21 44 40 29
21 45 41 26
21 46 59 21
21 47 41 32
21 48 54 21
21 49 40 32
21 50 60 13
22 23 48 40
22 24 51 38
22 25 41 18
22 26 46 27
22 27 41 18
22 28 48 16
22 29 57 21
22 30 47 15
22 31 55 13
22 32 41 17
22 33 55 33
22 34 49 34
22 35 52 30
22 36 52 40
22 37 52 26
22 38 52 35
22 39 56 33
22 40 50 28
22 41 59 11
22 42 44 14
22 43 47 26
22 44 59 16
22 45 40 34
22 46 45 19
22 47 51 25
22 48 43 32
22 49 41 26
22 50 58 34
23 24 54 37
23 25 55 25
23 26 53 35
23 27 56 15
23 28 47 11
23 29 52 16
23 30 47 22
23 31 48 16
23 32 45 35
23 33 40 31
23 34 48 21
23 35 55 14
23 36 49 15
23 37 45 25
23 38 55 30
23 39 54 40
23 40 48 21
23 41 60 37
23 42 45 15
23 43 54 22
23 44 40 27
23 45 44 31
23 46 59 19
23 47 48 22
23 48 58 15
23 49 59 31
23 50 44 32
24 25 46 23
24 26 54 23
24 27 43 39
24 28 58 30
24 29 46 32
24 30 54 17
24 31 56 28
24 32 56 33
24 33 53 19
24 34 46 31
24 35 48 23
24 36 51 22
24 37 41 19
24 38 48 27
24 39 51 32
24 40 43 25
24 41 43 30
24 42 49 40
24 43 48 16
24 44 40 19
24 45 43 18
24 46 60 39
24 47 49 11
24 48 57 19
24 49 41 21
24 50 40 30
25 26 53 11
25 27 53 25
25 28 51 13
25 29 48 30
25 30 52 37
25 31 45 33
25 32 58 18
25 33 58 38
25 34 40 16
25 35 52 28
25 36 53 31
25 37 53 23
25 38 52 21
25 39 58 34
25 40 53 23
25 41 42 33
25 42 55 21
25 43 53 27
25 44 51 31
25 45 52 11
25 46 47 39
25 47 59 19
25 48 47 23
25 49 48 28
25 50 40 20
26 27 41 33
26 28 47 37
26 29 41 11
26 30 60 18
26 31 52 36
26 32 41 11
26 33 44 22
26 34 50 28
26 35 42 17
26 36 44 14
26 37 53 40
26 38 46 30
26 39 40 17
26 40 47 10
26 41 53 20
26 42 56 32
26 43 55 32
26 44 44 38
26 45 47 28
26 46 41 34
26 47 52 33
26 48 58 40
26 49 46 29
26 50 40 14
27 28 57 20
27 29 42 33
27 30 54 37
27 31 51 20
27 32 56 34
27 33 55 39
27 34 40 11
27 35 41 30
27 36 56 20
27 37 49 24
27 38 50 34
27 39 47 11
27 40 45 31
27 41 42 32
27 42 55 29
27 43 56 27
27 44 45 26
27 45 45 36
27 46 58 24
27 47 41 10
27 48 42 38
27 49 43 26
27 50 53 20
28 29 53 29
28 30 57 38
28 31 47 22
28 32 54 32
28 33 58 27
28 34 57 11
28 35 47 14
28 36 52 20
28 37 48 15
28 38 60 18
28 39 58 33
28 40 44 40
28 41 44 24
28 42 60 16
28 43 41 29
28 44 45 11
28 45 53 33
28 46 45 31
28 47 54 31
28 48 52 36
28 49 55 11
28 50 60 37
29 30 52 12
29 31 41 12
29 32 58 12
29 33 50 20
29 34 55 25
29 35 56 18
29 36 56 17
29 37 47 10
29 38 56 40
29 39 54 34
29 40 48 37
29 41 59 20
29 42 51 36
29 43 52 16
29 44 55 32
29 45 46 11
29 46 50 39
29 47 58 31
29 48 53 31
29 49 48 15
29 50 46 37
30 31 45 37
30 32 44 30
30 33 46 33
30 34 55 35
30 35 55 18
30 36 51 34
30 37 49 32
30 38 52 40
30 39 40 31
30 40 43 26
30 41 45 29
30 42 56 22
30 43 49 21
30 44 49 33
30 45 60 36
30 46 49 11
30 47 54 20
30 48 48 31
30 49 46 13
30 50 46 17
31 32 42 30
31 33 40 22
31 34 43 12
31 35 50 27
31 36 42 28
31 37 50 34
31 38 41 22
31 39 53 14
31 40 51 30
31 41 60 34
31 42 56 13
31 43 59 38
31 44 58 22
31 45 43 12
31 46 44 21
31 47 57 18
31 48 59 12
31 49 41 23
31 50 51 11
32 33 48 33
32 34 56 25
32 35 49 40
32 36 47 36
32 37 43 22
32 38 40 26
32 39 46 32
32 40 57 38
32 41 43 39
32 42 44 38
32 43 59 35
32 44 51 15
32 45 50 29
32 46 56 30
32 47 49 29
32 48 41 31
32 49 49 23
32 50 55 12
33 34 54 39
33 35 52 36
33 36 50 36
33 37 48 12
33 38 49 12
33 39 45 30
33 40 60 30
33 41 57 22
33 42 42 17
33 43 40 40
33 44 57 26
33 45 49 25
33 46 43 38
33 47 56 38
33 48 49 10
33 49 47 26
33 50 45 16
34 35 49 11
34 36 58 17
34 37 51 17
34 38 50 31
34 39 55 23
34 40 47 13
34 41 52 13
34 42 59 13
34 43 59 36
34 44 56 21
34 45 47 34
34 46 48 20
34 47 45 38
34 48 43 25
34 49 47 11
34 50 41 11
35 36 48 38
35 37 46 24
35 38 45 28
35 39 46 23
35 40 59 21
35 41 56 23
35 42 49 36
35 43 45 25
35 44 48 26
35 45 41 31
35 46 41 34
35 47 48 39
35 48 44 32
35 49 53 18
35 50 58 40
36 37 43 25
36 38 40 25
36 39 42 33
36 40 48 35
36 41 46 13
36 42 60 40
36 43 43 29
36 44 55 36
36 45 45 37
36 46 46 34
36 47 47 14
36 48 41 13
36 49 50 23
36 50 50 12
37 38 44 21
37 39 51 24
37 40 56 26
37 41 59 26
37 42 45 31
37 43 55 12
37 44 49 23
37 45 42 16
37 46 45 17
37 47 52 19
37 48 40 26
37 49 45 22
37 50 49 30
38 39 51 24
38 40 42 28
38 41 42 33
38 42 46 18
38 43 56 32
38 44 60 27
38 45 41 20
38 46 47 39
38 47 45 18
38 48 52 26
38 49 40 22
38 50 45 40
39 40 42 31
39 41 51 18
39 42 45 35
39 43 52 14
39 44 60 23
39 45 53 12
39 46 53 31
39 47 56 32
39 48 43 21
39 49 50 25
39 50 59 22
40 41 55 33
40 42 51 35
40 43 56 10
40 44 44 32
40 45 43 29
40 46 43 27
40 47 40 39
40 48 43 28
40 49 40 37
40 50 40 22
41 42 55 21
41 43 47 28
41 44 43 37
41 45 56 22
41 46 54 28
41 47 44 31
41 48 49 31
41 49 43 30
41 50 44 39
42 43 57 13
42 44 59 36
42 45 46 18
42 46 49 28
42 47 59 30
42 48 43 22
42 49 48 11
42 50 44 25
43 44 52 24
43 45 51 29
43 46 56 11
43 47 59 11
43 48 56 11
43 49 47 18
43 50 47 31
44 45 48 15
44 46 40 14
44 47 48 26
44 48 40 30
44 49 42 20
44 50 49 24
45 46 55 12
45 47 59 10
45 48 53 18
45 49 59 27
45 50 40 27
46 47 43 32
46 48 43 11
46 49 49 24
46 50 41 29
47 48 58 12
47 49 57 29
47 50 57 13
48 49 57 35
48 50 58 24
49 50 56 25