100
11
11
23
64
2
91
70
96
24
61
73
62
83
21
11
48
65
7
33
71
22
39
31
85
56
99
26
59
72
89
16
49
47
86
100
92
54
29
60
55
51
53
46
34
25
9
97
32
40
84
17
75
63
1 2 33 97
1 3 8 7
1 4 9 69
1 5 34 63
1 6 30 48
1 7 70 37
1 8 89 63
1 9 56 89
1 10 35 63
1 11 33 56
1 12 22 10
1 13 13 72
1 14 27 39
1 15 4 68
1 16 2 98
1 17 84 71
1 18 33 59
1 19 97 6
1 20 30 82
1 21 72 48
1 22 42 22
1 23 66 40
1 24 80 82
1 25 29 85
1 26 44 88
1 27 83 55
1 28 78 6
1 29 36 87
1 30 20 87
1 31 42 81
1 32 11 69
1 33 13 10
1 34 64 67
1 35 94 20
1 36 53 71
1 37 80 90
1 38 56 38
1 39 21 36
1 40 83 75
1 41 68 65
1 42 25 31
1 43 25 17
1 44 88 87
1 45 46 66
1 46 47 20
1 47 60 98
1 48 44 58
1 49 56 25
1 50 1 55
1 51 9 34
1 52 87 100
1 53 67 4
1 54 40 1
1 55 54 54
1 56 89 28
1 57 92 12
1 58 36 53
1 59 61 30
1 60 44 97
1 61 91 11
1 62 19 32
1 63 33 39
1 64 22 28
1 65 79 79
1 66 49 60
1 67 66 74
1 68 29 36
1 69 94 83
1 70 91 40
1 71 67 25
1 72 37 80
1 73 6 87
1 74 61 62
1 75 43 54
1 76 76 70
1 77 78 49
1 78 23 100
1 79 36 45
1 80 77 31
1 81 35 8
1 82 87 91
1 83 51 30
1 84 93 22
1 85 46 3
1 86 29 9
1 87 23 61
1 88 100 83
1 89 60 22
1 90 98 6
1 91 18 79
1 92 32 44
1 93 33 54
1 94 56 73
1 95 31 53
1 96 49 26
1 97 68 85
1 98 25 87
1 99 43 63
1 100 98 47
2 3 85 1
2 4 31 17
2 5 40 86
2 6 57 3
2 7 16 16
2 8 84 32
2 9 17 5
2 10 13 81
2 11 8 66
2 12 25 73
2 13 65 4
2 14 80 59
2 15 27 97
2 16 4 93
2 17 72 9
2 18 75 95
2 19 19 15
2 20 8 7
2 21 12 35
2 22 59 47
2 23 14 58
2 24 73 7
2 25 57 52
2 26 90 16
2 27 66 41
2 28 29 80
2 29 85 51
2 30 46 92
2 31 81 7
2 32 89 92
2 33 87 62
2 34 38 96
2 35 72 97
2 36 39 94
2 37 90 18
2 38 54 39
2 39 47 82
2 40 80 17
2 41 91 94
2 42 61 72
2 43 62 92
2 44 4 56
2 45 82 50
2 46 39 40
2 47 24 33
2 48 77 26
2 49 55 50
2 50 19 3
2 51 27 39
2 52 32 58
2 53 50 38
2 54 13 93
2 55 96 61
2 56 6 32
2 57 58 61
2 58 43 6
2 59 77 30
2 60 88 16
2 61 28 60
2 62 98 81
2 63 8 20
2 64 93 75
2 65 88 80
2 66 40 94
2 67 56 92
2 68 43 12
2 69 70 76
2 70 59 89
2 71 46 57
2 72 34 48
2 73 49 97
2 74 16 37
2 75 84 40
2 76 80 99
2 77 49 74
2 78 36 5
2 79 80 66
2 80 93 93
2 81 77 60
2 82 5 50
2 83 42 78
2 84 91 17
2 85 76 95
2 86 37 52
2 87 99 78
2 88 25 95
2 89 98 8
2 90 1 69
2 91 5 64
2 92 30 84
2 93 78 44
2 94 74 9
2 95 66 26
2 96 14 98
2 97 13 97
2 98 16 9
2 99 40 50
2 100 50 72
3 4 39 72
3 5 44 13
3 6 78 56
3 7 24 76
3 8 87 56
3 9 1 96
3 10 21 4
3 11 11 77
3 12 17 31
3 13 92 83
3 14 58 88
3 15 23 33
3 16 80 86
3 17 100 41
3 18 88 50
3 19 52 59
3 20 11 36
3 21 69 58
3 22 30 61
3 23 36 93
3 24 86 88
3 25 77 42
3 26 24 90
3 27 47 24
3 28 79 33
3 29 100 48
3 30 67 62
3 31 100 32
3 32 80 68
3 33 41 11
3 34 10 73
3 35 33 65
3 36 2 81
3 37 2 11
3 38 10 17
3 39 13 64
3 40 75 93
3 41 100 92
3 42 6 42
3 43 81 89
3 44 58 16
3 45 13 35
3 46 100 38
3 47 69 51
3 48 35 87
3 49 32 78
3 50 85 91
3 51 83 29
3 52 43 4
3 53 80 90
3 54 44 65
3 55 11 84
3 56 96 27
3 57 25 11
3 58 53 35
3 59 83 12
3 60 37 55
3 61 67 6
3 62 88 66
3 63 31 95
3 64 15 98
3 65 99 5
3 66 22 83
3 67 44 87
3 68 34 88
3 69 80 13
3 70 58 66
3 71 19 34
3 72 45 3
3 73 45 53
3 74 46 70
3 75 71 83
3 76 77 25
3 77 48 79
3 78 47 35
3 79 87 24
3 80 9 90
3 81 26 50
3 82 50 74
3 83 34 81
3 84 7 76
3 85 11 80
3 86 12 29
3 87 10 13
3 88 53 71
3 89 41 100
3 90 7 90
3 91 57 5
3 92 71 81
3 93 60 66
3 94 87 93
3 95 54 76
3 96 22 38
3 97 33 71
3 98 71 67
3 99 75 69
3 100 32 70
4 5 73 42
4 6 8 41
4 7 72 4
4 8 90 59
4 9 85 29
4 10 69 12
4 11 87 91
4 12 74 78
4 13 41 18
4 14 71 21
4 15 42 41
4 16 64 17
4 17 70 64
4 18 68 56
4 19 58 66
4 20 84 87
4 21 51 2
4 22 87 8
4 23 93 2
4 24 33 42
4 25 8 74
4 26 17 80
4 27 86 24
4 28 95 61
4 29 5 97
4 30 5 49
4 31 94 10
4 32 90 73
4 33 90 35
4 34 96 28
4 35 46 70
4 36 88 17
4 37 42 63
4 38 85 67
4 39 58 22
4 40 69 19
4 41 55 31
4 42 60 88
4 43 40 20
4 44 94 30
4 45 80 30
4 46 1 71
4 47 87 81
4 48 47 52
4 49 51 70
4 50 19 94
4 51 29 44
4 52 84 50
4 53 89 22
4 54 23 11
4 55 58 21
4 56 47 80
4 57 48 33
4 58 28 24
4 59 27 28
4 60 67 7
4 61 99 49
4 62 78 76
4 63 59 16
4 64 24 34
4 65 45 64
4 66 36 57
4 67 70 24
4 68 17 63
4 69 14 42
4 70 93 84
4 71 70 31
4 72 90 54
4 73 82 79
4 74 64 27
4 75 73 89
4 76 24 71
4 77 71 97
4 78 48 6
4 79 55 49
4 80 16 83
4 81 2 43
4 82 8 35
4 83 57 81
4 84 53 28
4 85 20 56
4 86 85 82
4 87 45 37
4 88 7 54
4 89 36 96
4 90 29 67
4 91 82 22
4 92 74 51
4 93 60 41
4 94 54 34
4 95 69 60
4 96 3 12
4 97 97 90
4 98 88 27
4 99 77 35
4 100 2 66
5 6 30 49
5 7 95 77
5 8 67 27
5 9 38 82
5 10 26 72
5 11 18 97
5 12 31 67
5 13 25 51
5 14 53 100
5 15 74 97
5 16 44 62
5 17 33 11
5 18 74 33
5 19 2 83
5 20 7 16
5 21 33 3
5 22 80 66
5 23 3 40
5 24 35 81
5 25 11 49
5 26 7 64
5 27 68 10
5 28 58 54
5 29 10 71
5 30 54 98
5 31 96 20
5 32 98 45
5 33 75 88
5 34 75 56
5 35 8 9
5 36 96 68
5 37 41 48
5 38 49 44
5 39 10 18
5 40 53 8
5 41 21 63
5 42 85 21
5 43 53 16
5 44 27 81
5 45 34 74
5 46 9 8
5 47 95 94
5 48 57 83
5 49 12 72
5 50 99 41
5 51 1 90
5 52 79 62
5 53 95 33
5 54 85 81
5 55 92 87
5 56 88 64
5 57 49 91
5 58 84 24
5 59 17 13
5 60 53 34
5 61 68 33
5 62 51 23
5 63 40 88
5 64 36 3
5 65 68 34
5 66 52 92
5 67 48 26
5 68 97 66
5 69 28 51
5 70 24 26
5 71 74 34
5 72 86 27
5 73 14 4
5 74 60 6
5 75 19 68
5 76 89 62
5 77 21 1
5 78 53 10
5 79 24 25
5 80 13 88
5 81 61 29
5 82 74 84
5 83 50 56
5 84 41 99
5 85 18 49
5 86 46 18
5 87 39 34
5 88 20 12
5 89 51 14
5 90 72 61
5 91 83 61
5 92 95 11
5 93 63 51
5 94 74 40
5 95 90 84
5 96 64 35
5 97 3 12
5 98 35 32
5 99 23 8
5 100 93 25
6 7 77 31
6 8 12 97
6 9 75 35
6 10 93 55
6 11 1 20
6 12 35 10
6 13 70 68
6 14 90 97
6 15 16 71
6 16 8 45
6 17 96 44
6 18 86 64
6 19 8 16
6 20 73 3
6 21 85 12
6 22 6 37
6 23 54 23
6 24 35 99
6 25 25 52
6 26 8 49
6 27 55 27
6 28 50 49
6 29 51 81
6 30 31 37
6 31 85 75
6 32 18 83
6 33 55 7
6 34 66 15
6 35 49 14
6 36 40 44
6 37 53 29
6 38 32 61
6 39 53 14
6 40 87 33
6 41 18 82
6 42 17 13
6 43 36 17
6 44 70 13
6 45 4 47
6 46 14 18
6 47 64 2
6 48 22 2
6 49 49 86
6 50 14 34
6 51 66 68
6 52 86 55
6 53 87 84
6 54 12 62
6 55 85 67
6 56 9 29
6 57 63 39
6 58 25 37
6 59 60 8
6 60 54 11
6 61 21 43
6 62 57 15
6 63 80 17
6 64 62 46
6 65 21 33
6 66 90 32
6 67 83 76
6 68 9 52
6 69 31 76
6 70 45 64
6 71 85 26
6 72 54 5
6 73 88 92
6 74 50 34
6 75 17 85
6 76 4 67
6 77 82 14
6 78 3 24
6 79 96 7
6 80 94 79
6 81 67 91
6 82 69 16
6 83 33 71
6 84 40 40
6 85 65 81
6 86 32 37
6 87 35 2
6 88 89 45
6 89 69 39
6 90 2 14
6 91 53 9
6 92 59 83
6 93 73 2
6 94 63 41
6 95 43 83
6 96 80 27
6 97 5 60
6 98 31 22
6 99 2 68
6 100 5 59
7 8 2 53
7 9 58 4
7 10 40 48
7 11 14 5
7 12 53 17
7 13 19 53
7 14 79 27
7 15 76 100
7 16 68 36
7 17 17 58
7 18 60 80
7 19 1 24
7 20 8 43
7 21 43 43
7 22 33 57
7 23 14 48
7 24 39 67
7 25 51 32
7 26 21 77
7 27 95 82
7 28 10 30
7 29 40 58
7 30 29 6
7 31 89 65
7 32 9 17
7 33 91 64
7 34 96 83
7 35 30 80
7 36 20 50
7 37 93 50
7 38 88 41
7 39 44 95
7 40 97 34
7 41 83 54
7 42 25 2
7 43 88 97
7 44 5 14
7 45 82 5
7 46 5 48
7 47 30 17
7 48 32 20
7 49 29 63
7 50 13 66
7 51 17 95
7 52 91 16
7 53 85 40
7 54 25 19
7 55 13 78
7 56 74 86
7 57 37 33
7 58 94 24
7 59 85 6
7 60 89 99
7 61 86 43
7 62 23 59
7 63 93 14
7 64 66 81
7 65 30 39
7 66 27 78
7 67 83 82
7 68 12 49
7 69 96 98
7 70 65 64
7 71 89 26
7 72 83 42
7 73 59 79
7 74 79 40
7 75 10 45
7 76 96 21
7 77 21 61
7 78 99 85
7 79 89 93
7 80 45 98
7 81 37 64
7 82 54 79
7 83 28 1
7 84 7 12
7 85 93 31
7 86 75 87
7 87 71 37
7 88 94 97
7 89 29 29
7 90 55 51
7 91 86 80
7 92 37 28
7 93 7 31
7 94 51 97
7 95 28 72
7 96 90 63
7 97 53 89
7 98 59 10
7 99 8 59
7 100 87 74
8 9 93 75
8 10 88 11
8 11 76 37
8 12 7 70
8 13 29 44
8 14 92 5
8 15 65 16
8 16 55 100
8 17 73 73
8 18 63 14
8 19 66 86
8 20 2 61
8 21 1 86
8 22 31 73
8 23 58 32
8 24 46 11
8 25 82 48
8 26 23 49
8 27 69 36
8 28 32 96
8 29 72 45
8 30 3 34
8 31 21 56
8 32 58 6
8 33 96 100
8 34 1 38
8 35 20 23
8 36 4 51
8 37 22 26
8 38 35 97
8 39 77 9
8 40 26 95
8 41 10 10
8 42 40 2
8 43 78 85
8 44 71 21
8 45 70 94
8 46 42 53
8 47 10 64
8 48 32 39
8 49 26 51
8 50 85 94
8 51 55 7
8 52 52 46
8 53 96 31
8 54 19 14
8 55 67 41
8 56 13 41
8 57 78 76
8 58 32 25
8 59 99 10
8 60 65 81
8 61 41 57
8 62 15 39
8 63 44 40
8 64 37 93
8 65 66 42
8 66 85 79
8 67 86 96
8 68 14 16
8 69 45 16
8 70 11 73
8 71 81 76
8 72 70 9
8 73 8 1
8 74 59 30
8 75 10 74
8 76 68 11
8 77 19 86
8 78 7 18
8 79 85 21
8 80 46 87
8 81 41 35
8 82 1 58
8 83 9 97
8 84 28 4
8 85 34 82
8 86 93 47
8 87 91 34
8 88 18 50
8 89 86 12
8 90 40 68
8 91 72 95
8 92 100 13
8 93 50 75
8 94 4 70
8 95 68 19
8 96 94 85
8 97 6 18
8 98 51 97
8 99 27 10
8 100 68 33
9 10 93 89
9 11 21 24
9 12 15 66
9 13 29 29
9 14 48 57
9 15 89 68
9 16 79 59
9 17 40 81
9 18 33 34
9 19 36 51
9 20 9 77
9 21 61 29
9 22 69 63
9 23 84 30
9 24 83 28
9 25 97 5
9 26 71 3
9 27 31 59
9 28 46 55
9 29 66 36
9 30 13 69
9 31 36 76
9 32 54 15
9 33 3 24
9 34 97 24
9 35 12 98
9 36 26 94
9 37 73 64
9 38 73 76
9 39 15 45
9 40 3 9
9 41 39 11
9 42 88 12
9 43 26 52
9 44 26 29
9 45 90 80
9 46 52 30
9 47 35 75
9 48 68 45
9 49 16 59
9 50 84 58
9 51 96 27
9 52 12 74
9 53 53 73
9 54 46 97
9 55 61 45
9 56 82 35
9 57 73 19
9 58 94 33
9 59 42 49
9 60 36 86
9 61 21 11
9 62 26 47
9 63 74 58
9 64 21 56
9 65 61 81
9 66 17 12
9 67 80 59
9 68 65 64
9 69 28 47
9 70 52 3
9 71 78 76
9 72 59 28
9 73 100 35
9 74 80 85
9 75 68 67
9 76 13 21
9 77 96 56
9 78 34 90
9 79 52 48
9 80 15 17
9 81 15 11
9 82 77 11
9 83 29 60
9 84 68 89
9 85 83 29
9 86 78 51
9 87 62 12
9 88 69 96
9 89 14 96
9 90 68 8
9 91 6 92
9 92 4 70
9 93 41 48
9 94 97 41
9 95 91 3
9 96 72 2
9 97 62 87
9 98 43 98
9 99 73 94
9 100 84 83
10 11 81 98
10 12 14 27
10 13 93 20
10 14 95 61
10 15 54 5
10 16 76 48
10 17 64 31
10 18 36 43
10 19 100 39
10 20 15 78
10 21 88 68
10 22 75 35
10 23 48 71
10 24 34 42
10 25 55 85
10 26 34 83
10 27 1 18
10 28 73 19
10 29 6 63
10 30 83 87
10 31 47 42
10 32 62 77
10 33 12 25
10 34 83 67
10 35 87 12
10 36 80 42
10 37 52 70
10 38 90 93
10 39 55 28
10 40 78 7
10 41 18 82
10 42 41 46
10 43 34 10
10 44 99 66
10 45 69 12
10 46 91 24
10 47 54 2
10 48 58 32
10 49 4 26
10 50 96 90
10 51 66 36
10 52 32 24
10 53 77 36
10 54 25 38
10 55 6 20
10 56 29 75
10 57 21 27
10 58 91 58
10 59 9 78
10 60 93 9
10 61 31 16
10 62 58 57
10 63 42 49
10 64 77 68
10 65 26 8
10 66 35 86
10 67 27 69
10 68 46 86
10 69 93 7
10 70 84 83
10 71 68 41
10 72 87 71
10 73 24 94
10 74 94 89
10 75 32 67
10 76 34 14
10 77 25 86
10 78 50 6
10 79 25 8
10 80 77 64
10 81 50 88
10 82 22 82
10 83 47 9
10 84 75 75
10 85 14 36
10 86 13 45
10 87 7 60
10 88 98 8
10 89 73 14
10 90 6 6
10 91 74 68
10 92 50 59
10 93 46 14
10 94 47 14
10 95 47 41
10 96 55 91
10 97 9 27
10 98 41 68
10 99 17 93
10 100 76 14
11 12 78 57
11 13 56 99
11 14 77 73
11 15 88 35
11 16 56 25
11 17 41 13
11 18 3 25
11 19 15 52
11 20 8 87
11 21 22 66
11 22 42 5
11 23 54 6
11 24 79 20
11 25 59 41
11 26 25 92
11 27 28 7
11 28 19 51
11 29 96 81
11 30 36 5
11 31 6 14
11 32 59 2
11 33 20 70
11 34 85 73
11 35 80 14
11 36 76 16
11 37 67 78
11 38 38 72
11 39 18 21
11 40 3 98
11 41 44 11
11 42 88 96
11 43 84 24
11 44 4 29
11 45 32 98
11 46 19 4
11 47 99 27
11 48 77 51
11 49 23 17
11 50 53 60
11 51 28 44
11 52 19 58
11 53 54 46
11 54 88 79
11 55 11 85
11 56 9 59
11 57 41 76
11 58 55 3
11 59 77 31
11 60 28 12
11 61 69 11
11 62 35 7
11 63 79 99
11 64 49 51
11 65 16 23
11 66 57 94
11 67 42 21
11 68 55 35
11 69 59 2
11 70 32 32
11 71 37 24
11 72 92 47
11 73 63 95
11 74 47 84
11 75 16 94
11 76 98 41
11 77 73 32
11 78 44 21
11 79 6 70
11 80 74 13
11 81 73 23
11 82 78 95
11 83 44 64
11 84 51 34
11 85 61 47
11 86 33 100
11 87 36 9
11 88 72 88
11 89 80 17
11 90 67 72
11 91 38 50
11 92 13 4
11 93 62 60
11 94 5 61
11 95 41 85
11 96 43 50
11 97 48 20
11 98 56 20
11 99 55 16
11 100 57 54
12 13 17 26
12 14 23 76
12 15 56 13
12 16 48 9
12 17 20 68
12 18 54 69
12 19 2 5
12 20 44 90
12 21 22 61
12 22 99 36
12 23 71 80
12 24 59 16
12 25 75 74
12 26 36 4
12 27 94 77
12 28 38 52
12 29 25 5
12 30 34 77
12 31 57 33
12 32 91 75
12 33 81 63
12 34 46 67
12 35 56 38
12 36 28 60
12 37 11 76
12 38 32 65
12 39 84 56
12 40 66 70
12 41 77 59
12 42 10 52
12 43 65 34
12 44 23 80
12 45 92 78
12 46 100 81
12 47 62 3
12 48 15 30
12 49 7 71
12 50 40 44
12 51 59 83
12 52 28 20
12 53 52 12
12 54 41 64
12 55 24 19
12 56 99 18
12 57 36 26
12 58 77 48
12 59 15 50
12 60 96 81
12 61 100 97
12 62 49 9
12 63 74 26
12 64 90 21
12 65 32 54
12 66 49 18
12 67 33 97
12 68 57 29
12 69 75 83
12 70 11 34
12 71 25 33
12 72 95 72
12 73 98 70
12 74 9 9
12 75 39 26
12 76 82 74
12 77 28 27
12 78 33 16
12 79 47 23
12 80 76 15
12 81 47 36
12 82 10 24
12 83 56 85
12 84 67 65
12 85 40 42
12 86 23 40
12 87 67 2
12 88 1 10
12 89 12 9
12 90 82 54
12 91 48 90
12 92 52 83
12 93 34 2
12 94 16 93
12 95 34 47
12 96 95 85
12 97 51 19
12 98 1 87
12 99 88 67
12 100 73 73
13 14 7 11
13 15 9 54
13 16 3 98
13 17 14 2
13 18 1 37
13 19 4 51
13 20 53 71
13 21 28 54
13 22 76 61
13 23 23 42
13 24 46 32
13 25 80 40
13 26 53 38
13 27 29 45
13 28 72 90
13 29 81 98
13 30 44 98
13 31 67 9
13 32 4 75
13 33 77 91
13 34 44 2
13 35 26 21
13 36 77 95
13 37 67 18
13 38 40 22
13 39 63 8
13 40 79 66
13 41 85 42
13 42 50 82
13 43 79 8
13 44 80 75
13 45 34 68
13 46 100 37
13 47 84 8
13 48 59 21
13 49 68 22
13 50 41 29
13 51 56 7
13 52 60 88
13 53 26 7
13 54 84 64
13 55 65 79
13 56 58 85
13 57 48 31
13 58 72 22
13 59 70 11
13 60 31 59
13 61 74 18
13 62 86 51
13 63 79 93
13 64 27 85
13 65 12 67
13 66 33 24
13 67 20 51
13 68 51 35
13 69 43 42
13 70 28 54
13 71 82 30
13 72 31 81
13 73 92 91
13 74 97 56
13 75 67 77
13 76 73 50
13 77 6 38
13 78 7 28
13 79 66 80
13 80 62 16
13 81 24 75
13 82 88 55
13 83 24 35
13 84 60 99
13 85 51 81
13 86 61 84
13 87 7 15
13 88 40 31
13 89 41 38
13 90 69 67
13 91 39 65
13 92 53 72
13 93 77 44
13 94 7 57
13 95 40 30
13 96 15 90
13 97 56 49
13 98 4 40
13 99 16 92
13 100 53 75
14 15 68 22
14 16 50 96
14 17 64 44
14 18 42 29
14 19 73 97
14 20 14 2
14 21 69 46
14 22 87 13
14 23 91 47
14 24 30 80
14 25 31 30
14 26 78 80
14 27 92 94
14 28 46 21
14 29 1 40
14 30 80 60
14 31 55 38
14 32 94 81
14 33 2 32
14 34 58 62
14 35 54 30
14 36 85 92
14 37 91 55
14 38 19 34
14 39 6 5
14 40 65 39
14 41 60 32
14 42 37 17
14 43 54 71
14 44 91 48
14 45 89 67
14 46 70 22
14 47 92 56
14 48 11 67
14 49 27 31
14 50 7 35
14 51 10 6
14 52 12 88
14 53 2 68
14 54 30 79
14 55 24 84
14 56 31 55
14 57 39 94
14 58 32 38
14 59 33 95
14 60 89 35
14 61 14 62
14 62 22 3
14 63 98 94
14 64 63 45
14 65 95 83
14 66 10 94
14 67 68 98
14 68 53 70
14 69 99 22
14 70 94 24
14 71 46 45
14 72 52 65
14 73 57 92
14 74 40 16
14 75 17 65
14 76 11 90
14 77 22 34
14 78 62 83
14 79 47 83
14 80 100 52
14 81 84 31
14 82 93 86
14 83 48 33
14 84 46 27
14 85 25 99
14 86 3 55
14 87 12 25
14 88 60 96
14 89 32 89
14 90 88 29
14 91 16 66
14 92 62 27
14 93 50 71
14 94 78 33
14 95 79 68
14 96 94 45
14 97 22 89
14 98 56 10
14 99 66 74
14 100 45 40
15 16 38 67
15 17 58 38
15 18 65 18
15 19 42 78
15 20 23 94
15 21 92 32
15 22 61 12
15 23 99 17
15 24 70 51
15 25 35 56
15 26 28 61
15 27 24 86
15 28 52 52
15 29 54 61
15 30 81 55
15 31 77 58
15 32 92 49
15 33 7 66
15 34 39 76
15 35 5 44
15 36 83 26
15 37 54 4
15 38 20 35
15 39 55 72
15 40 7 20
15 41 55 61
15 42 33 100
15 43 90 52
15 44 27 19
15 45 76 30
15 46 81 48
15 47 10 78
15 48 46 22
15 49 65 44
15 50 83 11
15 51 22 59
15 52 1 66
15 53 35 53
15 54 80 12
15 55 78 43
15 56 96 56
15 57 44 73
15 58 10 24
15 59 32 35
15 60 49 85
15 61 43 94
15 62 96 71
15 63 72 11
15 64 72 69
15 65 23 98
15 66 86 9
15 67 58 93
15 68 36 9
15 69 89 16
15 70 23 95
15 71 36 2
15 72 44 69
15 73 45 98
15 74 55 40
15 75 8 82
15 76 36 54
15 77 88 5
15 78 62 50
15 79 72 30
15 80 90 3
15 81 100 41
15 82 2 60
15 83 1 87
15 84 92 16
15 85 56 7
15 86 84 73
15 87 13 60
15 88 59 32
15 89 28 51
15 90 25 30
15 91 100 34
15 92 62 28
15 93 83 16
15 94 76 100
15 95 78 10
15 96 40 68
15 97 60 80
15 98 15 20
15 99 58 80
15 100 100 38
16 17 83 50
16 18 8 73
16 19 68 2
16 20 67 53
16 21 34 65
16 22 23 17
16 23 52 2
16 24 47 39
16 25 79 94
16 26 83 26
16 27 10 35
16 28 69 64
16 29 65 81
16 30 87 63
16 31 20 45
16 32 93 35
16 33 7 94
16 34 11 42
16 35 54 75
16 36 56 98
16 37 9 5
16 38 16 11
16 39 49 70
16 40 97 37
16 41 56 21
16 42 3 3
16 43 13 16
16 44 21 17
16 45 72 45
16 46 10 77
16 47 20 28
16 48 47 11
16 49 5 5
16 50 22 87
16 51 96 21
16 52 28 74
16 53 59 75
16 54 35 46
16 55 21 87
16 56 35 92
16 57 73 62
16 58 89 13
16 59 8 9
16 60 4 71
16 61 6 49
16 62 86 38
16 63 94 97
16 64 43 59
16 65 52 51
16 66 47 6
16 67 46 1
16 68 33 86
16 69 10 4
16 70 2 40
16 71 85 13
16 72 57 65
16 73 95 13
16 74 17 14
16 75 56 73
16 76 60 36
16 77 52 68
16 78 79 89
16 79 94 35
16 80 78 74
16 81 5 65
16 82 95 98
16 83 25 66
16 84 97 47
16 85 70 4
16 86 69 51
16 87 51 35
16 88 32 21
16 89 82 48
16 90 35 8
16 91 83 10
16 92 86 55
16 93 29 13
16 94 76 30
16 95 78 53
16 96 24 87
16 97 87 48
16 98 23 42
16 99 79 99
16 100 54 65
17 18 43 80
17 19 61 67
17 20 44 10
17 21 89 5
17 22 66 71
17 23 82 60
17 24 28 78
17 25 88 40
17 26 55 40
17 27 37 11
17 28 8 56
17 29 25 75
17 30 90 2
17 31 90 90
17 32 34 48
17 33 42 88
17 34 97 61
17 35 90 30
17 36 40 67
17 37 48 17
17 38 43 93
17 39 43 54
17 40 79 90
17 41 39 4
17 42 86 70
17 43 14 1
17 44 34 90
17 45 100 30
17 46 29 53
17 47 19 71
17 48 94 22
17 49 74 29
17 50 24 81
17 51 88 49
17 52 38 79
17 53 42 36
17 54 79 89
17 55 89 39
17 56 11 91
17 57 99 54
17 58 89 92
17 59 16 50
17 60 6 11
17 61 91 8
17 62 100 67
17 63 19 78
17 64 3 57
17 65 6 46
17 66 67 69
17 67 75 74
17 68 32 57
17 69 66 48
17 70 40 54
17 71 45 57
17 72 30 80
17 73 6 19
17 74 32 11
17 75 14 52
17 76 39 80
17 77 78 1
17 78 43 20
17 79 53 74
17 80 83 27
17 81 55 50
17 82 39 65
17 83 36 16
17 84 80 46
17 85 27 48
17 86 87 91
17 87 62 58
17 88 95 26
17 89 71 91
17 90 61 54
17 91 21 79
17 92 59 84
17 93 13 39
17 94 13 3
17 95 35 98
17 96 99 72
17 97 11 16
17 98 10 66
17 99 94 52
17 100 95 34
18 19 100 69
18 20 50 83
18 21 38 50
18 22 87 79
18 23 41 95
18 24 49 66
18 25 56 86
18 26 24 4
18 27 34 47
18 28 62 72
18 29 37 12
18 30 85 53
18 31 19 52
18 32 9 79
18 33 35 63
18 34 22 81
18 35 3 10
18 36 31 19
18 37 74 42
18 38 87 31
18 39 70 48
18 40 20 61
18 41 100 40
18 42 14 100
18 43 63 80
18 44 63 92
18 45 40 68
18 46 94 30
18 47 94 42
18 48 75 100
18 49 8 22
18 50 92 51
18 51 73 82
18 52 79 37
18 53 62 25
18 54 93 15
18 55 94 61
18 56 11 62
18 57 70 74
18 58 99 59
18 59 80 78
18 60 56 56
18 61 1 46
18 62 95 54
18 63 80 81
18 64 6 32
18 65 56 66
18 66 53 29
18 67 85 11
18 68 19 14
18 69 88 49
18 70 82 2
18 71 89 21
18 72 91 33
18 73 35 36
18 74 55 7
18 75 84 43
18 76 75 70
18 77 31 50
18 78 94 32
18 79 69 13
18 80 25 53
18 81 30 11
18 82 31 24
18 83 30 30
18 84 99 21
18 85 37 46
18 86 70 12
18 87 73 44
18 88 40 34
18 89 52 70
18 90 69 28
18 91 61 56
18 92 73 35
18 93 33 67
18 94 32 15
18 95 51 24
18 96 93 48
18 97 57 52
18 98 88 50
18 99 65 76
18 100 61 45
19 20 50 84
19 21 83 30
19 22 85 45
19 23 39 42
19 24 67 5
19 25 40 27
19 26 41 41
19 27 37 62
19 28 37 92
19 29 79 97
19 30 98 70
19 31 94 79
19 32 41 41
19 33 48 39
19 34 48 27
19 35 79 42
19 36 44 62
19 37 41 47
19 38 25 32
19 39 52 26
19 40 16 19
19 41 54 27
19 42 62 20
19 43 6 13
19 44 42 27
19 45 29 65
19 46 87 15
19 47 93 99
19 48 19 85
19 49 1 53
19 50 60 45
19 51 4 24
19 52 9 94
19 53 24 2
19 54 8 84
19 55 26 13
19 56 15 26
19 57 61 7
19 58 50 37
19 59 66 65
19 60 26 9
19 61 64 38
19 62 88 39
19 63 11 52
19 64 89 11
19 65 55 39
19 66 37 98
19 67 55 48
19 68 14 5
19 69 26 99
19 70 98 49
19 71 97 67
19 72 70 9
19 73 39 56
19 74 69 75
19 75 83 18
19 76 67 68
19 77 93 49
19 78 94 63
19 79 94 8
19 80 63 25
19 81 60 96
19 82 70 25
19 83 24 61
19 84 10 50
19 85 58 1
19 86 13 37
19 87 1 94
19 88 56 33
19 89 80 82
19 90 63 70
19 91 9 2
19 92 76 43
19 93 32 79
19 94 55 82
19 95 5 17
19 96 23 38
19 97 66 67
19 98 23 89
19 99 68 82
19 100 98 97
20 21 71 69
20 22 59 59
20 23 52 67
20 24 25 55
20 25 81 86
20 26 73 68
20 27 72 22
20 28 42 56
20 29 28 83
20 30 6 60
20 31 47 42
20 32 64 17
20 33 12 27
20 34 11 58
20 35 69 19
20 36 51 100
20 37 67 43
20 38 99 45
20 39 46 23
20 40 96 95
20 41 34 49
20 42 88 16
20 43 78 2
20 44 66 95
20 45 56 61
20 46 9 46
20 47 27 24
20 48 100 21
20 49 32 71
20 50 18 95
20 51 28 92
20 52 38 53
20 53 23 98
20 54 18 29
20 55 96 38
20 56 5 50
20 57 45 38
20 58 8 73
20 59 34 45
20 60 33 55
20 61 80 63
20 62 84 38
20 63 66 51
20 64 21 56
20 65 50 73
20 66 23 72
20 67 96 20
20 68 96 61
20 69 64 27
20 70 61 40
20 71 63 39
20 72 44 71
20 73 97 78
20 74 46 54
20 75 81 33
20 76 44 83
20 77 35 97
20 78 21 44
20 79 78 67
20 80 46 85
20 81 74 48
20 82 78 96
20 83 91 78
20 84 58 46
20 85 89 31
20 86 89 71
20 87 98 51
20 88 47 20
20 89 75 27
20 90 8 9
20 91 73 60
20 92 32 53
20 93 71 28
20 94 42 18
20 95 45 65
20 96 65 20
20 97 65 91
20 98 43 86
20 99 96 11
20 100 90 27
21 22 23 82
21 23 4 80
21 24 33 55
21 25 17 12
21 26 42 62
21 27 78 30
21 28 65 49
21 29 61 66
21 30 99 34
21 31 12 94
21 32 87 91
21 33 8 8
21 34 51 56
21 35 21 57
21 36 65 14
21 37 83 100
21 38 93 25
21 39 11 37
21 40 54 91
21 41 93 19
21 42 99 81
21 43 54 33
21 44 83 46
21 45 51 45
21 46 25 72
21 47 36 64
21 48 75 29
21 49 25 62
21 50 92 5
21 51 99 75
21 52 80 79
21 53 82 32
21 54 75 54
21 55 93 56
21 56 73 100
21 57 78 64
21 58 59 85
21 59 8 60
21 60 31 24
21 61 60 61
21 62 39 90
21 63 89 56
21 64 90 72
21 65 17 53
21 66 45 56
21 67 29 24
21 68 23 64
21 69 88 86
21 70 51 41
21 71 98 80
21 72 14 50
21 73 29 30
21 74 78 83
21 75 99 53
21 76 12 57
21 77 81 86
21 78 68 59
21 79 82 16
21 80 47 26
21 81 81 29
21 82 44 79
21 83 100 53
21 84 93 32
21 85 41 58
21 86 18 93
21 87 93 77
21 88 85 44
21 89 58 35
21 90 34 50
21 91 67 50
21 92 6 60
21 93 25 61
21 94 70 38
21 95 12 52
21 96 73 24
21 97 38 42
21 98 64 69
21 99 95 97
21 100 13 55
22 23 66 27
22 24 13 3
22 25 19 10
22 26 40 22
22 27 72 2
22 28 48 99
22 29 94 84
22 30 12 75
22 31 96 24
22 32 64 85
22 33 27 41
22 34 6 15
22 35 81 11
22 36 15 87
22 37 48 18
22 38 56 7
22 39 54 17
22 40 70 68
22 41 96 46
22 42 64 54
22 43 6 55
22 44 73 24
22 45 38 59
22 46 11 15
22 47 13 65
22 48 95 56
22 49 32 10
22 50 53 92
22 51 87 76
22 52 74 89
22 53 81 100
22 54 99 28
22 55 9 32
22 56 33 68
22 57 100 75
22 58 68 39
22 59 78 18
22 60 56 49
22 61 99 98
22 62 45 62
22 63 82 50
22 64 8 76
22 65 84 32
22 66 90 15
22 67 25 72
22 68 27 56
22 69 30 2
22 70 38 2
22 71 51 20
22 72 80 30
22 73 76 31
22 74 27 86
22 75 28 84
22 76 1 59
22 77 32 61
22 78 84 3
22 79 49 74
22 80 28 7
22 81 31 100
22 82 93 34
22 83 74 35
22 84 1 74
22 85 37 26
22 86 32 46
22 87 21 46
22 88 7 24
22 89 96 70
22 90 54 23
22 91 70 87
22 92 61 92
22 93 60 24
22 94 42 14
22 95 41 45
22 96 89 14
22 97 60 65
22 98 18 53
22 99 65 66
22 100 9 52
23 24 90 46
23 25 18 84
23 26 21 58
23 27 27 21
23 28 76 54
23 29 45 95
23 30 26 79
23 31 39 79
23 32 70 80
23 33 14 39
23 34 78 63
23 35 57 76
23 36 1 54
23 37 28 13
23 38 40 56
23 39 36 80
23 40 97 84
23 41 21 82
23 42 76 51
23 43 83 63
23 44 36 20
23 45 99 81
23 46 60 86
23 47 75 68
23 48 74 43
23 49 85 85
23 50 76 59
23 51 39 12
23 52 18 82
23 53 72 42
23 54 11 26
23 55 38 6
23 56 69 43
23 57 91 15
23 58 55 84
23 59 40 53
23 60 84 81
23 61 24 35
23 62 17 67
23 63 23 3
23 64 64 77
23 65 33 93
23 66 44 78
23 67 77 26
23 68 9 72
23 69 71 6
23 70 72 18
23 71 29 39
23 72 51 11
23 73 38 94
23 74 57 58
23 75 39 49
23 76 53 49
23 77 46 97
23 78 29 90
23 79 21 35
23 80 82 57
23 81 76 40
23 82 40 94
23 83 29 83
23 84 100 8
23 85 83 54
23 86 79 47
23 87 81 5
23 88 44 66
23 89 7 21
23 90 16 71
23 91 41 39
23 92 94 19
23 93 13 50
23 94 87 82
23 95 60 70
23 96 67 40
23 97 95 71
23 98 9 50
23 99 40 51
23 100 60 29
24 25 81 89
24 26 78 36
24 27 82 45
24 28 22 46
24 29 33 8
24 30 43 77
24 31 13 11
24 32 8 52
24 33 96 26
24 34 38 7
24 35 82 40
24 36 24 52
24 37 3 74
24 38 25 99
24 39 68 49
24 40 94 29
24 41 61 91
24 42 28 40
24 43 92 36
24 44 46 64
24 45 3 11
24 46 10 19
24 47 69 1
24 48 12 16
24 49 80 38
24 50 68 30
24 51 7 51
24 52 18 32
24 53 44 72
24 54 61 30
24 55 79 7
24 56 46 8
24 57 11 78
24 58 66 75
24 59 69 99
24 60 33 76
24 61 52 96
24 62 79 25
24 63 68 93
24 64 89 43
24 65 4 82
24 66 86 71
24 67 26 78
24 68 5 13
24 69 20 61
24 70 14 59
24 71 24 100
24 72 43 67
24 73 97 95
24 74 55 66
24 75 27 91
24 76 74 5
24 77 6 72
24 78 48 39
24 79 84 81
24 80 95 66
24 81 12 82
24 82 43 64
24 83 24 66
24 84 27 12
24 85 31 61
24 86 14 47
24 87 67 14
24 88 78 3
24 89 29 10
24 90 95 42
24 91 17 67
24 92 50 64
24 93 23 30
24 94 43 27
24 95 55 26
24 96 63 61
24 97 15 96
24 98 29 19
24 99 27 52
24 100 14 39
25 26 90 22
25 27 24 43
25 28 27 88
25 29 33 80
25 30 60 32
25 31 81 79
25 32 2 82
25 33 95 19
25 34 57 71
25 35 91 13
25 36 32 26
25 37 81 15
25 38 96 56
25 39 39 10
25 40 23 59
25 41 91 40
25 42 63 38
25 43 2 55
25 44 42 17
25 45 67 74
25 46 1 14
25 47 49 35
25 48 47 16
25 49 96 79
25 50 76 31
25 51 18 27
25 52 87 99
25 53 85 91
25 54 11 58
25 55 42 99
25 56 30 83
25 57 55 20
25 58 17 40
25 59 96 73
25 60 77 47
25 61 27 57
25 62 11 21
25 63 52 17
25 64 84 53
25 65 64 22
25 66 85 56
25 67 9 82
25 68 57 80
25 69 84 93
25 70 93 2
25 71 81 26
25 72 3 14
25 73 92 56
25 74 87 69
25 75 17 29
25 76 62 83
25 77 79 59
25 78 2 72
25 79 5 83
25 80 5 50
25 81 26 69
25 82 61 60
25 83 55 57
25 84 74 83
25 85 1 45
25 86 97 29
25 87 51 37
25 88 77 87
25 89 26 63
25 90 79 62
25 91 100 58
25 92 94 94
25 93 15 97
25 94 64 72
25 95 63 89
25 96 14 40
25 97 97 12
25 98 58 3
25 99 30 92
25 100 98 84
26 27 61 80
26 28 6 31
26 29 6 77
26 30 3 6
26 31 2 93
26 32 55 65
26 33 42 52
26 34 57 94
26 35 52 33
26 36 44 98
26 37 56 32
26 38 90 39
26 39 57 27
26 40 12 68
26 41 82 6
26 42 22 58
26 43 20 24
26 44 32 21
26 45 92 55
26 46 66 22
26 47 1 18
26 48 57 20
26 49 59 31
26 50 73 93
26 51 68 40
26 52 36 34
26 53 39 15
26 54 100 37
26 55 44 12
26 56 26 62
26 57 38 40
26 58 22 9
26 59 20 83
26 60 51 48
26 61 74 98
26 62 69 33
26 63 83 78
26 64 65 39
26 65 70 76
26 66 41 91
26 67 13 76
26 68 58 65
26 69 80 59
26 70 34 48
26 71 83 54
26 72 15 89
26 73 7 73
26 74 97 30
26 75 52 99
26 76 46 69
26 77 5 45
26 78 85 96
26 79 49 53
26 80 25 44
26 81 92 24
26 82 52 74
26 83 18 49
26 84 90 55
26 85 78 77
26 86 13 1
26 87 67 98
26 88 43 28
26 89 3 13
26 90 72 56
26 91 19 25
26 92 82 74
26 93 100 96
26 94 3 39
26 95 70 97
26 96 12 37
26 97 38 87
26 98 26 5
26 99 1 85
26 100 68 36
27 28 5 9
27 29 39 73
27 30 30 49
27 31 45 53
27 32 24 4
27 33 68 30
27 34 70 50
27 35 96 89
27 36 6 85
27 37 37 75
27 38 71 57
27 39 93 84
27 40 6 81
27 41 33 74
27 42 32 19
27 43 42 87
27 44 43 68
27 45 89 89
27 46 12 97
27 47 73 5
27 48 67 70
27 49 38 21
27 50 38 38
27 51 69 92
27 52 99 46
27 53 61 58
27 54 87 99
27 55 96 7
27 56 11 9
27 57 69 63
27 58 13 59
27 59 38 70
27 60 22 55
27 61 62 83
27 62 38 68
27 63 77 45
27 64 47 48
27 65 49 60
27 66 58 12
27 67 61 81
27 68 23 83
27 69 11 33
27 70 70 18
27 71 70 20
27 72 66 50
27 73 32 33
27 74 58 92
27 75 80 33
27 76 19 6
27 77 79 65
27 78 27 75
27 79 29 89
27 80 95 30
27 81 17 91
27 82 90 32
27 83 7 63
27 84 40 48
27 85 84 65
27 86 30 34
27 87 74 3
27 88 90 97
27 89 76 24
27 90 2 21
27 91 100 21
27 92 64 19
27 93 21 98
27 94 22 5
27 95 59 95
27 96 96 29
27 97 27 86
27 98 33 17
27 99 76 18
27 100 14 49
28 29 3 53
28 30 45 17
28 31 52 79
28 32 45 57
28 33 54 84
28 34 92 5
28 35 28 47
28 36 43 46
28 37 65 85
28 38 36 45
28 39 23 20
28 40 71 71
28 41 4 59
28 42 73 21
28 43 6 57
28 44 54 34
28 45 98 46
28 46 65 64
28 47 90 68
28 48 90 62
28 49 64 2
28 50 42 38
28 51 2 43
28 52 16 91
28 53 55 79
28 54 57 32
28 55 53 71
28 56 14 95
28 57 34 6
28 58 52 82
28 59 73 60
28 60 49 80
28 61 16 46
28 62 1 91
28 63 8 40
28 64 21 13
28 65 23 63
28 66 22 76
28 67 89 91
28 68 99 70
28 69 61 42
28 70 28 89
28 71 97 25
28 72 71 58
28 73 91 90
28 74 1 40
28 75 8 78
28 76 27 87
28 77 67 30
28 78 44 73
28 79 91 98
28 80 26 37
28 81 31 18
28 82 1 5
28 83 88 25
28 84 36 32
28 85 61 20
28 86 97 5
28 87 24 33
28 88 10 18
28 89 64 45
28 90 36 69
28 91 98 5
28 92 4 44
28 93 84 99
28 94 72 79
28 95 22 53
28 96 8 52
28 97 2 1
28 98 88 57
28 99 5 20
28 100 69 17
29 30 60 72
29 31 81 25
29 32 88 43
29 33 9 28
29 34 11 56
29 35 67 36
29 36 49 36
29 37 96 8
29 38 42 60
29 39 38 90
29 40 26 15
29 41 60 73
29 42 1 50
29 43 99 32
29 44 12 12
29 45 97 53
29 46 18 99
29 47 45 63
29 48 9 65
29 49 31 40
29 50 96 63
29 51 27 64
29 52 75 97
29 53 77 89
29 54 72 2
29 55 16 45
29 56 14 85
29 57 67 27
29 58 2 23
29 59 84 65
29 60 36 75
29 61 89 28
29 62 34 27
29 63 48 2
29 64 13 41
29 65 48 29
29 66 5 79
29 67 20 8
29 68 100 89
29 69 3 54
29 70 65 100
29 71 94 3
29 72 95 56
29 73 14 18
29 74 25 19
29 75 66 64
29 76 56 17
29 77 65 5
29 78 20 16
29 79 39 75
29 80 15 79
29 81 55 89
29 82 51 15
29 83 35 20
29 84 89 23
29 85 59 65
29 86 60 67
29 87 38 22
29 88 32 76
29 89 15 83
29 90 97 39
29 91 42 16
29 92 74 67
29 93 17 92
29 94 76 80
29 95 22 95
29 96 32 89
29 97 10 35
29 98 85 46
29 99 3 28
29 100 17 14
30 31 50 54
30 32 32 77
30 33 86 17
30 34 31 86
30 35 61 80
30 36 4 86
30 37 37 10
30 38 81 95
30 39 94 71
30 40 51 9
30 41 82 35
30 42 8 8
30 43 8 86
30 44 33 85
30 45 69 21
30 46 6 16
30 47 32 49
30 48 23 33
30 49 53 21
30 50 23 35
30 51 22 18
30 52 62 14
30 53 58 82
30 54 53 19
30 55 82 3
30 56 83 32
30 57 93 68
30 58 15 27
30 59 71 21
30 60 35 2
30 61 84 60
30 62 5 23
30 63 90 95
30 64 45 28
30 65 73 30
30 66 83 52
30 67 82 99
30 68 87 48
30 69 70 1
30 70 43 10
30 71 17 84
30 72 65 77
30 73 29 60
30 74 100 88
30 75 39 40
30 76 15 94
30 77 61 96
30 78 20 44
30 79 87 88
30 80 65 32
30 81 33 43
30 82 74 96
30 83 48 24
30 84 86 60
30 85 17 83
30 86 8 13
30 87 82 64
30 88 88 95
30 89 67 76
30 90 26 49
30 91 43 1
30 92 80 7
30 93 60 91
30 94 1 19
30 95 21 29
30 96 37 83
30 97 87 38
30 98 10 88
30 99 31 93
30 100 37 43
31 32 94 75
31 33 65 64
31 34 7 34
31 35 64 47
31 36 23 86
31 37 60 19
31 38 40 34
31 39 1 55
31 40 32 45
31 41 83 52
31 42 88 86
31 43 73 51
31 44 44 39
31 45 53 25
31 46 70 72
31 47 70 92
31 48 21 95
31 49 54 67
31 50 45 56
31 51 63 89
31 52 60 47
31 53 59 83
31 54 40 70
31 55 37 82
31 56 92 10
31 57 34 6
31 58 64 42
31 59 86 12
31 60 65 42
31 61 6 2
31 62 75 7
31 63 90 19
31 64 93 92
31 65 70 58
31 66 44 13
31 67 16 35
31 68 25 96
31 69 56 26
31 70 79 95
31 71 88 13
31 72 49 64
31 73 44 37
31 74 28 87
31 75 80 55
31 76 99 13
31 77 95 70
31 78 24 69
31 79 22 1
31 80 74 87
31 81 100 46
31 82 31 82
31 83 33 19
31 84 53 40
31 85 42 55
31 86 96 57
31 87 66 53
31 88 10 68
31 89 86 33
31 90 25 78
31 91 86 84
31 92 69 74
31 93 78 17
31 94 78 6
31 95 28 14
31 96 96 60
31 97 10 59
31 98 1 76
31 99 76 43
31 100 1 71
32 33 38 35
32 34 30 25
32 35 5 22
32 36 45 31
32 37 97 71
32 38 14 90
32 39 65 87
32 40 48 85
32 41 4 31
32 42 56 4
32 43 15 72
32 44 66 38
32 45 17 48
32 46 21 32
32 47 22 11
32 48 27 70
32 49 71 83
32 50 88 15
32 51 82 88
32 52 66 30
32 53 81 23
32 54 100 19
32 55 11 9
32 56 29 14
32 57 69 52
32 58 30 34
32 59 49 17
32 60 85 45
32 61 70 74
32 62 51 76
32 63 18 53
32 64 60 57
32 65 4 4
32 66 2 89
32 67 64 91
32 68 11 50
32 69 32 72
32 70 53 48
32 71 24 10
32 72 34 94
32 73 91 12
32 74 51 34
32 75 29 8
32 76 24 38
32 77 97 2
32 78 64 50
32 79 75 23
32 80 97 65
32 81 90 20
32 82 90 4
32 83 74 34
32 84 87 54
32 85 1 29
32 86 52 31
32 87 49 33
32 88 32 79
32 89 73 49
32 90 62 17
32 91 69 61
32 92 81 86
32 93 70 43
32 94 66 47
32 95 44 29
32 96 37 66
32 97 97 53
32 98 34 67
32 99 94 54
32 100 18 86
33 34 47 63
33 35 2 30
33 36 95 86
33 37 78 61
33 38 54 77
33 39 44 4
33 40 63 66
33 41 93 36
33 42 6 12
33 43 64 74
33 44 93 88
33 45 96 29
33 46 97 17
33 47 11 94
33 48 20 83
33 49 65 85
33 50 92 41
33 51 42 17
33 52 82 75
33 53 6 42
33 54 17 18
33 55 79 37
33 56 50 67
33 57 8 62
33 58 21 79
33 59 67 2
33 60 17 22
33 61 11 87
33 62 89 52
33 63 49 91
33 64 65 63
33 65 74 61
33 66 15 31
33 67 43 91
33 68 18 85
33 69 32 27
33 70 28 88
33 71 26 65
33 72 68 50
33 73 35 42
33 74 41 24
33 75 100 9
33 76 47 30
33 77 66 73
33 78 93 14
33 79 42 10
33 80 78 48
33 81 6 57
33 82 46 94
33 83 61 15
33 84 95 40
33 85 57 3
33 86 38 25
33 87 4 10
33 88 39 62
33 89 77 48
33 90 21 66
33 91 18 78
33 92 42 80
33 93 47 100
33 94 43 89
33 95 11 79
33 96 28 50
33 97 9 55
33 98 71 82
33 99 36 19
33 100 75 33
34 35 14 58
34 36 56 73
34 37 20 4
34 38 85 27
34 39 86 44
34 40 41 1
34 41 59 71
34 42 43 68
34 43 71 37
34 44 34 24
34 45 12 90
34 46 32 1
34 47 33 30
34 48 84 52
34 49 79 88
34 50 33 62
34 51 87 3
34 52 29 17
34 53 10 6
34 54 45 2
34 55 85 58
34 56 41 46
34 57 18 44
34 58 21 49
34 59 70 2
34 60 83 33
34 61 41 36
34 62 78 34
34 63 83 63
34 64 91 64
34 65 16 45
34 66 62 50
34 67 96 70
34 68 76 62
34 69 75 87
34 70 98 55
34 71 34 95
34 72 4 57
34 73 16 26
34 74 38 75
34 75 49 73
34 76 88 70
34 77 79 81
34 78 53 22
34 79 23 58
34 80 25 24
34 81 44 18
34 82 75 46
34 83 84 74
34 84 25 57
34 85 16 14
34 86 21 35
34 87 33 63
34 88 15 66
34 89 21 89
34 90 61 29
34 91 90 72
34 92 72 27
34 93 68 28
34 94 60 66
34 95 26 84
34 96 49 55
34 97 95 90
34 98 55 92
34 99 99 11
34 100 8 97
35 36 7 7
35 37 60 3
35 38 35 79
35 39 27 70
35 40 55 37
35 41 45 18
35 42 18 99
35 43 67 40
35 44 2 89
35 45 83 27
35 46 50 47
35 47 22 22
35 48 86 87
35 49 54 30
35 50 60 4
35 51 28 22
35 52 95 70
35 53 46 71
35 54 17 1
35 55 25 37
35 56 24 27
35 57 34 50
35 58 96 84
35 59 30 91
35 60 61 3
35 61 46 7
35 62 6 57
35 63 34 69
35 64 76 94
35 65 40 55
35 66 13 73
35 67 5 64
35 68 34 85
35 69 56 35
35 70 38 1
35 71 8 65
35 72 60 55
35 73 62 93
35 74 89 40
35 75 85 12
35 76 51 53
35 77 65 15
35 78 36 28
35 79 6 60
35 80 52 86
35 81 65 11
35 82 65 29
35 83 59 5
35 84 97 61
35 85 6 49
35 86 43 37
35 87 55 76
35 88 8 84
35 89 71 71
35 90 83 1
35 91 49 51
35 92 67 31
35 93 82 14
35 94 5 20
35 95 70 82
35 96 16 87
35 97 28 58
35 98 87 5
35 99 61 29
35 100 72 71
36 37 14 14
36 38 83 96
36 39 96 75
36 40 74 59
36 41 46 29
36 42 59 26
36 43 96 46
36 44 7 100
36 45 97 70
36 46 86 51
36 47 49 61
36 48 89 56
36 49 41 12
36 50 97 62
36 51 58 63
36 52 96 16
36 53 61 79
36 54 27 34
36 55 66 59
36 56 68 36
36 57 1 93
36 58 64 26
36 59 88 17
36 60 76 74
36 61 42 43
36 62 85 59
36 63 11 65
36 64 42 94
36 65 54 57
36 66 34 49
36 67 74 97
36 68 32 65
36 69 20 3
36 70 97 66
36 71 27 79
36 72 44 77
36 73 20 57
36 74 92 85
36 75 65 71
36 76 11 80
36 77 59 44
36 78 49 50
36 79 48 79
36 80 12 75
36 81 91 57
36 82 75 19
36 83 93 43
36 84 91 24
36 85 43 80
36 86 33 66
36 87 11 35
36 88 53 32
36 89 24 77
36 90 24 100
36 91 62 30
36 92 100 8
36 93 85 90
36 94 1 85
36 95 16 50
36 96 53 13
36 97 79 4
36 98 60 40
36 99 80 70
36 100 46 35
37 38 1 66
37 39 19 59
37 40 98 94
37 41 94 94
37 42 93 56
37 43 68 98
37 44 27 51
37 45 47 76
37 46 58 80
37 47 60 10
37 48 62 25
37 49 20 73
37 50 82 24
37 51 91 80
37 52 25 80
37 53 46 48
37 54 46 26
37 55 11 8
37 56 87 64
37 57 78 44
37 58 61 7
37 59 93 13
37 60 3 46
37 61 30 13
37 62 4 13
37 63 89 17
37 64 61 96
37 65 71 33
37 66 7 49
37 67 29 23
37 68 82 39
37 69 76 46
37 70 93 38
37 71 25 33
37 72 32 99
37 73 21 51
37 74 43 71
37 75 85 57
37 76 89 16
37 77 29 66
37 78 37 43
37 79 30 62
37 80 77 22
37 81 83 73
37 82 86 46
37 83 65 18
37 84 47 75
37 85 23 17
37 86 72 19
37 87 34 34
37 88 3 6
37 89 97 42
37 90 25 71
37 91 38 76
37 92 80 76
37 93 36 22
37 94 35 52
37 95 4 25
37 96 59 2
37 97 76 94
37 98 46 13
37 99 52 77
37 100 39 90
38 39 68 21
38 40 81 88
38 41 48 20
38 42 25 2
38 43 5 5
38 44 77 1
38 45 84 93
38 46 17 19
38 47 90 88
38 48 21 70
38 49 58 80
38 50 78 96
38 51 10 90
38 52 55 39
38 53 99 36
38 54 47 78
38 55 59 68
38 56 76 31
38 57 64 57
38 58 14 55
38 59 28 65
38 60 83 21
38 61 55 6
38 62 80 38
38 63 45 58
38 64 58 55
38 65 91 97
38 66 79 50
38 67 20 92
38 68 24 37
38 69 25 34
38 70 86 77
38 71 97 61
38 72 35 22
38 73 48 95
38 74 86 58
38 75 13 63
38 76 59 43
38 77 30 84
38 78 53 16
38 79 70 74
38 80 52 83
38 81 69 54
38 82 79 20
38 83 5 43
38 84 41 4
38 85 56 29
38 86 94 82
38 87 57 48
38 88 14 56
38 89 17 5
38 90 90 17
38 91 13 2
38 92 88 76
38 93 95 64
38 94 81 97
38 95 17 55
38 96 36 67
38 97 76 99
38 98 76 55
38 99 39 47
38 100 87 65
39 40 95 74
39 41 86 87
39 42 21 88
39 43 13 38
39 44 8 30
39 45 23 41
39 46 66 50
39 47 8 64
39 48 79 96
39 49 21 65
39 50 81 29
39 51 19 30
39 52 44 69
39 53 62 85
39 54 29 97
39 55 65 32
39 56 90 98
39 57 91 63
39 58 75 75
39 59 44 12
39 60 9 86
39 61 47 8
39 62 21 60
39 63 37 77
39 64 7 16
39 65 81 60
39 66 61 62
39 67 18 38
39 68 15 45
39 69 14 42
39 70 82 87
39 71 14 76
39 72 57 31
39 73 77 16
39 74 7 59
39 75 13 65
39 76 76 30
39 77 70 71
39 78 22 74
39 79 54 1
39 80 97 100
39 81 3 58
39 82 8 37
39 83 7 64
39 84 58 35
39 85 26 66
39 86 30 79
39 87 99 87
39 88 90 34
39 89 90 68
39 90 34 23
39 91 96 27
39 92 22 33
39 93 4 63
39 94 66 57
39 95 42 37
39 96 58 10
39 97 27 39
39 98 22 83
39 99 43 17
39 100 6 5
40 41 26 5
40 42 82 59
40 43 10 60
40 44 44 22
40 45 67 75
40 46 51 79
40 47 20 34
40 48 30 64
40 49 8 88
40 50 55 94
40 51 65 84
40 52 81 22
40 53 79 45
40 54 94 8
40 55 82 48
40 56 93 65
40 57 53 79
40 58 87 79
40 59 96 3
40 60 82 21
40 61 32 66
40 62 4 90
40 63 73 47
40 64 81 94
40 65 95 20
40 66 55 40
40 67 52 94
40 68 42 20
40 69 7 94
40 70 100 14
40 71 25 28
40 72 21 53
40 73 25 39
40 74 85 50
40 75 67 10
40 76 84 1
40 77 12 64
40 78 39 70
40 79 51 41
40 80 72 57
40 81 39 19
40 82 2 30
40 83 43 16
40 84 43 19
40 85 7 6
40 86 56 7
40 87 32 24
40 88 49 49
40 89 70 57
40 90 55 95
40 91 11 21
40 92 88 43
40 93 23 51
40 94 13 92
40 95 86 34
40 96 20 80
40 97 25 54
40 98 28 70
40 99 83 53
40 100 19 94
41 42 51 12
41 43 98 15
41 44 12 91
41 45 46 81
41 46 10 58
41 47 89 98
41 48 39 20
41 49 66 71
41 50 5 100
41 51 24 38
41 52 40 100
41 53 11 64
41 54 42 67
41 55 19 92
41 56 29 21
41 57 83 96
41 58 60 99
41 59 14 32
41 60 59 91
41 61 46 76
41 62 10 50
41 63 89 46
41 64 76 98
41 65 99 71
41 66 68 6
41 67 20 26
41 68 46 32
41 69 27 8
41 70 65 15
41 71 57 24
41 72 88 65
41 73 29 15
41 74 62 82
41 75 82 89
41 76 6 17
41 77 19 97
41 78 65 30
41 79 56 61
41 80 10 35
41 81 65 16
41 82 52 77
41 83 51 81
41 84 73 98
41 85 47 81
41 86 61 8
41 87 95 69
41 88 9 14
41 89 92 21
41 90 99 26
41 91 43 8
41 92 21 73
41 93 50 54
41 94 37 4
41 95 28 18
41 96 37 61
41 97 99 40
41 98 11 17
41 99 1 19
41 100 45 9
42 43 63 13
42 44 13 31
42 45 86 7
42 46 43 86
42 47 70 78
42 48 9 71
42 49 5 21
42 50 41 78
42 51 57 36
42 52 44 100
42 53 65 68
42 54 4 58
42 55 6 17
42 56 70 46
42 57 55 68
42 58 4 62
42 59 91 26
42 60 17 53
42 61 80 66
42 62 90 28
42 63 82 15
42 64 29 42
42 65 21 62
42 66 81 93
42 67 24 46
42 68 36 48
42 69 23 78
42 70 72 85
42 71 85 76
42 72 76 61
42 73 45 61
42 74 91 13
42 75 23 87
42 76 69 77
42 77 76 31
42 78 2 28
42 79 92 87
42 80 53 44
42 81 79 12
42 82 31 3
42 83 27 69
42 84 14 30
42 85 68 20
42 86 91 90
42 87 76 11
42 88 63 27
42 89 77 1
42 90 26 41
42 91 1 27
42 92 98 42
42 93 76 79
42 94 15 62
42 95 74 20
42 96 95 23
42 97 57 75
42 98 22 53
42 99 66 85
42 100 71 66
43 44 16 26
43 45 12 47
43 46 94 26
43 47 37 61
43 48 16 59
43 49 31 51
43 50 79 22
43 51 8 74
43 52 43 93
43 53 88 69
43 54 33 77
43 55 27 53
43 56 59 50
43 57 99 65
43 58 58 33
43 59 52 71
43 60 23 75
43 61 95 22
43 62 24 91
43 63 23 38
43 64 99 4
43 65 4 60
43 66 8 56
43 67 2 63
43 68 81 2
43 69 52 83
43 70 88 8
43 71 20 70
43 72 48 63
43 73 75 63
43 74 11 29
43 75 68 50
43 76 35 83
43 77 58 98
43 78 84 89
43 79 91 34
43 80 96 94
43 81 79 33
43 82 71 35
43 83 55 32
43 84 66 87
43 85 38 50
43 86 33 48
43 87 85 42
43 88 62 17
43 89 21 65
43 90 73 42
43 91 54 77
43 92 15 70
43 93 11 62
43 94 44 59
43 95 11 28
43 96 47 61
43 97 27 23
43 98 20 46
43 99 67 62
43 100 11 60
44 45 6 66
44 46 75 2
44 47 82 82
44 48 8 49
44 49 61 60
44 50 34 54
44 51 9 34
44 52 9 3
44 53 98 63
44 54 80 44
44 55 24 9
44 56 37 59
44 57 48 11
44 58 20 81
44 59 74 41
44 60 27 56
44 61 8 92
44 62 11 56
44 63 72 18
44 64 1 14
44 65 32 35
44 66 42 89
44 67 72 30
44 68 5 73
44 69 11 98
44 70 13 7
44 71 77 67
44 72 64 29
44 73 12 89
44 74 87 42
44 75 1 36
44 76 8 14
44 77 88 28
44 78 58 36
44 79 92 71
44 80 89 55
44 81 65 4
44 82 26 48
44 83 85 41
44 84 91 47
44 85 65 98
44 86 63 83
44 87 26 52
44 88 61 56
44 89 53 89
44 90 72 95
44 91 35 10
44 92 29 89
44 93 24 7
44 94 61 71
44 95 22 13
44 96 88 3
44 97 90 23
44 98 53 1
44 99 99 37
44 100 69 21
45 46 62 14
45 47 85 85
45 48 9 3
45 49 45 60
45 50 54 65
45 51 77 83
45 52 12 20
45 53 73 79
45 54 17 70
45 55 56 10
45 56 82 59
45 57 60 29
45 58 20 54
45 59 16 83
45 60 85 86
45 61 20 79
45 62 29 57
45 63 56 78
45 64 46 37
45 65 33 79
45 66 12 20
45 67 53 16
45 68 42 60
45 69 6 22
45 70 55 36
45 71 23 56
45 72 64 46
45 73 13 20
45 74 100 62
45 75 68 81
45 76 91 90
45 77 28 21
45 78 22 72
45 79 100 74
45 80 69 16
45 81 11 56
45 82 5 38
45 83 2 41
45 84 64 16
45 85 3 50
45 86 4 16
45 87 19 68
45 88 82 65
45 89 30 62
45 90 44 61
45 91 44 30
45 92 15 83
45 93 56 80
45 94 86 59
45 95 27 7
45 96 11 3
45 97 84 66
45 98 31 74
45 99 62 14
45 100 27 84
46 47 2 22
46 48 51 6
46 49 100 30
46 50 75 34
46 51 26 91
46 52 86 97
46 53 87 38
46 54 74 72
46 55 78 81
46 56 34 35
46 57 21 57
46 58 34 14
46 59 59 5
46 60 68 97
46 61 64 96
46 62 67 95
46 63 57 27
46 64 60 74
46 65 30 84
46 66 38 46
46 67 94 19
46 68 75 56
46 69 82 47
46 70 19 2
46 71 96 75
46 72 73 87
46 73 97 40
46 74 18 30
46 75 42 10
46 76 9 98
46 77 99 58
46 78 37 74
46 79 6 5
46 80 31 21
46 81 86 46
46 82 46 34
46 83 90 76
46 84 93 61
46 85 41 42
46 86 78 83
46 87 14 67
46 88 37 45
46 89 45 56
46 90 48 70
46 91 82 74
46 92 83 70
46 93 55 23
46 94 76 67
46 95 42 67
46 96 91 70
46 97 99 52
46 98 54 75
46 99 93 77
46 100 74 38
47 48 88 71
47 49 58 25
47 50 99 38
47 51 6 64
47 52 40 5
47 53 11 11
47 54 30 49
47 55 90 91
47 56 32 16
47 57 61 91
47 58 8 42
47 59 10 71
47 60 39 15
47 61 47 65
47 62 2 49
47 63 39 53
47 64 64 48
47 65 81 88
47 66 59 12
47 67 69 36
47 68 15 42
47 69 96 76
47 70 61 99
47 71 26 67
47 72 87 71
47 73 6 29
47 74 9 54
47 75 36 75
47 76 4 20
47 77 37 39
47 78 67 33
47 79 24 6
47 80 36 89
47 81 50 20
47 82 4 55
47 83 50 81
47 84 59 88
47 85 93 52
47 86 18 81
47 87 17 45
47 88 99 88
47 89 62 75
47 90 28 90
47 91 11 98
47 92 74 61
47 93 55 24
47 94 1 93
47 95 99 29
47 96 48 38
47 97 52 85
47 98 51 18
47 99 39 23
47 100 46 19
48 49 75 88
48 50 51 47
48 51 23 22
48 52 39 83
48 53 55 28
48 54 80 27
48 55 56 65
48 56 8 8
48 57 77 92
48 58 15 44
48 59 1 45
48 60 80 27
48 61 26 45
48 62 30 9
48 63 17 4
48 64 99 23
48 65 40 23
48 66 1 14
48 67 8 58
48 68 31 99
48 69 85 14
48 70 41 7
48 71 5 51
48 72 79 81
48 73 84 85
48 74 73 3
48 75 91 27
48 76 2 62
48 77 21 55
48 78 50 32
48 79 49 29
48 80 58 2
48 81 47 23
48 82 27 70
48 83 51 34
48 84 47 43
48 85 64 69
48 86 20 3
48 87 40 15
48 88 23 67
48 89 7 32
48 90 16 15
48 91 49 31
48 92 42 14
48 93 11 34
48 94 81 10
48 95 36 41
48 96 90 19
48 97 3 45
48 98 14 93
48 99 59 85
48 100 27 76
49 50 96 98
49 51 79 27
49 52 13 74
49 53 19 13
49 54 6 83
49 55 49 71
49 56 11 61
49 57 19 9
49 58 65 32
49 59 54 71
49 60 30 10
49 61 45 95
49 62 32 22
49 63 49 100
49 64 40 85
49 65 22 33
49 66 33 40
49 67 94 12
49 68 54 40
49 69 76 5
49 70 34 78
49 71 47 35
49 72 30 23
49 73 30 45
49 74 90 79
49 75 36 9
49 76 72 15
49 77 11 75
49 78 63 76
49 79 96 99
49 80 89 29
49 81 40 39
49 82 89 85
49 83 69 59
49 84 64 64
49 85 23 79
49 86 46 98
49 87 79 98
49 88 93 55
49 89 83 2
49 90 42 66
49 91 29 90
49 92 86 93
49 93 78 48
49 94 61 64
49 95 37 34
49 96 58 2
49 97 96 98
49 98 51 59
49 99 24 2
49 100 61 88
50 51 75 37
50 52 21 4
50 53 76 86
50 54 33 20
50 55 86 39
50 56 63 15
50 57 69 40
50 58 98 11
50 59 17 16
50 60 3 33
50 61 6 99
50 62 41 42
50 63 18 54
50 64 27 74
50 65 96 71
50 66 93 51
50 67 98 44
50 68 32 48
50 69 33 61
50 70 53 8
50 71 99 45
50 72 26 21
50 73 89 52
50 74 97 76
50 75 25 6
50 76 87 3
50 77 9 16
50 78 67 15
50 79 95 43
50 80 79 42
50 81 97 1
50 82 85 18
50 83 19 93
50 84 65 2
50 85 76 56
50 86 51 63
50 87 2 90
50 88 45 32
50 89 19 27
50 90 41 86
50 91 24 7
50 92 60 34
50 93 61 98
50 94 13 56
50 95 16 88
50 96 22 58
50 97 37 24
50 98 44 8
50 99 62 29
50 100 91 14
51 52 91 33
51 53 25 23
51 54 33 74
51 55 21 18
51 56 13 18
51 57 71 96
51 58 56 7
51 59 87 64
51 60 4 53
51 61 11 87
51 62 97 92
51 63 48 88
51 64 41 31
51 65 15 71
51 66 80 86
51 67 74 99
51 68 75 68
51 69 59 95
51 70 16 72
51 71 94 77
51 72 28 83
51 73 100 82
51 74 10 7
51 75 16 12
51 76 7 59
51 77 88 9
51 78 82 97
51 79 41 76
51 80 21 46
51 81 83 38
51 82 23 52
51 83 92 48
51 84 49 100
51 85 10 33
51 86 88 50
51 87 63 34
51 88 44 37
51 89 89 82
51 90 1 89
51 91 100 83
51 92 3 37
51 93 35 49
51 94 80 86
51 95 37 73
51 96 19 40
51 97 60 10
51 98 93 36
51 99 89 81
51 100 48 57
52 53 89 73
52 54 31 7
52 55 45 3
52 56 11 8
52 57 23 75
52 58 19 82
52 59 20 69
52 60 36 20
52 61 34 40
52 62 80 69
52 63 41 56
52 64 59 74
52 65 85 29
52 66 25 98
52 67 98 38
52 68 52 26
52 69 55 68
52 70 25 91
52 71 2 10
52 72 90 23
52 73 1 1
52 74 98 84
52 75 89 62
52 76 92 47
52 77 84 21
52 78 95 5
52 79 90 45
52 80 71 75
52 81 70 34
52 82 78 82
52 83 28 91
52 84 22 18
52 85 19 54
52 86 29 92
52 87 82 73
52 88 80 39
52 89 70 97
52 90 2 21
52 91 7 35
52 92 27 14
52 93 31 100
52 94 9 48
52 95 51 47
52 96 95 86
52 97 63 54
52 98 40 6
52 99 89 74
52 100 59 44
53 54 45 38
53 55 61 59
53 56 19 73
53 57 66 53
53 58 15 49
53 59 1 9
53 60 87 35
53 61 28 17
53 62 45 51
53 63 96 41
53 64 5 23
53 65 24 40
53 66 96 14
53 67 24 20
53 68 74 61
53 69 32 5
53 70 80 78
53 71 3 44
53 72 23 19
53 73 53 36
53 74 31 15
53 75 48 84
53 76 89 97
53 77 13 34
53 78 41 59
53 79 63 48
53 80 48 39
53 81 70 5
53 82 95 66
53 83 15 47
53 84 29 23
53 85 68 68
53 86 59 49
53 87 87 38
53 88 20 39
53 89 92 91
53 90 82 91
53 91 67 14
53 92 94 47
53 93 34 28
53 94 52 61
53 95 15 93
53 96 37 100
53 97 69 87
53 98 49 7
53 99 52 37
53 100 25 69
54 55 39 77
54 56 59 32
54 57 50 98
54 58 95 19
54 59 92 73
54 60 100 16
54 61 60 18
54 62 68 62
54 63 37 93
54 64 23 17
54 65 90 10
54 66 12 66
54 67 58 43
54 68 59 48
54 69 89 95
54 70 42 71
54 71 28 89
54 72 96 94
54 73 20 42
54 74 60 69
54 75 35 35
54 76 4 63
54 77 52 23
54 78 2 89
54 79 95 81
54 80 15 3
54 81 16 81
54 82 13 33
54 83 11 27
54 84 89 15
54 85 100 26
54 86 60 13
54 87 28 21
54 88 22 92
54 89 6 10
54 90 77 92
54 91 56 86
54 92 6 54
54 93 67 96
54 94 8 27
54 95 20 65
54 96 52 5
54 97 60 43
54 98 77 68
54 99 17 43
54 100 44 31
55 56 32 43
55 57 98 37
55 58 74 34
55 59 68 81
55 60 31 21
55 61 91 29
55 62 6 28
55 63 73 96
55 64 81 47
55 65 18 35
55 66 51 14
55 67 44 32
55 68 3 75
55 69 29 49
55 70 34 21
55 71 13 59
55 72 100 56
55 73 39 97
55 74 29 54
55 75 73 16
55 76 26 99
55 77 52 43
55 78 83 49
55 79 70 48
55 80 80 90
55 81 89 92
55 82 62 30
55 83 22 38
55 84 60 38
55 85 37 2
55 86 12 63
55 87 92 75
55 88 44 14
55 89 76 99
55 90 94 9
55 91 98 10
55 92 65 76
55 93 11 81
55 94 60 91
55 95 64 10
55 96 25 19
55 97 2 86
55 98 56 35
55 99 87 4
55 100 14 55
56 57 84 83
56 58 54 74
56 59 93 34
56 60 72 74
56 61 96 90
56 62 53 72
56 63 68 7
56 64 64 38
56 65 52 70
56 66 11 6
56 67 55 83
56 68 72 71
56 69 69 72
56 70 8 24
56 71 93 54
56 72 69 2
56 73 29 55
56 74 7 95
56 75 38 93
56 76 64 55
56 77 64 61
56 78 50 32
56 79 6 25
56 80 61 87
56 81 25 62
56 82 40 79
56 83 34 84
56 84 72 87
56 85 59 9
56 86 80 27
56 87 60 92
56 88 58 53
56 89 24 57
56 90 92 54
56 91 24 85
56 92 39 66
56 93 61 40
56 94 39 43
56 95 82 48
56 96 39 11
56 97 31 91
56 98 48 55
56 99 4 96
56 100 50 18
57 58 92 37
57 59 57 78
57 60 63 90
57 61 98 71
57 62 35 52
57 63 79 11
57 64 82 79
57 65 86 29
57 66 19 68
57 67 63 66
57 68 99 23
57 69 41 61
57 70 92 56
57 71 18 39
57 72 90 46
57 73 9 60
57 74 82 36
57 75 38 57
57 76 24 30
57 77 70 61
57 78 99 73
57 79 95 22
57 80 35 56
57 81 84 27
57 82 62 72
57 83 32 86
57 84 78 63
57 85 50 34
57 86 38 1
57 87 86 3
57 88 66 14
57 89 8 25
57 90 47 24
57 91 23 61
57 92 26 17
57 93 56 24
57 94 73 61
57 95 100 34
57 96 93 47
57 97 20 90
57 98 77 55
57 99 52 35
57 100 99 61
58 59 2 80
58 60 45 34
58 61 95 16
58 62 79 75
58 63 16 87
58 64 82 19
58 65 17 38
58 66 87 77
58 67 81 83
58 68 63 25
58 69 53 58
58 70 13 100
58 71 79 76
58 72 90 14
58 73 65 25
58 74 16 21
58 75 63 55
58 76 80 1
58 77 34 84
58 78 63 8
58 79 85 23
58 80 37 79
58 81 76 2
58 82 21 53
58 83 87 38
58 84 50 24
58 85 58 27
58 86 24 38
58 87 58 57
58 88 15 80
58 89 47 28
58 90 50 33
58 91 88 72
58 92 74 7
58 93 46 2
58 94 43 77
58 95 77 90
58 96 52 32
58 97 23 46
58 98 55 26
58 99 75 42
58 100 13 13
59 60 23 90
59 61 54 36
59 62 47 51
59 63 85 91
59 64 87 72
59 65 27 2
59 66 32 36
59 67 10 63
59 68 71 85
59 69 55 17
59 70 7 84
59 71 30 99
59 72 41 47
59 73 21 68
59 74 59 45
59 75 26 7
59 76 57 23
59 77 12 21
59 78 49 96
59 79 34 90
59 80 96 84
59 81 50 7
59 82 10 2
59 83 42 12
59 84 77 12
59 85 6 79
59 86 4 72
59 87 49 14
59 88 52 21
59 89 65 92
59 90 32 22
59 91 26 82
59 92 98 63
59 93 14 89
59 94 75 91
59 95 97 44
59 96 4 4
59 97 1 20
59 98 48 37
59 99 19 39
59 100 16 44
60 61 46 92
60 62 30 1
60 63 65 25
60 64 42 55
60 65 42 71
60 66 54 72
60 67 18 6
60 68 45 86
60 69 69 79
60 70 55 86
60 71 95 21
60 72 98 19
60 73 53 62
60 74 73 10
60 75 82 90
60 76 33 26
60 77 99 79
60 78 28 53
60 79 19 50
60 80 82 40
60 81 57 16
60 82 68 62
60 83 85 15
60 84 47 85
60 85 41 91
60 86 62 32
60 87 98 31
60 88 82 34
60 89 32 100
60 90 89 41
60 91 32 36
60 92 33 94
60 93 67 36
60 94 75 57
60 95 7 21
60 96 19 21
60 97 71 1
60 98 4 88
60 99 63 14
60 100 36 85
61 62 80 36
61 63 67 66
61 64 13 9
61 65 91 75
61 66 98 45
61 67 70 84
61 68 33 15
61 69 63 32
61 70 4 86
61 71 90 34
61 72 34 19
61 73 76 67
61 74 54 99
61 75 69 97
61 76 12 98
61 77 47 66
61 78 83 91
61 79 10 62
61 80 43 77
61 81 99 2
61 82 15 46
61 83 96 25
61 84 57 72
61 85 81 89
61 86 78 34
61 87 43 30
61 88 68 87
61 89 6 25
61 90 14 95
61 91 50 25
61 92 65 40
61 93 95 98
61 94 64 51
61 95 72 78
61 96 42 2
61 97 48 31
61 98 55 7
61 99 37 15
61 100 66 54
62 63 90 46
62 64 25 32
62 65 16 87
62 66 53 60
62 67 2 98
62 68 44 82
62 69 14 37
62 70 76 11
62 71 66 61
62 72 61 64
62 73 73 10
62 74 16 68
62 75 28 13
62 76 89 7
62 77 93 54
62 78 14 60
62 79 25 94
62 80 24 75
62 81 64 83
62 82 17 72
62 83 43 50
62 84 63 8
62 85 35 19
62 86 8 81
62 87 38 93
62 88 17 90
62 89 18 37
62 90 70 68
62 91 24 99
62 92 22 7
62 93 88 50
62 94 70 15
62 95 20 61
62 96 4 85
62 97 7 4
62 98 60 40
62 99 67 96
62 100 78 31
63 64 97 60
63 65 31 3
63 66 4 95
63 67 99 81
63 68 20 26
63 69 20 54
63 70 51 46
63 71 19 92
63 72 38 92
63 73 98 92
63 74 67 29
63 75 83 54
63 76 48 85
63 77 5 6
63 78 13 77
63 79 94 8
63 80 33 29
63 81 34 70
63 82 67 17
63 83 73 53
63 84 27 95
63 85 34 25
63 86 48 22
63 87 62 96
63 88 8 36
63 89 90 30
63 90 61 69
63 91 45 50
63 92 1 5
63 93 63 86
63 94 3 11
63 95 99 3
63 96 6 7
63 97 1 30
63 98 60 86
63 99 28 29
63 100 3 65
64 65 50 14
64 66 56 31
64 67 40 34
64 68 54 34
64 69 97 51
64 70 69 31
64 71 1 11
64 72 68 66
64 73 34 84
64 74 26 2
64 75 16 56
64 76 83 91
64 77 91 48
64 78 65 37
64 79 40 73
64 80 54 10
64 81 11 93
64 82 90 83
64 83 62 94
64 84 27 63
64 85 99 86
64 86 45 49
64 87 85 47
64 88 15 56
64 89 52 61
64 90 35 30
64 91 24 81
64 92 29 59
64 93 63 87
64 94 78 46
64 95 52 36
64 96 27 65
64 97 59 26
64 98 23 91
64 99 33 92
64 100 29 16
65 66 1 97
65 67 77 5
65 68 56 47
65 69 60 75
65 70 1 26
65 71 51 96
65 72 51 44
65 73 62 10
65 74 68 73
65 75 78 68
65 76 57 48
65 77 93 36
65 78 16 72
65 79 25 37
65 80 45 80
65 81 66 58
65 82 33 40
65 83 7 48
65 84 4 80
65 85 13 18
65 86 99 60
65 87 94 43
65 88 49 91
65 89 45 71
65 90 90 42
65 91 29 15
65 92 64 89
65 93 61 59
65 94 20 99
65 95 55 9
65 96 87 68
65 97 91 49
65 98 24 9
65 99 46 32
65 100 68 2
66 67 74 33
66 68 75 87
66 69 6 57
66 70 83 52
66 71 2 99
66 72 9 94
66 73 28 86
66 74 13 99
66 75 85 91
66 76 95 42
66 77 7 100
66 78 71 65
66 79 89 23
66 80 16 32
66 81 92 94
66 82 38 31
66 83 61 70
66 84 62 62
66 85 48 33
66 86 78 59
66 87 100 94
66 88 66 67
66 89 79 77
66 90 74 1
66 91 21 79
66 92 99 84
66 93 28 28
66 94 39 2
66 95 99 100
66 96 25 36
66 97 85 80
66 98 40 51
66 99 100 11
66 100 44 28
67 68 41 77
67 69 45 96
67 70 68 57
67 71 8 66
67 72 30 91
67 73 10 45
67 74 9 47
67 75 71 2
67 76 97 80
67 77 33 9
67 78 83 62
67 79 25 12
67 80 61 74
67 81 9 73
67 82 18 58
67 83 27 85
67 84 59 79
67 85 65 42
67 86 94 38
67 87 73 68
67 88 32 11
67 89 43 39
67 90 58 54
67 91 37 100
67 92 1 87
67 93 40 71
67 94 13 100
67 95 11 82
67 96 33 24
67 97 91 66
67 98 57 85
67 99 75 97
67 100 11 39
68 69 73 14
68 70 48 28
68 71 92 54
68 72 25 88
68 73 41 93
68 74 31 33
68 75 26 81
68 76 8 10
68 77 72 70
68 78 42 26
68 79 85 23
68 80 79 74
68 81 40 53
68 82 35 81
68 83 60 54
68 84 19 7
68 85 17 15
68 86 83 66
68 87 73 55
68 88 37 3
68 89 31 57
68 90 25 99
68 91 44 34
68 92 1 85
68 93 16 1
68 94 43 55
68 95 30 46
68 96 94 92
68 97 12 47
68 98 89 33
68 99 5 91
68 100 88 96
69 70 37 1
69 71 69 36
69 72 45 44
69 73 76 68
69 74 5 18
69 75 22 44
69 76 39 14
69 77 14 16
69 78 50 53
69 79 20 53
69 80 34 97
69 81 56 46
69 82 85 60
69 83 68 12
69 84 12 43
69 85 47 39
69 86 10 99
69 87 45 45
69 88 83 42
69 89 7 86
69 90 72 33
69 91 50 89
69 92 100 98
69 93 57 71
69 94 39 31
69 95 14 90
69 96 98 74
69 97 62 70
69 98 41 94
69 99 89 90
69 100 74 8
70 71 68 49
70 72 59 63
70 73 49 2
70 74 13 83
70 75 77 17
70 76 24 82
70 77 50 93
70 78 73 84
70 79 77 79
70 80 21 87
70 81 28 1
70 82 84 23
70 83 77 7
70 84 6 91
70 85 54 71
70 86 53 64
70 87 89 93
70 88 28 44
70 89 19 73
70 90 75 32
70 91 73 19
70 92 62 19
70 93 64 56
70 94 13 8
70 95 2 70
70 96 71 15
70 97 48 9
70 98 92 66
70 99 10 56
70 100 16 11
71 72 90 52
71 73 96 97
71 74 87 33
71 75 99 36
71 76 17 80
71 77 21 26
71 78 64 85
71 79 92 91
71 80 54 11
71 81 34 27
71 82 82 57
71 83 65 70
71 84 44 11
71 85 30 24
71 86 2 31
71 87 24 25
71 88 72 69
71 89 98 25
71 90 93 30
71 91 22 57
71 92 42 93
71 93 100 30
71 94 80 17
71 95 24 53
71 96 97 45
71 97 75 27
71 98 19 95
71 99 6 30
71 100 79 85
72 73 35 35
72 74 6 23
72 75 59 25
72 76 68 95
72 77 36 80
72 78 30 85
72 79 79 33
72 80 66 68
72 81 40 23
72 82 10 19
72 83 80 19
72 84 12 15
72 85 91 78
72 86 55 74
72 87 97 65
72 88 4 90
72 89 38 96
72 90 23 23
72 91 73 62
72 92 86 14
72 93 36 6
72 94 85 8
72 95 30 66
72 96 6 94
72 97 46 74
72 98 9 10
72 99 97 100
72 100 50 24
73 74 25 92
73 75 84 54
73 76 7 2
73 77 62 99
73 78 5 15
73 79 34 87
73 80 79 23
73 81 91 50
73 82 18 61
73 83 24 47
73 84 91 34
73 85 8 11
73 86 81 11
73 87 54 56
73 88 44 80
73 89 38 54
73 90 19 3
73 91 8 86
73 92 68 46
73 93 47 62
73 94 86 9
73 95 40 4
73 96 12 71
73 97 40 97
73 98 26 9
73 99 65 63
73 100 36 97
74 75 46 50
74 76 80 65
74 77 81 82
74 78 43 47
74 79 32 98
74 80 57 69
74 81 18 9
74 82 5 46
74 83 5 38
74 84 100 45
74 85 9 100
74 86 82 43
74 87 90 13
74 88 91 32
74 89 20 80
74 90 38 44
74 91 59 53
74 92 58 28
74 93 78 53
74 94 88 82
74 95 77 56
74 96 46 80
74 97 52 18
74 98 56 43
74 99 85 32
74 100 4 29
75 76 8 74
75 77 8 57
75 78 87 73
75 79 55 43
75 80 59 87
75 81 47 68
75 82 26 6
75 83 51 19
75 84 24 98
75 85 69 93
75 86 79 97
75 87 23 30
75 88 9 25
75 89 99 95
75 90 61 35
75 91 5 75
75 92 39 83
75 93 56 84
75 94 30 68
75 95 35 84
75 96 96 34
75 97 27 53
75 98 48 48
75 99 74 32
75 100 100 55
76 77 39 82
76 78 3 35
76 79 7 20
76 80 23 58
76 81 67 62
76 82 98 40
76 83 56 84
76 84 52 41
76 85 88 22
76 86 42 25
76 87 63 95
76 88 100 26
76 89 99 60
76 90 19 87
76 91 87 48
76 92 37 71
76 93 89 22
76 94 10 49
76 95 7 15
76 96 82 100
76 97 74 22
76 98 2 42
76 99 68 63
76 100 43 25
77 78 37 83
77 79 41 37
77 80 3 94
77 81 34 76
77 82 41 7
77 83 60 15
77 84 39 95
77 85 25 14
77 86 85 87
77 87 82 46
77 88 45 6
77 89 29 41
77 90 54 47
77 91 46 4
77 92 11 89
77 93 21 99
77 94 74 33
77 95 92 95
77 96 64 33
77 97 23 18
77 98 87 17
77 99 80 86
77 100 36 80
78 79 88 31
78 80 55 76
78 81 87 17
78 82 29 47
78 83 58 22
78 84 52 10
78 85 88 94
78 86 43 6
78 87 22 62
78 88 40 28
78 89 7 39
78 90 3 22
78 91 61 60
78 92 29 18
78 93 3 21
78 94 36 85
78 95 45 97
78 96 51 18
78 97 20 78
78 98 26 8
78 99 81 10
78 100 72 27
79 80 46 85
79 81 81 79
79 82 18 46
79 83 20 95
79 84 94 12
79 85 8 12
79 86 66 33
79 87 58 100
79 88 82 3
79 89 45 78
79 90 35 54
79 91 87 24
79 92 34 26
79 93 79 85
79 94 17 86
79 95 49 21
79 96 7 5
79 97 25 29
79 98 97 73
79 99 18 66
79 100 39 9
80 81 100 46
80 82 45 26
80 83 34 55
80 84 50 2
80 85 59 62
80 86 10 98
80 87 65 23
80 88 33 32
80 89 73 15
80 90 74 67
80 91 4 75
80 92 27 6
80 93 91 98
80 94 54 59
80 95 62 48
80 96 32 86
80 97 99 63
80 98 40 12
80 99 18 50
80 100 36 54
81 82 88 14
81 83 88 28
81 84 37 17
81 85 44 96
81 86 82 42
81 87 27 34
81 88 1 45
81 89 90 58
81 90 83 80
81 91 32 74
81 92 76 7
81 93 16 90
81 94 14 70
81 95 4 31
81 96 57 82
81 97 27 70
81 98 42 26
81 99 88 78
81 100 28 24
82 83 29 52
82 84 27 89
82 85 33 7
82 86 93 67
82 87 96 59
82 88 90 2
82 89 64 76
82 90 12 55
82 91 48 35
82 92 45 73
82 93 42 42
82 94 68 69
82 95 67 5
82 96 10 65
82 97 87 40
82 98 86 27
82 99 35 8
82 100 41 35
83 84 27 37
83 85 19 79
83 86 37 28
83 87 5 35
83 88 37 27
83 89 79 39
83 90 54 56
83 91 1 65
83 92 68 93
83 93 2 88
83 94 100 14
83 95 21 29
83 96 32 78
83 97 93 71
83 98 3 66
83 99 20 71
83 100 63 49
84 85 46 78
84 86 11 47
84 87 88 68
84 88 53 86
84 89 54 71
84 90 4 60
84 91 65 21
84 92 92 6
84 93 30 83
84 94 83 28
84 95 24 35
84 96 57 47
84 97 38 88
84 98 25 10
84 99 78 71
84 100 8 3
85 86 5 18
85 87 62 90
85 88 58 89
85 89 50 1
85 90 44 80
85 91 14 15
85 92 25 35
85 93 66 58
85 94 69 19
85 95 78 11
85 96 14 37
85 97 22 74
85 98 71 42
85 99 56 10
85 100 96 39
86 87 12 59
86 88 8 21
86 89 93 33
86 90 8 84
86 91 17 9
86 92 75 7
86 93 93 70
86 94 51 73
86 95 30 30
86 96 58 74
86 97 10 43
86 98 85 60
86 99 43 2
86 100 1 8
87 88 58 19
87 89 6 30
87 90 29 92
87 91 19 68
87 92 97 61
87 93 60 95
87 94 17 90
87 95 15 72
87 96 96 65
87 97 70 93
87 98 59 74
87 99 89 52
87 100 99 53
88 89 18 10
88 90 79 53
88 91 86 70
88 92 97 32
88 93 14 57
88 94 51 7
88 95 10 52
88 96 96 70
88 97 47 40
88 98 15 1
88 99 95 41
88 100 84 97
89 90 72 55
89 91 53 33
89 92 40 80
89 93 31 66
89 94 79 42
89 95 17 51
89 96 100 44
89 97 22 10
89 98 89 69
89 99 49 56
89 100 32 7
90 91 52 26
90 92 60 10
90 93 31 3
90 94 42 92
90 95 43 71
90 96 25 56
90 97 29 5
90 98 10 76
90 99 62 77
90 100 13 86
91 92 39 71
91 93 81 26
91 94 12 82
91 95 29 74
91 96 50 48
91 97 51 52
91 98 22 85
91 99 2 62
91 100 35 64
92 93 16 72
92 94 88 89
92 95 57 49
92 96 59 17
92 97 32 26
92 98 85 50
92 99 65 38
92 100 14 36
93 94 28 28
93 95 71 100
93 96 12 14
93 97 7 38
93 98 2 43
93 99 62 75
93 100 33 97
94 95 15 76
94 96 85 33
94 97 30 72
94 98 68 57
94 99 83 4
94 100 10 8
95 96 58 14
95 97 70 28
95 98 8 96
95 99 63 49
95 100 83 60
96 97 96 64
96 98 60 19
96 99 15 5
96 100 29 91
97 98 99 44
97 99 54 74
97 100 28 61
98 99 9 65
98 100 19 55
99 100 5 77