100
9
9
13
20
46
89
2
15
77
7
71
36
70
96
67
34
10
74
30
66
57
65
9
38
37
75
80
1 2 68 12
1 3 18 73
1 4 17 34
1 5 59 72
1 6 24 70
1 7 54 18
1 8 68 28
1 9 5 46
1 10 23 75
1 11 11 100
1 12 54 51
1 13 33 2
1 14 71 56
1 15 58 83
1 16 16 29
1 17 31 37
1 18 96 91
1 19 75 25
1 20 51 37
1 21 79 9
1 22 99 70
1 23 34 55
1 24 7 13
1 25 16 54
1 26 34 15
1 27 42 86
1 28 19 80
1 29 42 78
1 30 40 5
1 31 32 57
1 32 63 56
1 33 79 24
1 34 58 38
1 35 35 29
1 36 78 83
1 37 89 91
1 38 89 43
1 39 2 63
1 40 60 36
1 41 53 84
1 42 32 85
1 43 2 64
1 44 97 69
1 45 84 83
1 46 21 61
1 47 3 6
1 48 33 22
1 49 53 19
1 50 11 59
1 51 15 19
1 52 90 75
1 53 6 18
1 54 60 62
1 55 30 86
1 56 63 44
1 57 25 48
1 58 12 34
1 59 44 3
1 60 27 1
1 61 13 9
1 62 27 98
1 63 4 58
1 64 83 90
1 65 62 73
1 66 81 35
1 67 33 78
1 68 63 43
1 69 54 38
1 70 72 21
1 71 18 37
1 72 44 85
1 73 92 16
1 74 95 10
1 75 78 25
1 76 45 92
1 77 37 65
1 78 33 21
1 79 76 42
1 80 8 2
1 81 52 37
1 82 49 97
1 83 70 95
1 84 33 5
1 85 86 50
1 86 79 97
1 87 43 50
1 88 21 76
1 89 46 17
1 90 8 38
1 91 91 96
1 92 96 39
1 93 55 14
1 94 30 20
1 95 76 10
1 96 24 19
1 97 61 79
1 98 92 85
1 99 26 91
1 100 53 35
2 3 79 83
2 4 75 45
2 5 23 39
2 6 60 45
2 7 23 23
2 8 86 35
2 9 82 85
2 10 90 100
2 11 54 84
2 12 9 69
2 13 20 55
2 14 60 50
2 15 87 58
2 16 80 37
2 17 58 48
2 18 79 43
2 19 6 60
2 20 69 71
2 21 77 76
2 22 14 60
2 23 97 100
2 24 2 40
2 25 54 50
2 26 52 9
2 27 42 4
2 28 7 99
2 29 20 99
2 30 51 57
2 31 86 24
2 32 49 45
2 33 26 43
2 34 95 2
2 35 72 38
2 36 27 43
2 37 86 99
2 38 32 83
2 39 39 53
2 40 8 56
2 41 71 1
2 42 16 1
2 43 68 12
2 44 74 94
2 45 87 10
2 46 27 40
2 47 30 55
2 48 23 60
2 49 58 11
2 50 43 12
2 51 77 68
2 52 44 3
2 53 24 88
2 54 74 38
2 55 30 50
2 56 100 76
2 57 80 88
2 58 37 56
2 59 41 65
2 60 88 4
2 61 62 42
2 62 13 3
2 63 55 54
2 64 81 8
2 65 44 60
2 66 11 84
2 67 82 73
2 68 83 5
2 69 79 12
2 70 49 79
2 71 84 42
2 72 25 70
2 73 32 76
2 74 20 66
2 75 21 82
2 76 25 44
2 77 65 72
2 78 41 30
2 79 40 39
2 80 66 47
2 81 23 67
2 82 73 52
2 83 90 86
2 84 44 28
2 85 18 39
2 86 44 35
2 87 74 26
2 88 10 7
2 89 58 3
2 90 35 4
2 91 68 59
2 92 40 69
2 93 53 39
2 94 41 35
2 95 10 68
2 96 31 73
2 97 85 2
2 98 36 21
2 99 27 50
2 100 34 4
3 4 1 59
3 5 93 67
3 6 66 21
3 7 38 56
3 8 30 34
3 9 76 93
3 10 32 92
3 11 37 11
3 12 91 20
3 13 25 18
3 14 1 35
3 15 9 59
3 16 88 73
3 17 20 20
3 18 23 12
3 19 22 12
3 20 100 80
3 21 93 80
3 22 88 70
3 23 16 58
3 24 6 87
3 25 95 95
3 26 94 42
3 27 12 64
3 28 1 57
3 29 71 62
3 30 36 98
3 31 67 28
3 32 84 57
3 33 28 84
3 34 96 5
3 35 51 60
3 36 74 87
3 37 7 40
3 38 97 70
3 39 76 98
3 40 34 98
3 41 52 8
3 42 71 43
3 43 92 54
3 44 12 44
3 45 13 95
3 46 8 35
3 47 38 100
3 48 52 5
3 49 22 70
3 50 28 15
3 51 3 95
3 52 4 30
3 53 72 84
3 54 53 81
3 55 77 10
3 56 16 99
3 57 29 89
3 58 55 5
3 59 98 34
3 60 19 90
3 61 34 47
3 62 9 71
3 63 4 51
3 64 16 26
3 65 7 38
3 66 8 72
3 67 34 53
3 68 29 84
3 69 84 2
3 70 7 81
3 71 25 79
3 72 93 59
3 73 70 97
3 74 4 42
3 75 53 44
3 76 13 33
3 77 72 13
3 78 91 69
3 79 64 16
3 80 97 31
3 81 57 43
3 82 70 10
3 83 71 80
3 84 26 64
3 85 10 3
3 86 90 94
3 87 35 67
3 88 51 66
3 89 30 44
3 90 54 78
3 91 24 43
3 92 66 96
3 93 64 50
3 94 100 18
3 95 40 11
3 96 92 89
3 97 41 37
3 98 20 15
3 99 67 4
3 100 65 73
4 5 46 86
4 6 53 23
4 7 92 91
4 8 95 29
4 9 30 15
4 10 19 36
4 11 63 21
4 12 51 99
4 13 7 46
4 14 16 25
4 15 99 91
4 16 1 56
4 17 83 45
4 18 96 21
4 19 17 60
4 20 54 33
4 21 10 7
4 22 44 96
4 23 46 62
4 24 76 48
4 25 79 36
4 26 98 51
4 27 51 100
4 28 18 55
4 29 40 29
4 30 24 48
4 31 47 42
4 32 69 46
4 33 71 88
4 34 21 92
4 35 58 50
4 36 94 18
4 37 96 96
4 38 68 16
4 39 64 60
4 40 48 61
4 41 59 12
4 42 7 16
4 43 54 84
4 44 57 9
4 45 25 3
4 46 53 40
4 47 31 46
4 48 40 3
4 49 97 89
4 50 65 5
4 51 34 83
4 52 98 9
4 53 42 10
4 54 3 80
4 55 47 67
4 56 64 46
4 57 2 6
4 58 11 72
4 59 17 8
4 60 97 33
4 61 99 6
4 62 79 79
4 63 53 35
4 64 100 51
4 65 85 5
4 66 73 87
4 67 81 35
4 68 28 3
4 69 97 81
4 70 21 82
4 71 97 87
4 72 18 56
4 73 35 12
4 74 20 52
4 75 55 79
4 76 38 97
4 77 37 51
4 78 58 70
4 79 2 84
4 80 100 74
4 81 54 52
4 82 77 44
4 83 1 84
4 84 45 34
4 85 63 96
4 86 5 72
4 87 4 7
4 88 40 2
4 89 27 39
4 90 84 45
4 91 34 32
4 92 10 49
4 93 5 61
4 94 20 37
4 95 67 24
4 96 4 89
4 97 49 35
4 98 53 52
4 99 15 30
4 100 84 36
5 6 14 24
5 7 95 90
5 8 81 45
5 9 74 59
5 10 85 86
5 11 52 54
5 12 51 50
5 13 41 85
5 14 56 33
5 15 91 14
5 16 64 71
5 17 66 20
5 18 13 13
5 19 46 16
5 20 8 48
5 21 29 51
5 22 85 84
5 23 4 71
5 24 83 55
5 25 99 17
5 26 69 62
5 27 49 44
5 28 91 38
5 29 21 42
5 30 73 90
5 31 33 47
5 32 24 97
5 33 75 19
5 34 36 38
5 35 74 4
5 36 38 96
5 37 35 30
5 38 6 17
5 39 86 2
5 40 5 33
5 41 12 86
5 42 79 78
5 43 67 87
5 44 44 62
5 45 98 4
5 46 93 83
5 47 71 35
5 48 82 96
5 49 24 20
5 50 15 63
5 51 99 12
5 52 78 34
5 53 69 83
5 54 99 67
5 55 19 72
5 56 64 97
5 57 65 45
5 58 66 28
5 59 35 21
5 60 44 97
5 61 77 31
5 62 93 48
5 63 3 89
5 64 55 53
5 65 4 12
5 66 60 43
5 67 75 93
5 68 30 16
5 69 79 45
5 70 98 100
5 71 78 39
5 72 36 64
5 73 14 6
5 74 31 52
5 75 95 65
5 76 76 67
5 77 59 77
5 78 40 57
5 79 90 77
5 80 69 79
5 81 22 72
5 82 56 24
5 83 76 89
5 84 29 20
5 85 77 48
5 86 23 83
5 87 93 70
5 88 47 100
5 89 18 58
5 90 8 67
5 91 84 52
5 92 38 83
5 93 37 48
5 94 35 60
5 95 16 88
5 96 51 80
5 97 35 17
5 98 65 15
5 99 62 77
5 100 91 27
6 7 43 36
6 8 81 80
6 9 77 76
6 10 79 6
6 11 75 15
6 12 40 56
6 13 99 12
6 14 67 57
6 15 25 52
6 16 88 55
6 17 28 37
6 18 85 20
6 19 54 19
6 20 39 35
6 21 1 67
6 22 88 37
6 23 12 20
6 24 58 53
6 25 89 34
6 26 1 56
6 27 43 41
6 28 68 80
6 29 21 74
6 30 82 25
6 31 22 80
6 32 88 81
6 33 33 40
6 34 10 15
6 35 16 58
6 36 83 90
6 37 29 12
6 38 33 64
6 39 58 60
6 40 11 26
6 41 93 36
6 42 16 31
6 43 52 7
6 44 47 81
6 45 51 71
6 46 32 14
6 47 82 5
6 48 45 62
6 49 36 67
6 50 12 72
6 51 36 64
6 52 44 93
6 53 82 6
6 54 8 68
6 55 62 73
6 56 84 4
6 57 52 98
6 58 76 23
6 59 64 79
6 60 67 4
6 61 40 43
6 62 56 89
6 63 58 37
6 64 78 80
6 65 19 43
6 66 82 79
6 67 58 82
6 68 92 23
6 69 84 32
6 70 75 22
6 71 39 9
6 72 42 46
6 73 20 67
6 74 65 42
6 75 65 83
6 76 91 47
6 77 10 85
6 78 11 45
6 79 6 16
6 80 54 81
6 81 20 100
6 82 21 39
6 83 48 24
6 84 44 8
6 85 64 4
6 86 22 83
6 87 55 5
6 88 60 15
6 89 73 35
6 90 13 41
6 91 42 78
6 92 29 4
6 93 23 96
6 94 41 38
6 95 60 28
6 96 4 2
6 97 94 60
6 98 84 80
6 99 99 57
6 100 20 88
7 8 37 79
7 9 44 7
7 10 68 93
7 11 64 69
7 12 60 33
7 13 41 67
7 14 43 98
7 15 27 75
7 16 20 58
7 17 72 84
7 18 64 71
7 19 18 84
7 20 26 20
7 21 74 88
7 22 11 28
7 23 83 8
7 24 25 55
7 25 65 92
7 26 34 83
7 27 75 9
7 28 2 92
7 29 30 96
7 30 80 74
7 31 86 17
7 32 86 31
7 33 96 7
7 34 55 88
7 35 88 41
7 36 100 9
7 37 13 14
7 38 2 79
7 39 55 12
7 40 81 100
7 41 85 76
7 42 82 77
7 43 86 11
7 44 9 10
7 45 51 35
7 46 73 60
7 47 35 93
7 48 97 47
7 49 49 14
7 50 37 53
7 51 23 78
7 52 92 2
7 53 18 56
7 54 66 41
7 55 20 56
7 56 52 63
7 57 87 54
7 58 24 20
7 59 7 91
7 60 44 52
7 61 66 31
7 62 43 48
7 63 21 35
7 64 22 21
7 65 61 91
7 66 58 92
7 67 76 63
7 68 79 87
7 69 88 37
7 70 96 88
7 71 5 97
7 72 52 83
7 73 36 52
7 74 26 56
7 75 74 94
7 76 44 70
7 77 10 23
7 78 95 55
7 79 38 92
7 80 87 35
7 81 12 53
7 82 41 68
7 83 12 63
7 84 27 84
7 85 77 24
7 86 72 16
7 87 20 78
7 88 61 23
7 89 39 4
7 90 5 6
7 91 50 98
7 92 77 8
7 93 52 24
7 94 96 70
7 95 90 47
7 96 92 69
7 97 59 70
7 98 38 68
7 99 89 85
7 100 1 42
8 9 45 68
8 10 32 44
8 11 89 31
8 12 72 1
8 13 48 67
8 14 64 70
8 15 54 44
8 16 68 94
8 17 80 74
8 18 78 90
8 19 99 68
8 20 72 71
8 21 48 53
8 22 57 72
8 23 56 74
8 24 54 96
8 25 20 36
8 26 40 96
8 27 65 96
8 28 66 14
8 29 43 30
8 30 42 56
8 31 54 15
8 32 98 38
8 33 26 36
8 34 92 64
8 35 79 48
8 36 78 51
8 37 61 99
8 38 39 21
8 39 23 32
8 40 88 79
8 41 26 10
8 42 94 27
8 43 96 71
8 44 41 71
8 45 58 82
8 46 32 85
8 47 62 22
8 48 33 47
8 49 80 21
8 50 82 53
8 51 33 81
8 52 81 36
8 53 5 53
8 54 10 98
8 55 97 30
8 56 42 16
8 57 31 53
8 58 64 44
8 59 6 87
8 60 6 25
8 61 24 87
8 62 19 21
8 63 60 82
8 64 21 68
8 65 77 65
8 66 37 62
8 67 22 12
8 68 93 27
8 69 67 45
8 70 66 20
8 71 86 19
8 72 64 70
8 73 19 64
8 74 64 80
8 75 17 33
8 76 82 82
8 77 53 7
8 78 25 63
8 79 32 16
8 80 45 3
8 81 5 97
8 82 28 57
8 83 91 56
8 84 77 76
8 85 47 69
8 86 100 1
8 87 64 21
8 88 82 97
8 89 22 30
8 90 65 17
8 91 30 21
8 92 55 66
8 93 72 5
8 94 73 71
8 95 88 96
8 96 49 55
8 97 44 70
8 98 35 95
8 99 99 31
8 100 50 51
9 10 48 76
9 11 8 72
9 12 97 18
9 13 64 74
9 14 9 99
9 15 20 46
9 16 89 25
9 17 91 66
9 18 88 66
9 19 79 83
9 20 47 58
9 21 96 95
9 22 88 79
9 23 5 22
9 24 56 30
9 25 62 4
9 26 86 21
9 27 23 77
9 28 43 57
9 29 7 59
9 30 6 92
9 31 25 10
9 32 74 32
9 33 73 91
9 34 15 68
9 35 40 4
9 36 49 86
9 37 61 69
9 38 16 6
9 39 78 67
9 40 87 48
9 41 99 45
9 42 45 80
9 43 19 55
9 44 48 82
9 45 62 90
9 46 1 68
9 47 87 71
9 48 5 22
9 49 47 60
9 50 39 80
9 51 85 75
9 52 98 31
9 53 17 90
9 54 38 85
9 55 50 26
9 56 20 37
9 57 26 14
9 58 86 82
9 59 80 69
9 60 10 33
9 61 36 94
9 62 51 54
9 63 65 51
9 64 83 89
9 65 71 70
9 66 19 65
9 67 57 15
9 68 59 50
9 69 95 37
9 70 89 80
9 71 79 51
9 72 5 18
9 73 54 58
9 74 56 27
9 75 82 19
9 76 17 67
9 77 51 96
9 78 88 43
9 79 83 28
9 80 40 91
9 81 20 100
9 82 93 9
9 83 90 21
9 84 24 2
9 85 37 39
9 86 92 94
9 87 28 52
9 88 67 31
9 89 12 68
9 90 69 12
9 91 23 69
9 92 82 2
9 93 74 62
9 94 36 26
9 95 58 79
9 96 20 19
9 97 35 39
9 98 13 55
9 99 41 86
9 100 77 89
10 11 85 1
10 12 100 16
10 13 90 45
10 14 31 35
10 15 41 39
10 16 65 18
10 17 21 21
10 18 26 46
10 19 63 44
10 20 26 85
10 21 29 44
10 22 57 96
10 23 43 22
10 24 59 89
10 25 87 91
10 26 7 29
10 27 13 6
10 28 2 41
10 29 47 35
10 30 92 42
10 31 85 48
10 32 78 1
10 33 74 45
10 34 58 92
10 35 9 71
10 36 97 54
10 37 77 18
10 38 28 34
10 39 56 25
10 40 27 71
10 41 96 81
10 42 14 93
10 43 91 54
10 44 67 80
10 45 55 66
10 46 7 75
10 47 45 16
10 48 98 88
10 49 3 92
10 50 59 93
10 51 14 7
10 52 30 12
10 53 84 47
10 54 62 20
10 55 96 89
10 56 46 65
10 57 59 74
10 58 87 55
10 59 46 93
10 60 12 100
10 61 99 92
10 62 98 23
10 63 90 2
10 64 34 67
10 65 76 32
10 66 74 56
10 67 29 5
10 68 26 70
10 69 95 58
10 70 31 99
10 71 18 77
10 72 98 100
10 73 75 12
10 74 100 48
10 75 16 15
10 76 94 28
10 77 60 79
10 78 24 41
10 79 46 2
10 80 66 24
10 81 55 45
10 82 58 76
10 83 45 32
10 84 90 63
10 85 32 66
10 86 4 36
10 87 84 50
10 88 49 68
10 89 85 13
10 90 94 11
10 91 87 95
10 92 80 20
10 93 19 26
10 94 28 54
10 95 41 34
10 96 54 52
10 97 24 95
10 98 86 40
10 99 15 77
10 100 2 84
11 12 63 94
11 13 86 46
11 14 74 59
11 15 85 99
11 16 91 82
11 17 29 51
11 18 49 45
11 19 8 66
11 20 26 39
11 21 52 56
11 22 94 7
11 23 10 64
11 24 80 34
11 25 11 23
11 26 24 54
11 27 63 74
11 28 44 6
11 29 58 71
11 30 2 42
11 31 100 32
11 32 17 95
11 33 38 45
11 34 65 71
11 35 20 75
11 36 22 84
11 37 75 73
11 38 12 39
11 39 57 50
11 40 39 20
11 41 61 14
11 42 11 20
11 43 31 70
11 44 71 72
11 45 84 47
11 46 70 53
11 47 93 25
11 48 96 86
11 49 64 84
11 50 67 82
11 51 95 85
11 52 90 31
11 53 3 95
11 54 96 22
11 55 59 26
11 56 28 8
11 57 44 72
11 58 17 53
11 59 23 92
11 60 74 67
11 61 82 2
11 62 96 33
11 63 54 70
11 64 98 67
11 65 40 12
11 66 87 30
11 67 62 44
11 68 26 20
11 69 38 61
11 70 88 50
11 71 32 23
11 72 41 62
11 73 45 74
11 74 60 52
11 75 35 85
11 76 45 82
11 77 71 14
11 78 72 56
11 79 14 30
11 80 62 76
11 81 43 45
11 82 18 15
11 83 90 19
11 84 38 97
11 85 42 73
11 86 2 32
11 87 98 29
11 88 73 89
11 89 40 13
11 90 8 61
11 91 84 24
11 92 64 77
11 93 41 51
11 94 53 71
11 95 77 69
11 96 88 90
11 97 39 98
11 98 59 52
11 99 47 1
11 100 32 58
12 13 81 94
12 14 76 58
12 15 48 69
12 16 66 56
12 17 77 20
12 18 94 41
12 19 79 71
12 20 46 29
12 21 17 74
12 22 96 13
12 23 97 71
12 24 50 72
12 25 2 29
12 26 92 48
12 27 82 100
12 28 99 7
12 29 53 65
12 30 19 17
12 31 41 90
12 32 75 20
12 33 77 75
12 34 46 3
12 35 68 10
12 36 83 68
12 37 91 59
12 38 76 83
12 39 57 75
12 40 95 80
12 41 27 4
12 42 100 19
12 43 30 90
12 44 99 62
12 45 38 19
12 46 73 28
12 47 66 54
12 48 84 92
12 49 46 81
12 50 40 96
12 51 43 52
12 52 50 90
12 53 83 53
12 54 7 12
12 55 77 38
12 56 71 57
12 57 67 16
12 58 65 6
12 59 95 57
12 60 75 95
12 61 29 51
12 62 55 68
12 63 34 64
12 64 100 73
12 65 59 47
12 66 94 24
12 67 50 81
12 68 47 65
12 69 55 21
12 70 25 58
12 71 26 17
12 72 54 58
12 73 31 49
12 74 10 98
12 75 46 10
12 76 31 14
12 77 73 46
12 78 67 39
12 79 93 46
12 80 30 82
12 81 84 3
12 82 47 51
12 83 86 7
12 84 70 4
12 85 21 33
12 86 46 13
12 87 28 13
12 88 9 78
12 89 6 53
12 90 24 4
12 91 54 95
12 92 1 53
12 93 13 77
12 94 10 65
12 95 45 86
12 96 32 61
12 97 71 88
12 98 76 15
12 99 41 42
12 100 24 62
13 14 45 44
13 15 63 69
13 16 92 23
13 17 86 87
13 18 11 50
13 19 16 8
13 20 55 95
13 21 21 20
13 22 93 79
13 23 83 86
13 24 22 29
13 25 66 96
13 26 83 100
13 27 64 49
13 28 33 96
13 29 23 72
13 30 34 99
13 31 83 43
13 32 61 96
13 33 85 2
13 34 57 66
13 35 3 42
13 36 70 35
13 37 34 48
13 38 43 58
13 39 59 96
13 40 51 27
13 41 36 49
13 42 51 46
13 43 10 9
13 44 46 16
13 45 38 81
13 46 14 25
13 47 69 54
13 48 10 87
13 49 44 93
13 50 51 71
13 51 51 33
13 52 26 20
13 53 65 44
13 54 23 51
13 55 15 42
13 56 52 57
13 57 1 92
13 58 34 68
13 59 91 32
13 60 82 87
13 61 11 86
13 62 61 76
13 63 82 47
13 64 3 77
13 65 27 75
13 66 41 17
13 67 83 18
13 68 28 45
13 69 30 46
13 70 83 47
13 71 96 9
13 72 99 95
13 73 36 41
13 74 69 83
13 75 19 3
13 76 69 90
13 77 94 74
13 78 29 64
13 79 55 81
13 80 13 90
13 81 41 5
13 82 38 90
13 83 79 90
13 84 32 72
13 85 46 14
13 86 100 77
13 87 4 66
13 88 10 48
13 89 76 5
13 90 64 70
13 91 65 16
13 92 85 23
13 93 71 11
13 94 11 29
13 95 36 49
13 96 87 1
13 97 34 70
13 98 2 6
13 99 81 2
13 100 45 46
14 15 70 61
14 16 71 98
14 17 64 73
14 18 22 49
14 19 29 16
14 20 92 89
14 21 51 5
14 22 77 8
14 23 98 18
14 24 94 28
14 25 9 65
14 26 26 82
14 27 85 2
14 28 77 21
14 29 20 44
14 30 95 22
14 31 27 98
14 32 13 13
14 33 68 96
14 34 72 22
14 35 79 44
14 36 9 7
14 37 9 58
14 38 55 85
14 39 62 63
14 40 94 64
14 41 93 16
14 42 23 40
14 43 47 90
14 44 78 23
14 45 78 16
14 46 12 14
14 47 2 78
14 48 18 88
14 49 1 39
14 50 65 30
14 51 32 69
14 52 83 99
14 53 98 50
14 54 7 33
14 55 18 78
14 56 37 33
14 57 85 80
14 58 43 19
14 59 21 89
14 60 97 23
14 61 37 86
14 62 41 34
14 63 77 58
14 64 1 93
14 65 28 64
14 66 64 80
14 67 64 52
14 68 64 72
14 69 17 39
14 70 62 74
14 71 19 62
14 72 42 25
14 73 51 99
14 74 21 75
14 75 31 93
14 76 20 62
14 77 12 88
14 78 32 29
14 79 66 55
14 80 71 87
14 81 74 88
14 82 14 97
14 83 31 73
14 84 41 12
14 85 44 19
14 86 48 32
14 87 84 26
14 88 29 99
14 89 87 4
14 90 53 83
14 91 84 99
14 92 74 87
14 93 71 29
14 94 55 67
14 95 68 52
14 96 16 69
14 97 56 62
14 98 81 75
14 99 93 94
14 100 67 34
15 16 87 34
15 17 7 79
15 18 6 13
15 19 95 20
15 20 15 79
15 21 79 85
15 22 83 35
15 23 19 83
15 24 55 5
15 25 77 54
15 26 34 68
15 27 57 20
15 28 35 97
15 29 13 30
15 30 21 87
15 31 44 6
15 32 68 97
15 33 57 44
15 34 81 98
15 35 38 58
15 36 45 98
15 37 33 100
15 38 42 36
15 39 26 27
15 40 17 47
15 41 13 29
15 42 8 65
15 43 54 91
15 44 17 79
15 45 60 86
15 46 87 50
15 47 95 19
15 48 20 32
15 49 90 57
15 50 45 12
15 51 66 86
15 52 3 65
15 53 9 14
15 54 61 47
15 55 80 73
15 56 53 56
15 57 90 90
15 58 77 33
15 59 90 34
15 60 28 1
15 61 59 9
15 62 62 90
15 63 26 41
15 64 3 15
15 65 73 74
15 66 56 51
15 67 88 38
15 68 32 39
15 69 82 48
15 70 86 44
15 71 37 78
15 72 89 5
15 73 81 69
15 74 31 25
15 75 83 25
15 76 86 27
15 77 73 61
15 78 2 95
15 79 44 49
15 80 99 23
15 81 13 68
15 82 61 72
15 83 14 82
15 84 75 81
15 85 21 60
15 86 80 35
15 87 38 93
15 88 95 44
15 89 81 73
15 90 49 25
15 91 85 99
15 92 61 60
15 93 52 1
15 94 84 72
15 95 2 10
15 96 53 97
15 97 30 93
15 98 72 14
15 99 67 46
15 100 22 92
16 17 78 34
16 18 32 18
16 19 83 84
16 20 29 83
16 21 44 50
16 22 93 52
16 23 10 74
16 24 52 38
16 25 49 35
16 26 26 82
16 27 48 52
16 28 66 26
16 29 29 99
16 30 49 60
16 31 55 53
16 32 60 1
16 33 31 34
16 34 65 77
16 35 18 49
16 36 16 97
16 37 62 35
16 38 37 83
16 39 92 24
16 40 98 71
16 41 33 18
16 42 31 87
16 43 55 96
16 44 59 86
16 45 98 74
16 46 24 83
16 47 9 33
16 48 60 37
16 49 21 88
16 50 33 19
16 51 36 4
16 52 49 32
16 53 77 48
16 54 98 78
16 55 17 31
16 56 48 54
16 57 87 52
16 58 95 60
16 59 9 83
16 60 69 100
16 61 21 67
16 62 86 58
16 63 36 98
16 64 84 47
16 65 55 33
16 66 16 78
16 67 1 3
16 68 12 70
16 69 41 44
16 70 35 5
16 71 98 38
16 72 53 81
16 73 7 36
16 74 75 36
16 75 15 6
16 76 63 17
16 77 100 27
16 78 42 19
16 79 34 83
16 80 37 46
16 81 70 13
16 82 99 34
16 83 30 22
16 84 11 27
16 85 42 9
16 86 78 57
16 87 91 82
16 88 17 20
16 89 9 44
16 90 64 83
16 91 65 30
16 92 2 91
16 93 46 37
16 94 42 24
16 95 59 81
16 96 48 71
16 97 88 54
16 98 40 24
16 99 55 54
16 100 34 100
17 18 78 21
17 19 52 95
17 20 72 66
17 21 51 36
17 22 75 82
17 23 27 13
17 24 83 55
17 25 26 26
17 26 26 13
17 27 86 12
17 28 28 65
17 29 10 12
17 30 57 66
17 31 72 70
17 32 20 35
17 33 10 31
17 34 42 25
17 35 53 69
17 36 39 58
17 37 61 45
17 38 87 31
17 39 46 5
17 40 53 43
17 41 45 65
17 42 91 80
17 43 78 16
17 44 76 32
17 45 66 55
17 46 42 48
17 47 12 61
17 48 18 56
17 49 65 83
17 50 18 54
17 51 62 81
17 52 36 33
17 53 37 62
17 54 95 81
17 55 67 85
17 56 90 84
17 57 42 46
17 58 93 10
17 59 26 61
17 60 47 68
17 61 63 69
17 62 43 99
17 63 74 50
17 64 43 100
17 65 50 6
17 66 2 80
17 67 81 67
17 68 18 69
17 69 71 22
17 70 89 50
17 71 4 93
17 72 13 7
17 73 9 11
17 74 43 99
17 75 92 32
17 76 29 80
17 77 57 82
17 78 89 75
17 79 83 91
17 80 73 89
17 81 76 64
17 82 3 13
17 83 97 89
17 84 50 46
17 85 17 53
17 86 61 59
17 87 99 64
17 88 61 39
17 89 73 12
17 90 2 84
17 91 5 16
17 92 27 37
17 93 21 12
17 94 92 84
17 95 86 42
17 96 100 47
17 97 98 96
17 98 94 32
17 99 77 19
17 100 45 1
18 19 90 33
18 20 37 40
18 21 43 96
18 22 68 43
18 23 33 98
18 24 42 95
18 25 31 60
18 26 47 32
18 27 93 96
18 28 18 32
18 29 54 93
18 30 90 6
18 31 54 51
18 32 78 39
18 33 95 92
18 34 84 49
18 35 94 15
18 36 93 19
18 37 30 33
18 38 59 40
18 39 91 81
18 40 36 55
18 41 84 34
18 42 81 62
18 43 34 24
18 44 29 91
18 45 8 64
18 46 39 36
18 47 24 80
18 48 64 19
18 49 75 82
18 50 11 20
18 51 58 63
18 52 11 18
18 53 50 85
18 54 68 49
18 55 79 76
18 56 70 49
18 57 46 76
18 58 43 44
18 59 55 39
18 60 69 59
18 61 12 30
18 62 61 36
18 63 49 4
18 64 32 81
18 65 20 35
18 66 5 52
18 67 43 51
18 68 50 28
18 69 12 27
18 70 25 55
18 71 40 52
18 72 92 94
18 73 14 14
18 74 66 94
18 75 76 66
18 76 8 93
18 77 44 37
18 78 36 23
18 79 80 75
18 80 78 65
18 81 22 5
18 82 87 1
18 83 15 79
18 84 51 26
18 85 23 61
18 86 56 26
18 87 61 93
18 88 51 55
18 89 44 39
18 90 66 74
18 91 56 50
18 92 1 45
18 93 35 57
18 94 69 35
18 95 13 85
18 96 53 42
18 97 24 25
18 98 70 65
18 99 38 8
18 100 67 38
19 20 80 46
19 21 61 12
19 22 29 19
19 23 9 25
19 24 45 74
19 25 67 89
19 26 33 39
19 27 35 42
19 28 28 59
19 29 80 82
19 30 30 35
19 31 94 50
19 32 57 98
19 33 33 60
19 34 60 40
19 35 65 40
19 36 93 19
19 37 32 13
19 38 30 47
19 39 3 89
19 40 50 9
19 41 76 73
19 42 58 11
19 43 100 91
19 44 41 23
19 45 97 67
19 46 97 13
19 47 89 88
19 48 35 65
19 49 65 33
19 50 61 34
19 51 86 15
19 52 30 63
19 53 9 84
19 54 37 80
19 55 14 67
19 56 39 10
19 57 63 60
19 58 37 27
19 59 52 66
19 60 38 38
19 61 94 79
19 62 55 10
19 63 99 61
19 64 81 31
19 65 94 10
19 66 64 8
19 67 40 45
19 68 70 83
19 69 28 70
19 70 68 75
19 71 62 97
19 72 11 12
19 73 82 58
19 74 77 7
19 75 21 56
19 76 47 24
19 77 93 77
19 78 24 35
19 79 82 15
19 80 19 71
19 81 90 50
19 82 19 39
19 83 85 42
19 84 77 34
19 85 75 93
19 86 63 55
19 87 77 76
19 88 76 80
19 89 18 28
19 90 72 86
19 91 1 93
19 92 71 74
19 93 71 39
19 94 36 54
19 95 82 75
19 96 40 61
19 97 47 19
19 98 67 55
19 99 36 18
19 100 45 30
20 21 54 52
20 22 95 24
20 23 44 72
20 24 65 34
20 25 59 81
20 26 67 67
20 27 62 39
20 28 42 53
20 29 11 92
20 30 5 31
20 31 41 75
20 32 48 64
20 33 23 54
20 34 21 53
20 35 72 45
20 36 14 2
20 37 3 18
20 38 85 92
20 39 24 75
20 40 32 50
20 41 73 49
20 42 40 64
20 43 8 90
20 44 9 33
20 45 75 37
20 46 24 70
20 47 7 85
20 48 87 84
20 49 37 77
20 50 11 96
20 51 31 99
20 52 98 58
20 53 22 60
20 54 88 60
20 55 54 23
20 56 46 83
20 57 54 80
20 58 30 15
20 59 77 67
20 60 54 17
20 61 15 91
20 62 53 14
20 63 24 22
20 64 38 11
20 65 74 11
20 66 12 92
20 67 74 14
20 68 33 1
20 69 94 97
20 70 52 55
20 71 50 19
20 72 93 31
20 73 65 85
20 74 2 87
20 75 84 24
20 76 12 44
20 77 47 76
20 78 45 90
20 79 55 54
20 80 28 68
20 81 5 96
20 82 83 81
20 83 62 79
20 84 58 9
20 85 9 17
20 86 73 27
20 87 86 33
20 88 48 86
20 89 42 85
20 90 95 51
20 91 53 64
20 92 80 93
20 93 29 16
20 94 9 54
20 95 61 6
20 96 88 27
20 97 97 40
20 98 82 43
20 99 71 18
20 100 7 71
21 22 27 46
21 23 86 58
21 24 100 71
21 25 67 74
21 26 30 66
21 27 40 51
21 28 5 35
21 29 65 59
21 30 74 26
21 31 9 46
21 32 86 4
21 33 63 94
21 34 78 89
21 35 65 72
21 36 75 16
21 37 77 55
21 38 16 40
21 39 98 67
21 40 63 60
21 41 71 66
21 42 53 37
21 43 34 90
21 44 5 66
21 45 1 91
21 46 63 49
21 47 4 86
21 48 66 57
21 49 80 80
21 50 96 51
21 51 13 52
21 52 10 96
21 53 34 65
21 54 25 71
21 55 39 39
21 56 96 9
21 57 24 57
21 58 78 29
21 59 46 47
21 60 72 72
21 61 6 39
21 62 24 17
21 63 90 20
21 64 17 73
21 65 56 9
21 66 89 47
21 67 12 93
21 68 96 16
21 69 34 70
21 70 23 77
21 71 10 93
21 72 5 78
21 73 46 85
21 74 93 27
21 75 8 26
21 76 82 52
21 77 84 98
21 78 17 86
21 79 47 89
21 80 42 91
21 81 21 38
21 82 69 42
21 83 76 39
21 84 24 27
21 85 39 24
21 86 47 6
21 87 75 82
21 88 93 3
21 89 65 83
21 90 69 49
21 91 62 16
21 92 82 55
21 93 26 19
21 94 16 85
21 95 32 67
21 96 25 9
21 97 88 88
21 98 65 21
21 99 88 62
21 100 30 87
22 23 57 62
22 24 4 45
22 25 15 32
22 26 9 85
22 27 90 100
22 28 78 17
22 29 30 83
22 30 24 48
22 31 84 90
22 32 73 89
22 33 95 27
22 34 32 31
22 35 71 59
22 36 54 89
22 37 3 26
22 38 39 62
22 39 25 68
22 40 67 3
22 41 5 50
22 42 36 89
22 43 75 41
22 44 41 15
22 45 12 56
22 46 88 60
22 47 18 57
22 48 80 91
22 49 75 7
22 50 91 36
22 51 75 85
22 52 68 42
22 53 26 13
22 54 19 74
22 55 10 65
22 56 55 42
22 57 12 96
22 58 81 13
22 59 29 94
22 60 64 49
22 61 85 18
22 62 92 65
22 63 84 82
22 64 19 77
22 65 76 91
22 66 92 40
22 67 28 23
22 68 59 94
22 69 73 48
22 70 4 69
22 71 74 37
22 72 49 17
22 73 11 12
22 74 9 7
22 75 6 27
22 76 47 9
22 77 17 68
22 78 30 41
22 79 4 62
22 80 95 62
22 81 25 8
22 82 39 68
22 83 55 21
22 84 5 1
22 85 70 18
22 86 17 92
22 87 51 56
22 88 10 92
22 89 41 39
22 90 35 7
22 91 15 89
22 92 2 85
22 93 37 88
22 94 1 61
22 95 54 13
22 96 72 56
22 97 6 75
22 98 71 98
22 99 79 5
22 100 21 22
23 24 33 27
23 25 52 86
23 26 7 47
23 27 46 67
23 28 37 39
23 29 41 9
23 30 95 72
23 31 80 83
23 32 77 98
23 33 30 17
23 34 36 47
23 35 48 84
23 36 40 29
23 37 80 33
23 38 51 16
23 39 31 11
23 40 66 10
23 41 88 41
23 42 11 100
23 43 100 97
23 44 20 29
23 45 80 14
23 46 11 79
23 47 23 67
23 48 1 75
23 49 97 87
23 50 13 10
23 51 45 77
23 52 69 27
23 53 82 76
23 54 49 57
23 55 33 80
23 56 65 47
23 57 61 8
23 58 95 57
23 59 51 95
23 60 61 19
23 61 2 34
23 62 36 83
23 63 72 14
23 64 40 61
23 65 68 18
23 66 27 61
23 67 4 86
23 68 95 70
23 69 72 63
23 70 64 59
23 71 42 67
23 72 35 95
23 73 45 85
23 74 80 42
23 75 88 68
23 76 72 8
23 77 94 93
23 78 24 66
23 79 20 80
23 80 44 65
23 81 46 58
23 82 26 26
23 83 90 25
23 84 33 46
23 85 21 16
23 86 61 62
23 87 54 3
23 88 80 36
23 89 51 59
23 90 4 88
23 91 65 71
23 92 4 56
23 93 35 75
23 94 83 13
23 95 60 96
23 96 24 53
23 97 6 64
23 98 98 65
23 99 70 83
23 100 14 45
24 25 8 69
24 26 85 70
24 27 33 23
24 28 85 96
24 29 86 43
24 30 23 73
24 31 69 9
24 32 87 17
24 33 9 95
24 34 58 42
24 35 68 75
24 36 67 81
24 37 68 30
24 38 87 93
24 39 49 13
24 40 16 27
24 41 19 86
24 42 59 3
24 43 34 89
24 44 38 30
24 45 87 47
24 46 79 7
24 47 29 24
24 48 30 76
24 49 3 69
24 50 11 63
24 51 10 22
24 52 1 62
24 53 31 41
24 54 57 15
24 55 9 32
24 56 35 97
24 57 63 82
24 58 100 79
24 59 11 39
24 60 60 77
24 61 97 94
24 62 18 34
24 63 88 85
24 64 3 7
24 65 40 45
24 66 52 80
24 67 37 90
24 68 19 30
24 69 60 39
24 70 46 64
24 71 77 9
24 72 11 72
24 73 36 44
24 74 58 70
24 75 9 81
24 76 77 46
24 77 57 41
24 78 7 93
24 79 3 48
24 80 71 4
24 81 84 74
24 82 8 50
24 83 60 12
24 84 8 20
24 85 69 59
24 86 38 86
24 87 52 71
24 88 44 3
24 89 40 33
24 90 85 18
24 91 60 48
24 92 24 30
24 93 86 67
24 94 32 81
24 95 18 77
24 96 94 96
24 97 70 86
24 98 58 16
24 99 58 39
24 100 45 91
25 26 60 99
25 27 72 46
25 28 94 3
25 29 52 34
25 30 24 48
25 31 30 35
25 32 25 77
25 33 30 57
25 34 72 80
25 35 23 92
25 36 41 24
25 37 95 97
25 38 23 87
25 39 96 80
25 40 94 98
25 41 46 39
25 42 67 71
25 43 60 44
25 44 45 16
25 45 72 9
25 46 83 25
25 47 51 34
25 48 97 65
25 49 45 68
25 50 99 7
25 51 90 84
25 52 86 28
25 53 9 67
25 54 89 89
25 55 35 71
25 56 47 46
25 57 72 90
25 58 47 47
25 59 37 51
25 60 76 73
25 61 7 43
25 62 99 49
25 63 100 9
25 64 28 57
25 65 68 13
25 66 88 91
25 67 93 46
25 68 55 46
25 69 50 27
25 70 38 72
25 71 52 10
25 72 5 92
25 73 59 72
25 74 71 18
25 75 62 42
25 76 14 36
25 77 14 66
25 78 2 53
25 79 67 5
25 80 97 16
25 81 54 13
25 82 86 75
25 83 88 91
25 84 92 9
25 85 54 69
25 86 38 92
25 87 84 14
25 88 86 7
25 89 62 36
25 90 37 60
25 91 34 63
25 92 4 38
25 93 22 79
25 94 84 21
25 95 49 54
25 96 52 54
25 97 73 93
25 98 94 58
25 99 94 27
25 100 2 80
26 27 58 83
26 28 46 85
26 29 82 58
26 30 5 73
26 31 88 2
26 32 32 3
26 33 27 28
26 34 98 65
26 35 99 94
26 36 32 41
26 37 36 36
26 38 26 60
26 39 11 100
26 40 52 3
26 41 84 1
26 42 62 60
26 43 55 53
26 44 46 38
26 45 2 70
26 46 74 63
26 47 6 50
26 48 19 68
26 49 52 52
26 50 80 56
26 51 87 22
26 52 94 25
26 53 61 21
26 54 55 62
26 55 31 33
26 56 9 67
26 57 80 85
26 58 28 38
26 59 97 30
26 60 10 88
26 61 32 47
26 62 49 83
26 63 83 69
26 64 23 31
26 65 30 74
26 66 93 80
26 67 12 10
26 68 29 45
26 69 5 27
26 70 44 96
26 71 52 75
26 72 45 90
26 73 58 94
26 74 60 34
26 75 80 23
26 76 39 50
26 77 34 73
26 78 95 3
26 79 34 67
26 80 51 61
26 81 9 14
26 82 45 26
26 83 6 22
26 84 21 100
26 85 4 50
26 86 35 77
26 87 47 1
26 88 17 3
26 89 10 78
26 90 8 26
26 91 81 81
26 92 31 15
26 93 54 88
26 94 46 4
26 95 96 23
26 96 99 80
26 97 71 20
26 98 1 48
26 99 64 28
26 100 67 33
27 28 97 32
27 29 35 56
27 30 67 50
27 31 17 2
27 32 92 24
27 33 9 88
27 34 87 100
27 35 17 70
27 36 68 62
27 37 22 62
27 38 3 91
27 39 90 21
27 40 13 70
27 41 63 62
27 42 20 49
27 43 88 67
27 44 13 87
27 45 92 70
27 46 27 16
27 47 81 34
27 48 64 19
27 49 70 84
27 50 62 76
27 51 54 62
27 52 34 89
27 53 1 85
27 54 56 88
27 55 45 93
27 56 71 35
27 57 9 40
27 58 28 9
27 59 72 33
27 60 53 34
27 61 95 90
27 62 21 85
27 63 25 23
27 64 81 78
27 65 60 39
27 66 24 45
27 67 66 24
27 68 81 95
27 69 43 49
27 70 17 26
27 71 59 78
27 72 59 30
27 73 69 58
27 74 60 68
27 75 73 11
27 76 35 96
27 77 25 62
27 78 54 83
27 79 40 39
27 80 20 5
27 81 43 67
27 82 19 59
27 83 30 27
27 84 49 80
27 85 91 38
27 86 10 7
27 87 71 92
27 88 67 8
27 89 82 58
27 90 88 51
27 91 18 82
27 92 71 87
27 93 36 11
27 94 56 87
27 95 78 50
27 96 3 38
27 97 63 56
27 98 68 82
27 99 20 4
27 100 55 71
28 29 86 36
28 30 43 66
28 31 48 71
28 32 13 10
28 33 25 3
28 34 84 1
28 35 82 81
28 36 1 33
28 37 35 52
28 38 86 29
28 39 68 66
28 40 39 64
28 41 10 7
28 42 12 80
28 43 33 28
28 44 58 80
28 45 39 96
28 46 60 18
28 47 70 22
28 48 93 86
28 49 44 52
28 50 29 75
28 51 74 18
28 52 32 71
28 53 15 12
28 54 51 92
28 55 73 19
28 56 5 76
28 57 73 82
28 58 16 31
28 59 72 20
28 60 73 58
28 61 20 88
28 62 6 85
28 63 1 23
28 64 47 29
28 65 59 95
28 66 55 68
28 67 73 53
28 68 45 23
28 69 96 37
28 70 90 80
28 71 95 45
28 72 2 17
28 73 97 13
28 74 13 66
28 75 56 74
28 76 96 42
28 77 73 53
28 78 82 88
28 79 55 38
28 80 98 57
28 81 22 57
28 82 35 46
28 83 68 69
28 84 51 97
28 85 8 25
28 86 56 43
28 87 100 3
28 88 53 38
28 89 20 58
28 90 33 26
28 91 98 63
28 92 53 50
28 93 49 30
28 94 70 88
28 95 70 69
28 96 89 35
28 97 58 11
28 98 4 11
28 99 37 17
28 100 71 8
29 30 43 7
29 31 52 100
29 32 73 96
29 33 64 52
29 34 75 73
29 35 18 89
29 36 93 75
29 37 81 56
29 38 18 36
29 39 69 5
29 40 55 63
29 41 80 99
29 42 51 26
29 43 65 40
29 44 40 3
29 45 42 78
29 46 7 31
29 47 2 12
29 48 36 5
29 49 88 96
29 50 88 77
29 51 92 100
29 52 6 5
29 53 70 37
29 54 68 37
29 55 60 98
29 56 58 48
29 57 37 1
29 58 55 75
29 59 55 54
29 60 37 37
29 61 10 18
29 62 19 6
29 63 76 4
29 64 86 76
29 65 52 89
29 66 11 36
29 67 29 94
29 68 92 71
29 69 88 89
29 70 35 32
29 71 15 11
29 72 97 62
29 73 83 92
29 74 74 59
29 75 63 69
29 76 59 36
29 77 54 45
29 78 8 37
29 79 69 34
29 80 58 79
29 81 83 28
29 82 100 68
29 83 17 83
29 84 56 54
29 85 46 97
29 86 12 92
29 87 31 3
29 88 73 22
29 89 83 1
29 90 48 1
29 91 7 29
29 92 49 100
29 93 71 68
29 94 21 39
29 95 72 92
29 96 79 46
29 97 15 18
29 98 75 91
29 99 30 21
29 100 35 15
30 31 50 43
30 32 23 34
30 33 8 33
30 34 11 8
30 35 73 61
30 36 36 39
30 37 11 33
30 38 80 43
30 39 4 17
30 40 61 8
30 41 57 23
30 42 38 1
30 43 49 97
30 44 55 7
30 45 18 50
30 46 31 79
30 47 41 70
30 48 7 89
30 49 76 82
30 50 44 21
30 51 26 32
30 52 28 96
30 53 85 58
30 54 11 14
30 55 64 22
30 56 86 50
30 57 90 46
30 58 46 38
30 59 27 88
30 60 16 36
30 61 10 46
30 62 82 63
30 63 81 95
30 64 25 61
30 65 91 31
30 66 17 48
30 67 21 77
30 68 19 95
30 69 97 89
30 70 8 59
30 71 3 77
30 72 25 58
30 73 65 58
30 74 42 12
30 75 2 60
30 76 38 67
30 77 50 99
30 78 56 86
30 79 75 81
30 80 35 48
30 81 42 25
30 82 97 5
30 83 41 70
30 84 30 88
30 85 20 10
30 86 72 94
30 87 64 33
30 88 16 7
30 89 23 68
30 90 15 59
30 91 18 54
30 92 84 33
30 93 9 82
30 94 97 45
30 95 84 23
30 96 35 6
30 97 96 51
30 98 94 61
30 99 22 53
30 100 22 6
31 32 62 93
31 33 38 47
31 34 36 16
31 35 62 97
31 36 42 65
31 37 70 16
31 38 84 99
31 39 57 1
31 40 99 91
31 41 8 88
31 42 82 42
31 43 88 51
31 44 24 96
31 45 25 73
31 46 59 84
31 47 54 73
31 48 90 32
31 49 95 97
31 50 54 68
31 51 68 43
31 52 79 49
31 53 34 52
31 54 88 93
31 55 70 12
31 56 21 27
31 57 93 25
31 58 86 58
31 59 2 15
31 60 66 29
31 61 25 91
31 62 100 78
31 63 72 28
31 64 8 14
31 65 86 1
31 66 11 89
31 67 1 51
31 68 22 17
31 69 45 37
31 70 71 84
31 71 69 99
31 72 56 6
31 73 75 43
31 74 36 2
31 75 73 35
31 76 3 33
31 77 57 88
31 78 36 83
31 79 23 39
31 80 33 14
31 81 75 94
31 82 30 98
31 83 36 66
31 84 60 63
31 85 28 3
31 86 73 85
31 87 100 10
31 88 66 61
31 89 17 79
31 90 15 72
31 91 18 76
31 92 98 82
31 93 65 70
31 94 53 13
31 95 4 48
31 96 75 27
31 97 34 79
31 98 73 78
31 99 94 98
31 100 9 25
32 33 86 44
32 34 62 90
32 35 60 49
32 36 73 27
32 37 75 13
32 38 98 34
32 39 42 29
32 40 87 23
32 41 45 23
32 42 36 33
32 43 17 57
32 44 51 61
32 45 78 59
32 46 2 80
32 47 91 79
32 48 52 83
32 49 61 77
32 50 80 52
32 51 91 86
32 52 91 19
32 53 62 94
32 54 80 36
32 55 98 45
32 56 88 9
32 57 75 88
32 58 70 78
32 59 80 58
32 60 91 14
32 61 77 17
32 62 52 32
32 63 51 85
32 64 7 60
32 65 42 73
32 66 11 12
32 67 64 4
32 68 34 29
32 69 89 15
32 70 74 97
32 71 57 5
32 72 9 97
32 73 25 41
32 74 32 52
32 75 62 6
32 76 8 51
32 77 55 18
32 78 56 67
32 79 69 35
32 80 69 80
32 81 98 84
32 82 62 100
32 83 59 60
32 84 38 48
32 85 23 80
32 86 42 7
32 87 84 47
32 88 35 61
32 89 5 42
32 90 31 92
32 91 18 15
32 92 72 54
32 93 27 61
32 94 40 78
32 95 42 77
32 96 64 70
32 97 50 81
32 98 17 37
32 99 43 38
32 100 36 6
33 34 35 49
33 35 13 13
33 36 46 19
33 37 99 1
33 38 91 95
33 39 33 42
33 40 31 38
33 41 3 97
33 42 79 14
33 43 14 43
33 44 16 92
33 45 12 97
33 46 86 89
33 47 78 45
33 48 96 99
33 49 78 22
33 50 89 46
33 51 30 73
33 52 68 52
33 53 37 75
33 54 62 51
33 55 62 57
33 56 72 18
33 57 98 14
33 58 4 23
33 59 81 81
33 60 53 95
33 61 63 51
33 62 51 32
33 63 88 74
33 64 60 16
33 65 56 79
33 66 17 83
33 67 100 61
33 68 61 80
33 69 7 60
33 70 84 15
33 71 27 80
33 72 94 8
33 73 70 49
33 74 12 7
33 75 21 98
33 76 13 16
33 77 53 18
33 78 96 33
33 79 95 2
33 80 56 59
33 81 12 22
33 82 100 30
33 83 94 66
33 84 53 90
33 85 75 9
33 86 76 17
33 87 80 49
33 88 95 42
33 89 83 39
33 90 41 53
33 91 48 36
33 92 22 75
33 93 73 44
33 94 11 55
33 95 78 93
33 96 87 22
33 97 1 57
33 98 35 78
33 99 10 77
33 100 90 60
34 35 93 75
34 36 38 13
34 37 64 69
34 38 48 17
34 39 48 6
34 40 73 73
34 41 15 38
34 42 68 25
34 43 100 80
34 44 69 66
34 45 62 74
34 46 83 5
34 47 14 64
34 48 58 90
34 49 16 89
34 50 91 28
34 51 1 4
34 52 44 21
34 53 47 35
34 54 75 70
34 55 25 73
34 56 52 83
34 57 91 23
34 58 86 2
34 59 49 69
34 60 68 30
34 61 42 70
34 62 63 41
34 63 23 19
34 64 75 20
34 65 66 19
34 66 74 58
34 67 97 56
34 68 47 41
34 69 54 78
34 70 5 61
34 71 74 100
34 72 35 90
34 73 56 39
34 74 61 21
34 75 49 47
34 76 11 20
34 77 37 77
34 78 51 76
34 79 4 41
34 80 5 65
34 81 58 97
34 82 48 98
34 83 52 40
34 84 91 13
34 85 97 87
34 86 40 54
34 87 60 61
34 88 68 33
34 89 20 60
34 90 61 60
34 91 6 54
34 92 12 70
34 93 33 33
34 94 9 56
34 95 22 98
34 96 9 18
34 97 76 59
34 98 87 19
34 99 19 41
34 100 93 51
35 36 96 72
35 37 42 12
35 38 78 46
35 39 6 67
35 40 21 90
35 41 14 14
35 42 98 21
35 43 27 21
35 44 97 23
35 45 88 91
35 46 64 86
35 47 21 97
35 48 80 12
35 49 12 22
35 50 61 48
35 51 2 74
35 52 28 18
35 53 51 73
35 54 1 77
35 55 20 27
35 56 14 93
35 57 15 86
35 58 26 24
35 59 69 93
35 60 49 34
35 61 78 85
35 62 12 89
35 63 28 19
35 64 34 65
35 65 73 57
35 66 45 46
35 67 18 50
35 68 83 82
35 69 91 53
35 70 46 96
35 71 46 57
35 72 22 27
35 73 81 27
35 74 72 78
35 75 32 11
35 76 23 4
35 77 99 6
35 78 51 28
35 79 32 64
35 80 32 93
35 81 21 45
35 82 36 74
35 83 97 96
35 84 59 43
35 85 82 36
35 86 51 63
35 87 76 80
35 88 16 43
35 89 55 94
35 90 6 2
35 91 86 12
35 92 23 84
35 93 15 8
35 94 15 5
35 95 97 45
35 96 98 83
35 97 2 7
35 98 34 61
35 99 87 84
35 100 18 6
36 37 49 42
36 38 59 80
36 39 57 40
36 40 44 85
36 41 99 3
36 42 34 31
36 43 38 17
36 44 8 5
36 45 81 82
36 46 82 57
36 47 88 82
36 48 60 92
36 49 49 28
36 50 1 83
36 51 5 43
36 52 27 49
36 53 50 43
36 54 8 25
36 55 35 69
36 56 64 2
36 57 85 85
36 58 23 82
36 59 38 14
36 60 11 78
36 61 86 35
36 62 99 89
36 63 96 6
36 64 56 86
36 65 27 23
36 66 34 16
36 67 28 26
36 68 26 22
36 69 98 1
36 70 77 9
36 71 78 61
36 72 63 20
36 73 12 33
36 74 65 28
36 75 57 59
36 76 45 15
36 77 92 24
36 78 42 55
36 79 29 92
36 80 43 31
36 81 26 86
36 82 63 20
36 83 43 81
36 84 7 34
36 85 29 46
36 86 9 13
36 87 96 93
36 88 8 40
36 89 19 15
36 90 18 27
36 91 40 35
36 92 8 67
36 93 61 82
36 94 14 44
36 95 56 75
36 96 89 2
36 97 74 42
36 98 98 66
36 99 74 37
36 100 54 50
37 38 53 50
37 39 47 21
37 40 42 16
37 41 10 98
37 42 100 74
37 43 97 37
37 44 96 82
37 45 88 13
37 46 67 100
37 47 73 39
37 48 94 3
37 49 33 35
37 50 44 87
37 51 55 93
37 52 82 20
37 53 8 61
37 54 40 28
37 55 9 10
37 56 40 77
37 57 45 66
37 58 58 50
37 59 93 40
37 60 93 38
37 61 5 73
37 62 92 16
37 63 9 48
37 64 20 86
37 65 18 37
37 66 38 71
37 67 82 67
37 68 61 85
37 69 87 90
37 70 50 53
37 71 13 82
37 72 47 32
37 73 20 29
37 74 28 15
37 75 5 29
37 76 95 91
37 77 24 33
37 78 56 19
37 79 96 44
37 80 34 47
37 81 55 42
37 82 9 59
37 83 64 39
37 84 14 90
37 85 44 56
37 86 42 93
37 87 52 68
37 88 41 29
37 89 1 9
37 90 96 55
37 91 77 69
37 92 86 35
37 93 7 79
37 94 39 48
37 95 22 91
37 96 51 41
37 97 78 96
37 98 56 9
37 99 15 34
37 100 28 83
38 39 17 28
38 40 14 70
38 41 27 6
38 42 12 81
38 43 91 87
38 44 34 8
38 45 79 30
38 46 60 33
38 47 50 78
38 48 6 91
38 49 98 31
38 50 72 89
38 51 7 58
38 52 20 34
38 53 95 67
38 54 41 47
38 55 5 3
38 56 28 17
38 57 97 42
38 58 50 64
38 59 5 60
38 60 45 31
38 61 31 50
38 62 58 29
38 63 15 26
38 64 61 20
38 65 89 17
38 66 1 9
38 67 51 29
38 68 30 24
38 69 52 72
38 70 61 80
38 71 49 31
38 72 50 22
38 73 53 46
38 74 18 32
38 75 11 34
38 76 57 7
38 77 76 32
38 78 58 40
38 79 86 61
38 80 32 71
38 81 69 70
38 82 66 31
38 83 8 39
38 84 29 41
38 85 65 67
38 86 82 71
38 87 32 41
38 88 82 46
38 89 58 15
38 90 93 69
38 91 30 27
38 92 23 51
38 93 55 22
38 94 2 96
38 95 83 88
38 96 68 26
38 97 41 32
38 98 53 18
38 99 26 5
38 100 62 54
39 40 16 2
39 41 72 21
39 42 33 5
39 43 64 15
39 44 37 92
39 45 25 50
39 46 21 34
39 47 20 48
39 48 38 70
39 49 59 7
39 50 62 43
39 51 46 38
39 52 35 65
39 53 53 84
39 54 37 71
39 55 12 50
39 56 73 35
39 57 67 58
39 58 98 24
39 59 72 90
39 60 15 41
39 61 89 86
39 62 70 9
39 63 80 23
39 64 74 10
39 65 61 56
39 66 97 42
39 67 96 47
39 68 23 37
39 69 28 73
39 70 95 40
39 71 48 22
39 72 74 67
39 73 48 51
39 74 59 42
39 75 3 27
39 76 39 42
39 77 72 30
39 78 84 5
39 79 75 26
39 80 34 57
39 81 70 91
39 82 94 94
39 83 49 50
39 84 75 64
39 85 87 27
39 86 75 17
39 87 99 8
39 88 30 24
39 89 45 78
39 90 84 19
39 91 15 17
39 92 9 60
39 93 33 12
39 94 96 71
39 95 72 23
39 96 64 79
39 97 75 18
39 98 77 7
39 99 37 66
39 100 29 54
40 41 84 82
40 42 44 45
40 43 79 42
40 44 65 100
40 45 90 50
40 46 29 70
40 47 12 70
40 48 23 90
40 49 98 12
40 50 15 11
40 51 93 63
40 52 74 77
40 53 39 67
40 54 76 68
40 55 98 44
40 56 86 6
40 57 6 17
40 58 17 28
40 59 22 85
40 60 6 24
40 61 35 68
40 62 38 29
40 63 34 47
40 64 42 6
40 65 11 14
40 66 11 30
40 67 54 75
40 68 96 74
40 69 85 87
40 70 82 18
40 71 42 12
40 72 89 2
40 73 95 1
40 74 57 87
40 75 9 86
40 76 48 38
40 77 37 44
40 78 35 45
40 79 95 49
40 80 59 57
40 81 79 89
40 82 86 98
40 83 68 21
40 84 84 27
40 85 15 46
40 86 15 10
40 87 72 7
40 88 66 33
40 89 23 41
40 90 60 40
40 91 59 58
40 92 86 30
40 93 10 66
40 94 34 86
40 95 64 99
40 96 74 27
40 97 52 9
40 98 21 22
40 99 46 88
40 100 27 49
41 42 67 13
41 43 64 65
41 44 97 51
41 45 28 52
41 46 28 61
41 47 86 63
41 48 18 30
41 49 4 95
41 50 52 86
41 51 95 9
41 52 93 59
41 53 77 33
41 54 9 73
41 55 19 41
41 56 87 84
41 57 10 66
41 58 9 44
41 59 58 1
41 60 33 79
41 61 62 52
41 62 9 94
41 63 91 38
41 64 99 38
41 65 10 38
41 66 7 93
41 67 34 33
41 68 71 33
41 69 9 92
41 70 45 60
41 71 17 62
41 72 89 18
41 73 85 59
41 74 97 24
41 75 95 34
41 76 70 71
41 77 65 67
41 78 20 33
41 79 53 31
41 80 97 98
41 81 70 16
41 82 5 38
41 83 7 34
41 84 59 44
41 85 33 11
41 86 86 13
41 87 1 47
41 88 95 52
41 89 60 3
41 90 27 22
41 91 37 20
41 92 61 38
41 93 91 91
41 94 49 49
41 95 21 22
41 96 78 14
41 97 53 65
41 98 92 37
41 99 82 78
41 100 4 75
42 43 17 18
42 44 62 39
42 45 97 44
42 46 57 59
42 47 14 42
42 48 88 85
42 49 66 65
42 50 37 87
42 51 17 53
42 52 57 63
42 53 96 5
42 54 28 51
42 55 14 80
42 56 7 69
42 57 31 60
42 58 14 91
42 59 56 62
42 60 83 70
42 61 84 50
42 62 64 78
42 63 88 36
42 64 85 73
42 65 25 38
42 66 12 39
42 67 12 58
42 68 31 82
42 69 64 38
42 70 98 81
42 71 14 48
42 72 33 43
42 73 61 45
42 74 8 93
42 75 78 84
42 76 67 51
42 77 84 73
42 78 91 14
42 79 77 75
42 80 27 90
42 81 80 30
42 82 54 23
42 83 73 43
42 84 21 20
42 85 78 16
42 86 20 59
42 87 49 22
42 88 81 73
42 89 28 82
42 90 75 82
42 91 60 83
42 92 26 97
42 93 32 100
42 94 59 95
42 95 15 27
42 96 30 93
42 97 47 68
42 98 70 44
42 99 73 59
42 100 9 99
43 44 47 28
43 45 50 25
43 46 1 6
43 47 89 88
43 48 43 69
43 49 19 65
43 50 48 22
43 51 48 67
43 52 54 72
43 53 70 65
43 54 56 70
43 55 17 19
43 56 37 72
43 57 27 51
43 58 68 40
43 59 38 54
43 60 6 23
43 61 3 89
43 62 91 63
43 63 58 27
43 64 72 64
43 65 3 14
43 66 65 5
43 67 18 68
43 68 52 23
43 69 21 92
43 70 59 80
43 71 11 33
43 72 96 83
43 73 48 29
43 74 87 41
43 75 52 7
43 76 17 18
43 77 30 51
43 78 22 11
43 79 14 13
43 80 2 73
43 81 77 44
43 82 35 95
43 83 54 97
43 84 98 29
43 85 1 40
43 86 84 97
43 87 40 30
43 88 34 23
43 89 19 40
43 90 45 23
43 91 79 3
43 92 31 38
43 93 26 43
43 94 49 79
43 95 43 19
43 96 35 45
43 97 7 74
43 98 57 74
43 99 32 39
43 100 60 72
44 45 12 59
44 46 75 45
44 47 68 69
44 48 43 27
44 49 48 43
44 50 69 32
44 51 61 65
44 52 77 87
44 53 10 89
44 54 56 64
44 55 90 57
44 56 30 58
44 57 58 95
44 58 47 39
44 59 44 13
44 60 67 88
44 61 15 78
44 62 45 75
44 63 13 17
44 64 52 67
44 65 52 59
44 66 61 18
44 67 89 27
44 68 3 18
44 69 36 76
44 70 17 57
44 71 54 61
44 72 36 53
44 73 5 39
44 74 43 59
44 75 87 32
44 76 53 39
44 77 4 30
44 78 48 21
44 79 7 20
44 80 72 30
44 81 61 83
44 82 8 65
44 83 2 30
44 84 55 29
44 85 85 22
44 86 29 95
44 87 90 50
44 88 6 64
44 89 31 23
44 90 54 81
44 91 81 85
44 92 6 77
44 93 93 49
44 94 1 28
44 95 83 100
44 96 69 22
44 97 100 51
44 98 32 45
44 99 75 6
44 100 43 77
45 46 59 79
45 47 14 14
45 48 4 75
45 49 15 34
45 50 35 67
45 51 95 46
45 52 43 80
45 53 64 97
45 54 57 83
45 55 53 18
45 56 83 1
45 57 52 6
45 58 85 27
45 59 44 78
45 60 91 76
45 61 18 46
45 62 74 87
45 63 32 61
45 64 89 27
45 65 2 68
45 66 74 31
45 67 67 90
45 68 51 80
45 69 29 45
45 70 73 40
45 71 22 15
45 72 56 17
45 73 75 53
45 74 85 10
45 75 69 52
45 76 29 73
45 77 89 99
45 78 86 51
45 79 34 37
45 80 59 12
45 81 35 74
45 82 61 77
45 83 77 43
45 84 31 33
45 85 32 42
45 86 22 41
45 87 59 81
45 88 8 82
45 89 60 49
45 90 8 76
45 91 79 6
45 92 33 90
45 93 40 69
45 94 85 69
45 95 92 35
45 96 63 14
45 97 30 94
45 98 28 65
45 99 1 71
45 100 29 59
46 47 99 81
46 48 3 81
46 49 74 10
46 50 18 86
46 51 14 98
46 52 98 82
46 53 53 33
46 54 93 10
46 55 41 49
46 56 13 94
46 57 9 98
46 58 94 36
46 59 89 57
46 60 67 48
46 61 73 12
46 62 45 40
46 63 67 53
46 64 41 2
46 65 17 69
46 66 92 15
46 67 16 79
46 68 26 4
46 69 76 35
46 70 84 73
46 71 50 45
46 72 43 15
46 73 51 5
46 74 38 12
46 75 53 61
46 76 78 48
46 77 16 42
46 78 12 46
46 79 25 64
46 80 45 33
46 81 63 89
46 82 50 69
46 83 95 93
46 84 56 26
46 85 71 31
46 86 71 20
46 87 54 16
46 88 33 76
46 89 77 86
46 90 63 29
46 91 16 35
46 92 92 18
46 93 100 81
46 94 10 4
46 95 51 69
46 96 68 18
46 97 13 97
46 98 90 75
46 99 2 21
46 100 19 39
47 48 97 33
47 49 53 80
47 50 95 44
47 51 92 74
47 52 33 73
47 53 73 21
47 54 12 10
47 55 5 70
47 56 32 82
47 57 11 34
47 58 68 22
47 59 54 30
47 60 21 91
47 61 78 81
47 62 99 63
47 63 25 98
47 64 97 4
47 65 14 65
47 66 72 93
47 67 52 43
47 68 90 7
47 69 80 45
47 70 62 57
47 71 94 78
47 72 64 31
47 73 5 100
47 74 94 30
47 75 71 87
47 76 61 91
47 77 89 17
47 78 82 25
47 79 23 31
47 80 77 97
47 81 74 17
47 82 15 3
47 83 76 33
47 84 42 47
47 85 98 59
47 86 24 19
47 87 71 15
47 88 91 100
47 89 6 49
47 90 68 57
47 91 26 35
47 92 6 15
47 93 40 60
47 94 12 32
47 95 71 78
47 96 71 83
47 97 24 73
47 98 66 53
47 99 20 28
47 100 90 4
48 49 94 9
48 50 18 22
48 51 1 43
48 52 56 82
48 53 53 96
48 54 37 63
48 55 56 82
48 56 7 20
48 57 35 63
48 58 6 94
48 59 38 22
48 60 32 51
48 61 11 22
48 62 97 74
48 63 45 17
48 64 68 100
48 65 67 18
48 66 36 33
48 67 92 1
48 68 80 57
48 69 87 85
48 70 92 62
48 71 52 72
48 72 75 21
48 73 27 16
48 74 51 93
48 75 84 39
48 76 42 80
48 77 17 97
48 78 2 97
48 79 18 2
48 80 48 69
48 81 13 24
48 82 90 34
48 83 72 52
48 84 97 14
48 85 43 94
48 86 71 58
48 87 92 56
48 88 100 32
48 89 17 24
48 90 12 52
48 91 27 8
48 92 82 50
48 93 87 19
48 94 52 75
48 95 19 98
48 96 5 26
48 97 46 36
48 98 66 32
48 99 30 6
48 100 27 55
49 50 84 39
49 51 44 7
49 52 56 1
49 53 48 63
49 54 93 15
49 55 23 9
49 56 90 3
49 57 43 73
49 58 97 22
49 59 97 23
49 60 88 61
49 61 57 11
49 62 37 12
49 63 33 5
49 64 98 94
49 65 27 57
49 66 63 45
49 67 74 83
49 68 89 87
49 69 66 100
49 70 25 72
49 71 45 74
49 72 16 6
49 73 58 23
49 74 66 13
49 75 20 79
49 76 80 73
49 77 8 62
49 78 13 14
49 79 47 78
49 80 47 46
49 81 37 28
49 82 75 70
49 83 95 78
49 84 3 88
49 85 54 88
49 86 92 95
49 87 59 24
49 88 19 22
49 89 41 76
49 90 85 24
49 91 63 16
49 92 33 32
49 93 66 55
49 94 13 78
49 95 16 41
49 96 47 86
49 97 7 93
49 98 5 76
49 99 56 92
49 100 50 91
50 51 48 49
50 52 18 33
50 53 73 84
50 54 63 92
50 55 23 24
50 56 51 25
50 57 58 50
50 58 45 15
50 59 73 97
50 60 53 56
50 61 36 9
50 62 24 99
50 63 27 56
50 64 34 43
50 65 6 93
50 66 65 63
50 67 25 6
50 68 4 10
50 69 72 31
50 70 38 99
50 71 36 64
50 72 50 60
50 73 94 78
50 74 81 54
50 75 66 38
50 76 7 50
50 77 23 63
50 78 15 23
50 79 52 3
50 80 37 72
50 81 68 99
50 82 27 37
50 83 50 69
50 84 85 2
50 85 78 53
50 86 22 20
50 87 30 68
50 88 83 6
50 89 20 61
50 90 66 100
50 91 57 77
50 92 70 7
50 93 22 64
50 94 6 60
50 95 76 92
50 96 72 5
50 97 79 26
50 98 82 38
50 99 7 54
50 100 3 22
51 52 76 54
51 53 7 25
51 54 41 34
51 55 44 4
51 56 41 4
51 57 91 78
51 58 63 19
51 59 35 26
51 60 93 65
51 61 67 43
51 62 25 79
51 63 86 62
51 64 32 47
51 65 49 90
51 66 41 92
51 67 82 99
51 68 48 36
51 69 44 58
51 70 55 45
51 71 34 33
51 72 76 32
51 73 96 68
51 74 58 22
51 75 11 46
51 76 22 51
51 77 43 9
51 78 8 87
51 79 81 60
51 80 68 31
51 81 11 49
51 82 72 78
51 83 46 54
51 84 95 68
51 85 86 34
51 86 21 91
51 87 76 22
51 88 12 1
51 89 64 54
51 90 70 82
51 91 29 78
51 92 94 97
51 93 88 63
51 94 6 54
51 95 13 30
51 96 16 49
51 97 16 38
51 98 50 100
51 99 79 65
51 100 41 39
52 53 6 38
52 54 93 14
52 55 46 41
52 56 94 88
52 57 83 87
52 58 97 24
52 59 34 67
52 60 97 34
52 61 11 90
52 62 62 15
52 63 82 62
52 64 7 97
52 65 26 85
52 66 2 13
52 67 26 56
52 68 85 52
52 69 68 62
52 70 59 32
52 71 42 36
52 72 1 58
52 73 63 92
52 74 80 94
52 75 31 39
52 76 6 43
52 77 36 71
52 78 24 98
52 79 35 11
52 80 88 40
52 81 58 43
52 82 28 100
52 83 95 34
52 84 44 88
52 85 66 11
52 86 57 33
52 87 78 69
52 88 91 48
52 89 87 93
52 90 28 38
52 91 67 23
52 92 87 85
52 93 40 75
52 94 40 58
52 95 85 73
52 96 22 39
52 97 31 11
52 98 64 13
52 99 58 6
52 100 45 68
53 54 40 17
53 55 47 96
53 56 42 59
53 57 14 10
53 58 41 44
53 59 31 54
53 60 92 89
53 61 20 7
53 62 62 77
53 63 32 37
53 64 96 97
53 65 14 42
53 66 23 82
53 67 12 45
53 68 73 53
53 69 6 85
53 70 4 20
53 71 91 28
53 72 29 44
53 73 64 91
53 74 52 22
53 75 36 62
53 76 43 47
53 77 62 75
53 78 69 88
53 79 44 80
53 80 56 47
53 81 98 18
53 82 21 30
53 83 52 27
53 84 67 3
53 85 68 84
53 86 61 56
53 87 11 90
53 88 98 5
53 89 97 81
53 90 2 95
53 91 6 85
53 92 80 46
53 93 57 88
53 94 90 27
53 95 58 80
53 96 39 61
53 97 71 25
53 98 28 58
53 99 82 11
53 100 72 7
54 55 19 57
54 56 34 72
54 57 86 47
54 58 86 40
54 59 64 55
54 60 50 10
54 61 71 3
54 62 79 57
54 63 30 78
54 64 93 88
54 65 42 84
54 66 66 42
54 67 23 18
54 68 66 42
54 69 79 53
54 70 66 50
54 71 37 91
54 72 56 47
54 73 3 80
54 74 22 67
54 75 25 74
54 76 72 4
54 77 55 20
54 78 42 20
54 79 43 22
54 80 93 60
54 81 52 60
54 82 20 61
54 83 50 37
54 84 45 40
54 85 8 53
54 86 93 11
54 87 23 11
54 88 36 60
54 89 73 4
54 90 4 20
54 91 82 94
54 92 79 47
54 93 32 53
54 94 67 78
54 95 75 67
54 96 72 95
54 97 36 25
54 98 45 91
54 99 9 69
54 100 89 11
55 56 43 27
55 57 77 13
55 58 81 40
55 59 88 47
55 60 31 13
55 61 71 18
55 62 12 30
55 63 65 63
55 64 64 36
55 65 42 61
55 66 25 63
55 67 72 44
55 68 14 87
55 69 56 44
55 70 89 99
55 71 67 19
55 72 35 27
55 73 74 10
55 74 39 49
55 75 41 31
55 76 5 50
55 77 89 43
55 78 19 96
55 79 44 10
55 80 99 97
55 81 31 6
55 82 1 65
55 83 5 94
55 84 30 70
55 85 62 75
55 86 53 76
55 87 63 99
55 88 87 50
55 89 98 43
55 90 29 16
55 91 6 22
55 92 23 23
55 93 74 83
55 94 35 20
55 95 60 72
55 96 97 66
55 97 90 58
55 98 43 37
55 99 44 42
55 100 28 64
56 57 84 94
56 58 18 21
56 59 57 48
56 60 58 52
56 61 64 29
56 62 12 32
56 63 85 19
56 64 28 76
56 65 28 56
56 66 67 70
56 67 82 36
56 68 10 35
56 69 15 3
56 70 23 89
56 71 35 82
56 72 85 11
56 73 43 87
56 74 34 50
56 75 27 26
56 76 65 59
56 77 26 76
56 78 11 61
56 79 17 82
56 80 32 58
56 81 53 38
56 82 21 51
56 83 6 4
56 84 69 93
56 85 16 91
56 86 82 99
56 87 43 98
56 88 62 10
56 89 87 25
56 90 61 57
56 91 76 41
56 92 22 25
56 93 78 82
56 94 39 89
56 95 91 9
56 96 82 60
56 97 1 68
56 98 41 78
56 99 5 7
56 100 93 61
57 58 44 74
57 59 17 62
57 60 42 82
57 61 81 78
57 62 76 98
57 63 81 26
57 64 71 57
57 65 13 61
57 66 100 2
57 67 74 76
57 68 74 16
57 69 31 37
57 70 53 36
57 71 84 33
57 72 35 45
57 73 42 83
57 74 97 20
57 75 89 76
57 76 20 64
57 77 59 57
57 78 82 88
57 79 12 73
57 80 42 47
57 81 61 37
57 82 55 93
57 83 19 32
57 84 52 13
57 85 22 70
57 86 47 89
57 87 80 23
57 88 31 66
57 89 73 92
57 90 59 37
57 91 42 22
57 92 73 16
57 93 50 18
57 94 88 22
57 95 39 36
57 96 69 76
57 97 56 35
57 98 90 67
57 99 42 37
57 100 65 90
58 59 77 56
58 60 42 95
58 61 43 17
58 62 49 3
58 63 58 84
58 64 8 81
58 65 28 72
58 66 5 21
58 67 91 81
58 68 93 25
58 69 64 44
58 70 67 19
58 71 70 23
58 72 29 1
58 73 48 93
58 74 44 68
58 75 97 64
58 76 26 24
58 77 24 81
58 78 61 84
58 79 68 86
58 80 86 71
58 81 36 32
58 82 78 72
58 83 99 46
58 84 74 1
58 85 70 63
58 86 7 45
58 87 99 77
58 88 16 48
58 89 85 47
58 90 33 72
58 91 55 23
58 92 58 47
58 93 58 95
58 94 97 74
58 95 23 12
58 96 51 90
58 97 18 86
58 98 10 18
58 99 89 31
58 100 5 56
59 60 35 71
59 61 45 44
59 62 79 79
59 63 26 87
59 64 16 2
59 65 46 84
59 66 41 54
59 67 52 20
59 68 98 52
59 69 69 30
59 70 56 23
59 71 88 91
59 72 99 10
59 73 50 17
59 74 94 68
59 75 75 40
59 76 34 93
59 77 7 97
59 78 13 63
59 79 25 87
59 80 35 25
59 81 31 48
59 82 84 76
59 83 81 29
59 84 12 91
59 85 46 12
59 86 28 9
59 87 67 86
59 88 68 65
59 89 40 26
59 90 73 12
59 91 31 18
59 92 81 14
59 93 67 59
59 94 13 77
59 95 70 18
59 96 14 49
59 97 60 32
59 98 9 42
59 99 99 99
59 100 75 78
60 61 49 18
60 62 69 61
60 63 19 61
60 64 36 26
60 65 71 6
60 66 86 5
60 67 88 84
60 68 11 25
60 69 63 49
60 70 94 11
60 71 44 36
60 72 99 61
60 73 17 100
60 74 68 14
60 75 13 12
60 76 90 10
60 77 51 98
60 78 91 95
60 79 59 75
60 80 93 45
60 81 60 60
60 82 33 89
60 83 39 39
60 84 83 82
60 85 1 57
60 86 9 88
60 87 92 85
60 88 76 20
60 89 43 77
60 90 73 18
60 91 76 23
60 92 21 41
60 93 45 29
60 94 81 69
60 95 38 11
60 96 37 82
60 97 11 85
60 98 40 77
60 99 80 28
60 100 39 66
61 62 40 93
61 63 27 60
61 64 3 44
61 65 51 21
61 66 39 85
61 67 43 97
61 68 61 85
61 69 43 39
61 70 58 63
61 71 72 11
61 72 45 69
61 73 39 78
61 74 59 81
61 75 12 85
61 76 20 13
61 77 46 53
61 78 32 85
61 79 31 59
61 80 59 79
61 81 11 57
61 82 72 28
61 83 99 94
61 84 23 71
61 85 55 85
61 86 24 60
61 87 26 16
61 88 28 24
61 89 81 21
61 90 10 70
61 91 21 67
61 92 32 86
61 93 19 82
61 94 60 100
61 95 4 72
61 96 91 39
61 97 10 85
61 98 61 48
61 99 15 74
61 100 10 43
62 63 10 2
62 64 89 7
62 65 79 66
62 66 82 66
62 67 62 44
62 68 65 81
62 69 14 68
62 70 40 32
62 71 84 8
62 72 19 40
62 73 31 27
62 74 6 58
62 75 38 74
62 76 74 39
62 77 69 72
62 78 58 70
62 79 5 20
62 80 92 23
62 81 35 68
62 82 84 21
62 83 77 75
62 84 40 95
62 85 80 49
62 86 44 17
62 87 80 67
62 88 53 30
62 89 65 29
62 90 48 8
62 91 52 54
62 92 56 54
62 93 37 17
62 94 25 67
62 95 13 74
62 96 31 76
62 97 14 76
62 98 21 68
62 99 17 5
62 100 2 10
63 64 52 53
63 65 25 44
63 66 98 19
63 67 80 27
63 68 36 63
63 69 52 74
63 70 64 77
63 71 25 12
63 72 31 65
63 73 71 71
63 74 57 28
63 75 36 55
63 76 87 20
63 77 76 21
63 78 88 79
63 79 67 93
63 80 84 3
63 81 47 93
63 82 34 43
63 83 55 85
63 84 25 1
63 85 72 94
63 86 59 25
63 87 77 63
63 88 82 40
63 89 74 54
63 90 35 8
63 91 34 91
63 92 61 48
63 93 55 5
63 94 60 1
63 95 27 99
63 96 74 79
63 97 21 88
63 98 16 17
63 99 9 24
63 100 63 22
64 65 67 9
64 66 15 12
64 67 78 46
64 68 12 8
64 69 90 81
64 70 32 77
64 71 53 36
64 72 12 93
64 73 94 1
64 74 98 32
64 75 53 33
64 76 32 7
64 77 84 18
64 78 63 12
64 79 89 52
64 80 98 22
64 81 65 77
64 82 100 65
64 83 76 6
64 84 89 15
64 85 53 95
64 86 92 64
64 87 83 82
64 88 11 79
64 89 98 9
64 90 27 89
64 91 32 50
64 92 72 58
64 93 40 56
64 94 5 69
64 95 6 16
64 96 99 1
64 97 100 12
64 98 43 14
64 99 3 3
64 100 64 32
65 66 33 41
65 67 30 17
65 68 58 32
65 69 32 29
65 70 25 57
65 71 18 96
65 72 60 60
65 73 80 22
65 74 88 58
65 75 44 11
65 76 27 60
65 77 63 45
65 78 66 50
65 79 14 12
65 80 31 74
65 81 75 22
65 82 4 58
65 83 45 17
65 84 67 18
65 85 11 74
65 86 63 1
65 87 39 91
65 88 17 10
65 89 60 9
65 90 84 24
65 91 94 13
65 92 4 15
65 93 74 54
65 94 39 29
65 95 16 77
65 96 12 65
65 97 85 76
65 98 44 27
65 99 64 97
65 100 14 93
66 67 19 53
66 68 5 58
66 69 58 28
66 70 21 81
66 71 95 35
66 72 89 67
66 73 45 95
66 74 97 43
66 75 89 11
66 76 46 34
66 77 74 96
66 78 57 98
66 79 38 26
66 80 18 41
66 81 55 75
66 82 46 9
66 83 94 56
66 84 51 68
66 85 99 19
66 86 67 75
66 87 36 22
66 88 92 48
66 89 11 44
66 90 78 70
66 91 67 77
66 92 59 73
66 93 88 16
66 94 36 5
66 95 58 83
66 96 59 75
66 97 59 54
66 98 58 17
66 99 39 8
66 100 75 33
67 68 12 24
67 69 74 80
67 70 86 82
67 71 59 21
67 72 78 40
67 73 82 10
67 74 35 58
67 75 49 72
67 76 72 45
67 77 60 12
67 78 63 28
67 79 51 58
67 80 44 71
67 81 48 45
67 82 72 83
67 83 68 25
67 84 27 65
67 85 3 12
67 86 73 11
67 87 61 16
67 88 42 82
67 89 35 82
67 90 12 8
67 91 70 65
67 92 56 72
67 93 57 70
67 94 78 97
67 95 15 37
67 96 12 44
67 97 46 52
67 98 99 74
67 99 13 28
67 100 30 20
68 69 74 13
68 70 36 37
68 71 54 21
68 72 54 75
68 73 25 88
68 74 61 3
68 75 92 82
68 76 38 84
68 77 82 15
68 78 77 54
68 79 41 100
68 80 21 51
68 81 42 55
68 82 30 62
68 83 7 80
68 84 54 28
68 85 94 35
68 86 48 80
68 87 94 93
68 88 61 21
68 89 96 38
68 90 44 7
68 91 76 85
68 92 11 49
68 93 100 70
68 94 74 1
68 95 35 80
68 96 30 78
68 97 70 13
68 98 95 72
68 99 33 97
68 100 90 48
69 70 37 94
69 71 71 12
69 72 87 28
69 73 64 90
69 74 61 74
69 75 39 45
69 76 93 74
69 77 61 58
69 78 47 94
69 79 37 11
69 80 41 41
69 81 78 84
69 82 38 9
69 83 77 7
69 84 38 78
69 85 61 55
69 86 63 50
69 87 55 86
69 88 99 18
69 89 86 11
69 90 29 7
69 91 29 34
69 92 54 70
69 93 73 66
69 94 65 72
69 95 85 80
69 96 91 67
69 97 21 79
69 98 31 80
69 99 58 47
69 100 3 22
70 71 83 67
70 72 51 64
70 73 56 63
70 74 22 72
70 75 73 80
70 76 26 92
70 77 74 91
70 78 3 64
70 79 22 100
70 80 70 51
70 81 11 60
70 82 57 42
70 83 60 50
70 84 66 46
70 85 75 53
70 86 55 11
70 87 15 57
70 88 77 96
70 89 2 76
70 90 47 87
70 91 40 10
70 92 84 90
70 93 93 93
70 94 17 81
70 95 34 93
70 96 26 9
70 97 47 88
70 98 98 12
70 99 25 48
70 100 28 10
71 72 84 65
71 73 31 88
71 74 6 84
71 75 37 80
71 76 85 87
71 77 19 63
71 78 92 89
71 79 44 47
71 80 12 30
71 81 6 57
71 82 43 17
71 83 82 36
71 84 11 88
71 85 60 44
71 86 86 6
71 87 11 31
71 88 58 20
71 89 62 91
71 90 82 73
71 91 18 8
71 92 82 14
71 93 2 92
71 94 61 67
71 95 36 70
71 96 100 18
71 97 39 99
71 98 5 74
71 99 39 66
71 100 46 69
72 73 83 7
72 74 55 51
72 75 67 20
72 76 67 82
72 77 70 18
72 78 15 82
72 79 27 31
72 80 18 77
72 81 84 35
72 82 25 23
72 83 24 47
72 84 65 29
72 85 54 74
72 86 55 39
72 87 28 28
72 88 28 99
72 89 11 86
72 90 75 66
72 91 57 20
72 92 14 11
72 93 76 71
72 94 88 48
72 95 91 5
72 96 38 72
72 97 70 60
72 98 15 11
72 99 82 69
72 100 68 87
73 74 64 50
73 75 45 88
73 76 39 87
73 77 3 64
73 78 83 4
73 79 92 30
73 80 12 18
73 81 99 45
73 82 83 82
73 83 48 64
73 84 42 49
73 85 26 54
73 86 16 6
73 87 96 62
73 88 88 86
73 89 32 40
73 90 26 42
73 91 99 22
73 92 51 30
73 93 41 64
73 94 26 85
73 95 21 50
73 96 44 42
73 97 99 67
73 98 69 37
73 99 41 36
73 100 12 69
74 75 53 40
74 76 91 40
74 77 37 97
74 78 14 50
74 79 66 81
74 80 26 92
74 81 41 74
74 82 98 33
74 83 80 29
74 84 60 24
74 85 54 29
74 86 62 51
74 87 70 35
74 88 36 12
74 89 48 93
74 90 57 36
74 91 94 39
74 92 89 62
74 93 9 70
74 94 36 98
74 95 24 41
74 96 33 79
74 97 73 82
74 98 5 68
74 99 94 21
74 100 23 42
75 76 40 45
75 77 10 96
75 78 51 90
75 79 35 77
75 80 70 42
75 81 66 19
75 82 4 73
75 83 16 16
75 84 43 85
75 85 51 22
75 86 51 67
75 87 91 80
75 88 12 11
75 89 72 90
75 90 99 52
75 91 7 7
75 92 97 20
75 93 68 59
75 94 87 94
75 95 56 6
75 96 33 25
75 97 93 82
75 98 84 65
75 99 39 39
75 100 58 94
76 77 57 96
76 78 32 39
76 79 14 12
76 80 46 75
76 81 40 29
76 82 22 22
76 83 30 23
76 84 76 45
76 85 81 68
76 86 97 78
76 87 4 9
76 88 67 21
76 89 91 89
76 90 16 15
76 91 55 89
76 92 62 56
76 93 94 94
76 94 23 82
76 95 38 18
76 96 19 54
76 97 25 37
76 98 93 69
76 99 73 35
76 100 33 100
77 78 6 51
77 79 19 16
77 80 46 88
77 81 21 56
77 82 59 28
77 83 50 86
77 84 20 44
77 85 29 62
77 86 78 80
77 87 62 82
77 88 59 85
77 89 37 68
77 90 35 3
77 91 88 55
77 92 33 20
77 93 33 80
77 94 69 41
77 95 62 61
77 96 46 15
77 97 20 83
77 98 14 17
77 99 52 53
77 100 27 86
78 79 11 24
78 80 19 18
78 81 13 65
78 82 73 82
78 83 61 82
78 84 48 40
78 85 56 17
78 86 20 32
78 87 100 47
78 88 80 95
78 89 19 94
78 90 37 82
78 91 88 47
78 92 29 48
78 93 91 39
78 94 53 89
78 95 47 92
78 96 42 76
78 97 59 9
78 98 10 75
78 99 82 2
78 100 31 51
79 80 38 89
79 81 13 49
79 82 63 97
79 83 13 45
79 84 69 78
79 85 1 71
79 86 60 96
79 87 65 10
79 88 58 92
79 89 14 33
79 90 23 39
79 91 22 69
79 92 48 2
79 93 65 36
79 94 92 38
79 95 96 95
79 96 19 17
79 97 59 79
79 98 87 68
79 99 83 71
79 100 38 6
80 81 92 65
80 82 72 61
80 83 59 27
80 84 10 7
80 85 48 25
80 86 17 21
80 87 15 62
80 88 70 11
80 89 90 30
80 90 86 89
80 91 33 5
80 92 32 41
80 93 29 40
80 94 29 72
80 95 93 23
80 96 66 22
80 97 33 73
80 98 62 43
80 99 20 13
80 100 52 8
81 82 5 2
81 83 2 45
81 84 50 9
81 85 46 31
81 86 36 59
81 87 58 96
81 88 12 72
81 89 24 85
81 90 67 56
81 91 59 1
81 92 24 79
81 93 83 3
81 94 54 39
81 95 19 63
81 96 46 18
81 97 14 22
81 98 82 77
81 99 91 32
81 100 40 18
82 83 78 4
82 84 70 89
82 85 61 66
82 86 31 17
82 87 96 40
82 88 86 15
82 89 3 7
82 90 73 81
82 91 44 85
82 92 45 48
82 93 52 18
82 94 7 97
82 95 25 26
82 96 83 6
82 97 66 3
82 98 19 89
82 99 29 64
82 100 54 29
83 84 28 68
83 85 100 72
83 86 100 34
83 87 47 97
83 88 90 85
83 89 62 28
83 90 79 38
83 91 14 45
83 92 16 94
83 93 83 82
83 94 96 86
83 95 96 11
83 96 27 97
83 97 60 7
83 98 38 96
83 99 70 23
83 100 46 32
84 85 57 69
84 86 75 31
84 87 88 56
84 88 66 9
84 89 13 2
84 90 55 40
84 91 43 34
84 92 33 98
84 93 58 77
84 94 17 99
84 95 66 89
84 96 33 89
84 97 85 10
84 98 16 64
84 99 11 79
84 100 19 54
85 86 58 38
85 87 100 34
85 88 38 60
85 89 59 21
85 90 39 29
85 91 85 20
85 92 93 57
85 93 14 23
85 94 7 24
85 95 29 9
85 96 6 86
85 97 14 36
85 98 92 55
85 99 98 17
85 100 80 48
86 87 75 96
86 88 59 84
86 89 53 71
86 90 100 77
86 91 89 3
86 92 63 97
86 93 82 84
86 94 99 67
86 95 22 43
86 96 75 90
86 97 31 8
86 98 85 67
86 99 32 97
86 100 98 35
87 88 15 32
87 89 77 5
87 90 1 5
87 91 61 59
87 92 11 87
87 93 77 65
87 94 6 100
87 95 48 76
87 96 29 24
87 97 62 37
87 98 82 28
87 99 56 99
87 100 11 44
88 89 37 15
88 90 20 88
88 91 7 11
88 92 91 12
88 93 50 59
88 94 39 31
88 95 67 32
88 96 73 100
88 97 81 10
88 98 8 10
88 99 43 32
88 100 73 3
89 90 12 37
89 91 77 24
89 92 7 72
89 93 29 26
89 94 15 50
89 95 53 73
89 96 35 28
89 97 12 10
89 98 8 21
89 99 49 73
89 100 38 29
90 91 51 59
90 92 3 43
90 93 16 56
90 94 75 24
90 95 57 76
90 96 36 54
90 97 36 97
90 98 90 49
90 99 49 28
90 100 49 39
91 92 7 23
91 93 67 10
91 94 65 41
91 95 39 70
91 96 82 83
91 97 50 50
91 98 69 52
91 99 96 90
91 100 26 17
92 93 11 2
92 94 38 91
92 95 95 70
92 96 53 4
92 97 15 53
92 98 71 41
92 99 11 89
92 100 96 6
93 94 40 14
93 95 89 1
93 96 7 13
93 97 13 57
93 98 57 35
93 99 72 41
93 100 6 66
94 95 34 2
94 96 67 91
94 97 84 18
94 98 100 18
94 99 89 34
94 100 38 96
95 96 95 68
95 97 19 79
95 98 75 75
95 99 88 92
95 100 16 74
96 97 62 23
96 98 90 25
96 99 62 71
96 100 84 60
97 98 25 41
97 99 10 57
97 100 45 36
98 99 41 72
98 100 34 49
99 100 37 54