100
14
7
10
98
2
29
86
73
8
65
81
37
90
22
36
80
61
7
41
68
35
87
5
62
85
40
100
95
64
3
55
47
13
6
84
79
1 2 16 54
1 3 5 49
1 4 16 37
1 5 96 69
1 6 42 41
1 7 64 68
1 8 27 2
1 9 60 34
1 10 6 36
1 11 7 96
1 12 78 54
1 13 24 13
1 14 69 55
1 15 66 25
1 16 58 3
1 17 97 8
1 18 87 60
1 19 75 12
1 20 97 26
1 21 57 86
1 22 54 24
1 23 90 48
1 24 69 70
1 25 5 32
1 26 78 99
1 27 10 37
1 28 4 66
1 29 86 56
1 30 54 71
1 31 27 34
1 32 42 10
1 33 48 23
1 34 40 38
1 35 60 57
1 36 46 90
1 37 32 15
1 38 11 51
1 39 91 35
1 40 91 49
1 41 69 100
1 42 33 88
1 43 32 47
1 44 39 30
1 45 21 97
1 46 26 57
1 47 40 73
1 48 31 45
1 49 42 18
1 50 100 13
1 51 56 54
1 52 1 68
1 53 3 27
1 54 5 72
1 55 100 42
1 56 70 59
1 57 45 74
1 58 10 25
1 59 87 19
1 60 79 75
1 61 40 17
1 62 7 62
1 63 98 99
1 64 52 27
1 65 24 66
1 66 87 96
1 67 96 44
1 68 71 31
1 69 53 69
1 70 99 88
1 71 90 94
1 72 59 52
1 73 28 56
1 74 86 68
1 75 94 76
1 76 70 52
1 77 70 19
1 78 87 29
1 79 26 60
1 80 86 29
1 81 39 68
1 82 17 7
1 83 81 63
1 84 86 82
1 85 37 11
1 86 20 44
1 87 36 90
1 88 58 6
1 89 99 71
1 90 37 61
1 91 17 11
1 92 23 70
1 93 34 18
1 94 32 22
1 95 4 55
1 96 63 69
1 97 20 59
1 98 12 79
1 99 31 90
1 100 88 12
2 3 59 31
2 4 5 36
2 5 14 20
2 6 99 54
2 7 17 19
2 8 40 57
2 9 58 78
2 10 4 90
2 11 85 54
2 12 85 64
2 13 52 92
2 14 86 60
2 15 20 87
2 16 93 11
2 17 7 63
2 18 24 2
2 19 60 12
2 20 53 80
2 21 62 31
2 22 82 83
2 23 31 19
2 24 9 56
2 25 95 25
2 26 56 97
2 27 5 97
2 28 32 95
2 29 54 74
2 30 82 19
2 31 97 7
2 32 50 18
2 33 32 46
2 34 61 6
2 35 84 7
2 36 96 24
2 37 60 35
2 38 29 4
2 39 82 82
2 40 40 56
2 41 28 86
2 42 62 91
2 43 34 9
2 44 79 41
2 45 60 98
2 46 18 32
2 47 95 73
2 48 100 8
2 49 50 31
2 50 99 43
2 51 68 37
2 52 78 65
2 53 53 39
2 54 63 24
2 55 22 20
2 56 4 36
2 57 18 48
2 58 24 88
2 59 84 42
2 60 32 70
2 61 6 42
2 62 59 72
2 63 100 30
2 64 46 97
2 65 44 100
2 66 82 21
2 67 54 40
2 68 44 88
2 69 43 88
2 70 58 26
2 71 70 68
2 72 38 80
2 73 87 9
2 74 46 52
2 75 15 99
2 76 86 60
2 77 29 6
2 78 27 15
2 79 60 71
2 80 7 3
2 81 65 74
2 82 94 39
2 83 12 62
2 84 26 66
2 85 99 33
2 86 12 10
2 87 6 6
2 88 8 89
2 89 30 34
2 90 31 36
2 91 60 37
2 92 22 82
2 93 16 65
2 94 29 10
2 95 73 33
2 96 99 57
2 97 2 67
2 98 76 3
2 99 2 52
2 100 63 51
3 4 37 77
3 5 39 7
3 6 77 80
3 7 98 88
3 8 66 12
3 9 41 84
3 10 26 12
3 11 99 64
3 12 59 7
3 13 11 91
3 14 33 53
3 15 84 95
3 16 71 95
3 17 7 73
3 18 74 60
3 19 85 51
3 20 66 32
3 21 23 36
3 22 27 66
3 23 50 32
3 24 62 32
3 25 24 100
3 26 99 12
3 27 32 8
3 28 77 92
3 29 5 51
3 30 97 59
3 31 3 99
3 32 80 62
3 33 40 83
3 34 14 74
3 35 91 55
3 36 38 80
3 37 52 37
3 38 11 59
3 39 98 95
3 40 33 38
3 41 19 99
3 42 23 33
3 43 75 49
3 44 89 14
3 45 2 66
3 46 37 52
3 47 96 81
3 48 64 14
3 49 69 69
3 50 7 6
3 51 9 77
3 52 72 22
3 53 84 55
3 54 83 29
3 55 93 87
3 56 84 62
3 57 93 5
3 58 47 96
3 59 19 70
3 60 49 64
3 61 46 39
3 62 9 27
3 63 3 74
3 64 83 90
3 65 60 44
3 66 5 7
3 67 10 100
3 68 30 60
3 69 94 99
3 70 37 46
3 71 92 75
3 72 40 68
3 73 15 82
3 74 58 8
3 75 6 82
3 76 74 10
3 77 31 76
3 78 16 23
3 79 66 4
3 80 16 97
3 81 72 20
3 82 11 11
3 83 25 99
3 84 24 54
3 85 17 94
3 86 88 22
3 87 3 75
3 88 75 64
3 89 81 66
3 90 44 92
3 91 92 20
3 92 83 36
3 93 17 37
3 94 100 3
3 95 78 7
3 96 11 34
3 97 13 41
3 98 100 31
3 99 90 28
3 100 75 12
4 5 59 76
4 6 94 96
4 7 96 55
4 8 64 38
4 9 58 73
4 10 13 58
4 11 98 85
4 12 98 1
4 13 36 4
4 14 15 19
4 15 74 30
4 16 31 23
4 17 18 57
4 18 42 62
4 19 46 82
4 20 15 41
4 21 88 76
4 22 52 52
4 23 97 26
4 24 21 8
4 25 27 65
4 26 75 12
4 27 75 70
4 28 32 38
4 29 67 25
4 30 47 94
4 31 82 22
4 32 58 93
4 33 26 34
4 34 58 49
4 35 9 30
4 36 72 14
4 37 50 6
4 38 40 86
4 39 4 35
4 40 20 42
4 41 28 22
4 42 97 25
4 43 93 36
4 44 42 15
4 45 85 16
4 46 100 91
4 47 67 18
4 48 43 20
4 49 77 46
4 50 69 30
4 51 47 69
4 52 89 100
4 53 89 54
4 54 19 45
4 55 49 97
4 56 51 68
4 57 41 3
4 58 52 69
4 59 73 72
4 60 63 89
4 61 81 29
4 62 9 73
4 63 8 58
4 64 94 70
4 65 44 18
4 66 68 26
4 67 58 94
4 68 41 78
4 69 81 45
4 70 77 27
4 71 87 86
4 72 60 28
4 73 22 58
4 74 25 96
4 75 41 98
4 76 95 34
4 77 15 79
4 78 48 50
4 79 56 33
4 80 37 56
4 81 82 50
4 82 43 74
4 83 37 70
4 84 24 81
4 85 32 12
4 86 5 9
4 87 8 54
4 88 20 80
4 89 56 16
4 90 95 54
4 91 2 26
4 92 15 29
4 93 68 80
4 94 66 15
4 95 88 95
4 96 53 77
4 97 40 43
4 98 10 46
4 99 54 76
4 100 31 37
5 6 70 82
5 7 3 79
5 8 2 66
5 9 97 38
5 10 21 100
5 11 86 46
5 12 30 81
5 13 95 73
5 14 13 46
5 15 2 56
5 16 85 4
5 17 38 89
5 18 5 8
5 19 65 38
5 20 7 45
5 21 8 90
5 22 38 23
5 23 33 27
5 24 77 5
5 25 27 89
5 26 71 83
5 27 24 51
5 28 100 82
5 29 54 52
5 30 44 3
5 31 55 51
5 32 86 18
5 33 61 21
5 34 73 46
5 35 33 70
5 36 20 86
5 37 69 23
5 38 77 59
5 39 83 40
5 40 47 31
5 41 40 37
5 42 83 62
5 43 64 42
5 44 34 87
5 45 17 50
5 46 99 86
5 47 57 99
5 48 5 69
5 49 65 23
5 50 97 43
5 51 34 51
5 52 91 67
5 53 82 26
5 54 83 75
5 55 36 63
5 56 33 9
5 57 91 24
5 58 53 18
5 59 90 93
5 60 96 74
5 61 86 1
5 62 50 37
5 63 94 95
5 64 5 18
5 65 68 11
5 66 80 65
5 67 91 44
5 68 3 50
5 69 7 1
5 70 68 23
5 71 31 19
5 72 6 25
5 73 67 98
5 74 42 7
5 75 34 26
5 76 80 4
5 77 79 45
5 78 53 97
5 79 28 9
5 80 55 31
5 81 14 1
5 82 45 2
5 83 99 18
5 84 28 55
5 85 97 36
5 86 23 13
5 87 78 41
5 88 10 44
5 89 12 66
5 90 92 37
5 91 43 97
5 92 64 27
5 93 74 40
5 94 58 76
5 95 24 55
5 96 81 5
5 97 53 65
5 98 38 47
5 99 54 26
5 100 36 44
6 7 46 100
6 8 35 96
6 9 8 6
6 10 30 62
6 11 83 64
6 12 13 55
6 13 16 25
6 14 27 90
6 15 14 80
6 16 75 10
6 17 89 83
6 18 33 94
6 19 61 64
6 20 89 17
6 21 55 46
6 22 96 78
6 23 85 1
6 24 3 16
6 25 18 20
6 26 74 32
6 27 30 79
6 28 13 98
6 29 26 25
6 30 69 64
6 31 25 50
6 32 7 86
6 33 69 49
6 34 72 29
6 35 2 21
6 36 8 34
6 37 73 12
6 38 65 73
6 39 85 70
6 40 2 36
6 41 38 62
6 42 20 24
6 43 7 1
6 44 84 49
6 45 99 41
6 46 12 89
6 47 30 79
6 48 91 47
6 49 57 95
6 50 57 94
6 51 15 64
6 52 3 52
6 53 20 78
6 54 1 32
6 55 21 59
6 56 58 71
6 57 62 15
6 58 68 31
6 59 75 3
6 60 23 76
6 61 39 23
6 62 27 69
6 63 9 74
6 64 39 41
6 65 88 28
6 66 22 87
6 67 81 88
6 68 8 78
6 69 31 54
6 70 3 43
6 71 36 42
6 72 77 77
6 73 12 76
6 74 20 100
6 75 32 41
6 76 88 79
6 77 53 40
6 78 82 51
6 79 85 66
6 80 57 93
6 81 53 32
6 82 34 98
6 83 48 84
6 84 70 92
6 85 66 45
6 86 47 10
6 87 7 78
6 88 38 18
6 89 17 93
6 90 100 74
6 91 33 23
6 92 37 99
6 93 86 60
6 94 29 89
6 95 84 30
6 96 73 70
6 97 57 90
6 98 33 85
6 99 99 29
6 100 80 60
7 8 15 39
7 9 77 89
7 10 41 67
7 11 30 31
7 12 13 42
7 13 90 47
7 14 21 46
7 15 3 19
7 16 43 82
7 17 59 16
7 18 59 60
7 19 77 100
7 20 93 78
7 21 63 34
7 22 86 22
7 23 34 58
7 24 61 9
7 25 66 89
7 26 75 50
7 27 70 39
7 28 44 43
7 29 24 43
7 30 77 57
7 31 37 13
7 32 1 65
7 33 17 43
7 34 47 36
7 35 62 47
7 36 41 90
7 37 1 68
7 38 93 41
7 39 46 31
7 40 100 12
7 41 64 54
7 42 19 40
7 43 50 36
7 44 83 71
7 45 21 33
7 46 86 22
7 47 15 23
7 48 69 8
7 49 85 89
7 50 13 82
7 51 67 43
7 52 22 11
7 53 61 24
7 54 36 18
7 55 29 1
7 56 52 17
7 57 15 13
7 58 76 64
7 59 5 92
7 60 96 13
7 61 95 84
7 62 23 30
7 63 61 49
7 64 79 55
7 65 92 19
7 66 64 35
7 67 19 43
7 68 60 45
7 69 53 97
7 70 37 12
7 71 13 37
7 72 25 51
7 73 39 88
7 74 61 60
7 75 76 1
7 76 90 64
7 77 54 49
7 78 6 75
7 79 75 22
7 80 98 18
7 81 66 15
7 82 3 85
7 83 68 58
7 84 9 22
7 85 99 5
7 86 47 44
7 87 65 86
7 88 8 88
7 89 51 75
7 90 90 45
7 91 64 31
7 92 42 21
7 93 8 59
7 94 89 57
7 95 100 80
7 96 83 31
7 97 53 75
7 98 71 86
7 99 64 99
7 100 22 28
8 9 21 42
8 10 64 62
8 11 84 56
8 12 81 34
8 13 21 49
8 14 36 78
8 15 2 41
8 16 94 92
8 17 17 83
8 18 40 81
8 19 61 34
8 20 88 36
8 21 98 29
8 22 98 91
8 23 35 100
8 24 31 52
8 25 68 19
8 26 11 24
8 27 8 51
8 28 54 88
8 29 95 91
8 30 71 22
8 31 22 44
8 32 17 96
8 33 94 29
8 34 59 1
8 35 79 72
8 36 61 42
8 37 89 69
8 38 58 25
8 39 48 99
8 40 33 29
8 41 91 32
8 42 25 7
8 43 2 67
8 44 75 12
8 45 24 6
8 46 2 90
8 47 28 29
8 48 91 96
8 49 75 27
8 50 65 31
8 51 58 54
8 52 43 25
8 53 59 77
8 54 48 91
8 55 42 71
8 56 29 18
8 57 29 64
8 58 81 22
8 59 22 28
8 60 58 50
8 61 36 81
8 62 75 18
8 63 57 48
8 64 58 82
8 65 38 50
8 66 30 74
8 67 50 17
8 68 41 9
8 69 69 98
8 70 12 31
8 71 77 99
8 72 25 21
8 73 98 50
8 74 9 3
8 75 17 92
8 76 75 47
8 77 97 95
8 78 31 40
8 79 34 70
8 80 92 8
8 81 25 16
8 82 84 46
8 83 14 20
8 84 8 55
8 85 62 55
8 86 77 26
8 87 77 65
8 88 69 26
8 89 16 14
8 90 69 74
8 91 54 49
8 92 57 5
8 93 45 54
8 94 6 14
8 95 97 5
8 96 83 47
8 97 69 78
8 98 16 12
8 99 77 75
8 100 69 18
9 10 2 48
9 11 6 7
9 12 97 24
9 13 8 27
9 14 60 22
9 15 91 96
9 16 93 6
9 17 83 12
9 18 19 40
9 19 77 61
9 20 91 25
9 21 83 80
9 22 45 12
9 23 65 59
9 24 7 35
9 25 47 33
9 26 50 91
9 27 14 43
9 28 47 100
9 29 19 76
9 30 5 7
9 31 66 32
9 32 60 54
9 33 17 34
9 34 6 26
9 35 52 61
9 36 38 80
9 37 50 68
9 38 66 51
9 39 88 35
9 40 82 67
9 41 78 67
9 42 89 10
9 43 100 47
9 44 81 26
9 45 26 58
9 46 68 9
9 47 23 80
9 48 74 97
9 49 48 69
9 50 73 47
9 51 72 43
9 52 37 19
9 53 24 67
9 54 76 30
9 55 37 13
9 56 88 15
9 57 60 52
9 58 84 80
9 59 49 32
9 60 32 74
9 61 17 84
9 62 25 44
9 63 93 10
9 64 26 34
9 65 9 11
9 66 27 78
9 67 3 35
9 68 98 33
9 69 16 77
9 70 32 100
9 71 54 4
9 72 45 78
9 73 30 58
9 74 20 56
9 75 21 41
9 76 22 92
9 77 6 96
9 78 10 23
9 79 16 26
9 80 45 94
9 81 50 97
9 82 38 14
9 83 85 61
9 84 61 30
9 85 8 15
9 86 46 47
9 87 27 59
9 88 55 41
9 89 78 86
9 90 87 75
9 91 45 37
9 92 46 4
9 93 48 88
9 94 46 53
9 95 30 76
9 96 17 53
9 97 9 33
9 98 14 35
9 99 35 51
9 100 17 38
10 11 54 54
10 12 92 19
10 13 94 44
10 14 53 39
10 15 9 44
10 16 45 25
10 17 78 51
10 18 54 93
10 19 69 93
10 20 91 2
10 21 37 82
10 22 87 32
10 23 14 12
10 24 42 89
10 25 49 55
10 26 66 63
10 27 48 11
10 28 17 21
10 29 30 59
10 30 10 71
10 31 18 4
10 32 87 96
10 33 75 23
10 34 30 55
10 35 72 46
10 36 4 53
10 37 63 21
10 38 91 36
10 39 8 53
10 40 38 51
10 41 5 20
10 42 29 87
10 43 60 73
10 44 8 15
10 45 57 27
10 46 56 72
10 47 60 37
10 48 41 38
10 49 50 15
10 50 59 1
10 51 57 62
10 52 5 34
10 53 63 94
10 54 72 47
10 55 83 44
10 56 23 11
10 57 44 71
10 58 5 39
10 59 67 52
10 60 7 95
10 61 54 82
10 62 23 23
10 63 73 78
10 64 28 68
10 65 17 7
10 66 86 48
10 67 60 20
10 68 88 2
10 69 78 69
10 70 11 4
10 71 36 72
10 72 37 36
10 73 51 87
10 74 35 41
10 75 44 94
10 76 35 46
10 77 92 61
10 78 32 52
10 79 84 88
10 80 82 86
10 81 61 92
10 82 85 26
10 83 53 63
10 84 78 4
10 85 20 47
10 86 57 80
10 87 43 68
10 88 82 94
10 89 26 21
10 90 46 31
10 91 43 94
10 92 7 51
10 93 28 33
10 94 94 90
10 95 13 37
10 96 35 55
10 97 31 14
10 98 81 73
10 99 76 76
10 100 81 25
11 12 57 66
11 13 97 49
11 14 51 24
11 15 83 79
11 16 51 41
11 17 36 86
11 18 52 72
11 19 92 72
11 20 71 60
11 21 68 43
11 22 31 60
11 23 40 64
11 24 90 38
11 25 18 42
11 26 98 74
11 27 30 81
11 28 51 62
11 29 52 75
11 30 86 69
11 31 94 43
11 32 54 82
11 33 5 22
11 34 75 19
11 35 77 42
11 36 65 80
11 37 5 52
11 38 24 61
11 39 13 90
11 40 57 52
11 41 58 28
11 42 3 47
11 43 86 19
11 44 69 37
11 45 66 69
11 46 58 15
11 47 13 72
11 48 63 56
11 49 64 24
11 50 71 53
11 51 13 69
11 52 46 36
11 53 47 97
11 54 95 76
11 55 52 37
11 56 69 88
11 57 60 59
11 58 95 88
11 59 94 19
11 60 2 23
11 61 35 3
11 62 57 32
11 63 36 77
11 64 63 43
11 65 66 65
11 66 62 44
11 67 10 1
11 68 20 59
11 69 44 14
11 70 74 70
11 71 57 39
11 72 86 82
11 73 89 14
11 74 80 56
11 75 67 32
11 76 92 87
11 77 43 73
11 78 23 24
11 79 20 80
11 80 66 52
11 81 87 43
11 82 78 62
11 83 83 35
11 84 76 39
11 85 90 67
11 86 5 5
11 87 79 48
11 88 56 63
11 89 55 82
11 90 68 96
11 91 27 89
11 92 46 27
11 93 7 1
11 94 10 3
11 95 17 99
11 96 32 50
11 97 22 17
11 98 80 60
11 99 80 72
11 100 19 45
12 13 64 15
12 14 1 22
12 15 32 42
12 16 28 4
12 17 60 13
12 18 68 51
12 19 30 82
12 20 35 21
12 21 22 58
12 22 7 68
12 23 71 12
12 24 28 78
12 25 71 23
12 26 56 55
12 27 51 31
12 28 37 24
12 29 34 65
12 30 55 83
12 31 30 72
12 32 17 37
12 33 58 5
12 34 81 46
12 35 58 88
12 36 5 33
12 37 53 4
12 38 73 9
12 39 33 72
12 40 99 54
12 41 22 64
12 42 23 75
12 43 48 64
12 44 64 97
12 45 89 8
12 46 3 59
12 47 10 2
12 48 64 61
12 49 93 54
12 50 32 92
12 51 57 70
12 52 2 55
12 53 18 68
12 54 31 18
12 55 19 97
12 56 97 86
12 57 82 94
12 58 47 8
12 59 28 39
12 60 12 69
12 61 35 30
12 62 7 69
12 63 44 12
12 64 22 41
12 65 45 74
12 66 30 43
12 67 2 87
12 68 85 67
12 69 14 84
12 70 62 66
12 71 55 16
12 72 9 66
12 73 63 56
12 74 56 82
12 75 32 37
12 76 6 40
12 77 42 16
12 78 74 20
12 79 49 48
12 80 74 50
12 81 23 21
12 82 15 54
12 83 98 37
12 84 20 26
12 85 43 63
12 86 54 39
12 87 39 55
12 88 80 82
12 89 10 62
12 90 6 91
12 91 74 17
12 92 86 38
12 93 51 40
12 94 40 4
12 95 80 43
12 96 63 72
12 97 80 19
12 98 84 19
12 99 55 21
12 100 25 71
13 14 9 21
13 15 96 97
13 16 88 23
13 17 71 18
13 18 93 83
13 19 65 40
13 20 87 21
13 21 39 18
13 22 73 70
13 23 36 54
13 24 5 14
13 25 82 22
13 26 49 100
13 27 53 23
13 28 77 77
13 29 16 19
13 30 16 30
13 31 96 55
13 32 14 13
13 33 94 9
13 34 30 60
13 35 60 51
13 36 69 95
13 37 69 56
13 38 39 25
13 39 57 4
13 40 64 49
13 41 29 22
13 42 56 48
13 43 57 57
13 44 88 26
13 45 41 26
13 46 82 82
13 47 76 1
13 48 43 9
13 49 6 42
13 50 66 16
13 51 63 28
13 52 52 61
13 53 28 56
13 54 11 79
13 55 31 70
13 56 14 42
13 57 47 73
13 58 66 94
13 59 81 57
13 60 62 4
13 61 39 34
13 62 9 71
13 63 82 72
13 64 21 2
13 65 95 46
13 66 83 48
13 67 39 90
13 68 17 31
13 69 63 21
13 70 3 48
13 71 26 54
13 72 30 23
13 73 59 2
13 74 60 36
13 75 4 90
13 76 65 96
13 77 17 11
13 78 75 40
13 79 1 80
13 80 47 91
13 81 71 66
13 82 77 78
13 83 31 26
13 84 23 8
13 85 69 63
13 86 13 64
13 87 85 49
13 88 55 96
13 89 24 22
13 90 97 33
13 91 82 16
13 92 86 2
13 93 66 36
13 94 75 70
13 95 68 56
13 96 66 43
13 97 39 69
13 98 59 60
13 99 18 6
13 100 15 75
14 15 72 73
14 16 93 23
14 17 75 71
14 18 70 99
14 19 63 87
14 20 23 49
14 21 41 9
14 22 92 21
14 23 49 95
14 24 97 21
14 25 80 21
14 26 55 68
14 27 56 24
14 28 75 12
14 29 49 7
14 30 16 13
14 31 39 79
14 32 76 73
14 33 23 54
14 34 54 68
14 35 72 26
14 36 57 57
14 37 34 38
14 38 36 11
14 39 81 43
14 40 66 21
14 41 3 74
14 42 71 58
14 43 8 53
14 44 30 22
14 45 89 26
14 46 25 93
14 47 28 31
14 48 77 73
14 49 28 17
14 50 74 43
14 51 61 55
14 52 30 15
14 53 63 28
14 54 72 18
14 55 76 41
14 56 94 28
14 57 42 99
14 58 73 6
14 59 38 40
14 60 44 35
14 61 3 32
14 62 43 28
14 63 37 94
14 64 84 75
14 65 76 9
14 66 31 39
14 67 62 73
14 68 43 11
14 69 47 36
14 70 2 36
14 71 38 27
14 72 100 25
14 73 70 73
14 74 61 49
14 75 88 67
14 76 35 2
14 77 56 35
14 78 19 43
14 79 94 55
14 80 8 60
14 81 77 17
14 82 50 97
14 83 94 85
14 84 69 84
14 85 18 33
14 86 31 42
14 87 26 92
14 88 7 26
14 89 16 97
14 90 91 82
14 91 16 58
14 92 84 33
14 93 60 18
14 94 32 39
14 95 100 68
14 96 21 27
14 97 18 97
14 98 11 23
14 99 36 90
14 100 93 57
15 16 14 75
15 17 65 38
15 18 85 63
15 19 82 12
15 20 69 29
15 21 6 89
15 22 85 59
15 23 70 96
15 24 58 54
15 25 63 89
15 26 86 88
15 27 49 91
15 28 5 8
15 29 98 26
15 30 72 73
15 31 9 11
15 32 47 33
15 33 42 36
15 34 54 24
15 35 18 81
15 36 45 71
15 37 97 87
15 38 59 26
15 39 69 61
15 40 24 96
15 41 27 58
15 42 41 32
15 43 34 66
15 44 44 21
15 45 93 25
15 46 5 68
15 47 52 92
15 48 46 45
15 49 26 84
15 50 89 80
15 51 60 65
15 52 82 96
15 53 98 52
15 54 46 52
15 55 86 82
15 56 36 71
15 57 7 82
15 58 41 61
15 59 90 53
15 60 42 68
15 61 48 37
15 62 1 43
15 63 98 50
15 64 39 14
15 65 17 20
15 66 39 9
15 67 60 52
15 68 36 14
15 69 99 97
15 70 87 92
15 71 74 70
15 72 31 78
15 73 95 23
15 74 4 33
15 75 24 48
15 76 25 38
15 77 88 22
15 78 42 80
15 79 12 10
15 80 5 82
15 81 7 75
15 82 83 76
15 83 33 37
15 84 80 71
15 85 18 13
15 86 9 43
15 87 73 16
15 88 47 15
15 89 60 57
15 90 14 46
15 91 58 2
15 92 33 29
15 93 6 9
15 94 33 91
15 95 29 81
15 96 59 6
15 97 30 88
15 98 30 24
15 99 96 60
15 100 54 71
16 17 57 16
16 18 10 45
16 19 58 97
16 20 53 63
16 21 64 8
16 22 34 16
16 23 53 11
16 24 65 33
16 25 36 24
16 26 95 48
16 27 17 90
16 28 41 48
16 29 6 38
16 30 76 86
16 31 20 49
16 32 26 82
16 33 99 71
16 34 96 38
16 35 34 39
16 36 99 10
16 37 23 51
16 38 49 45
16 39 6 49
16 40 74 88
16 41 24 43
16 42 48 53
16 43 51 76
16 44 49 49
16 45 64 12
16 46 2 77
16 47 63 61
16 48 90 59
16 49 77 74
16 50 59 43
16 51 45 53
16 52 17 63
16 53 49 62
16 54 6 50
16 55 33 96
16 56 44 88
16 57 30 37
16 58 20 89
16 59 15 15
16 60 60 95
16 61 43 90
16 62 42 38
16 63 94 42
16 64 49 92
16 65 13 66
16 66 12 66
16 67 24 15
16 68 26 49
16 69 23 44
16 70 91 99
16 71 49 37
16 72 54 90
16 73 69 18
16 74 20 53
16 75 40 13
16 76 39 56
16 77 42 4
16 78 86 33
16 79 24 40
16 80 100 50
16 81 85 84
16 82 96 80
16 83 91 5
16 84 4 77
16 85 30 25
16 86 85 87
16 87 7 1
16 88 64 3
16 89 16 22
16 90 51 49
16 91 48 74
16 92 50 68
16 93 33 66
16 94 27 77
16 95 94 20
16 96 62 43
16 97 56 72
16 98 80 10
16 99 89 37
16 100 44 75
17 18 3 77
17 19 43 87
17 20 98 52
17 21 39 61
17 22 87 61
17 23 41 100
17 24 19 91
17 25 52 62
17 26 17 29
17 27 44 66
17 28 45 37
17 29 59 57
17 30 17 100
17 31 62 27
17 32 29 56
17 33 27 71
17 34 96 32
17 35 61 83
17 36 16 28
17 37 9 33
17 38 3 70
17 39 54 88
17 40 36 82
17 41 77 38
17 42 95 16
17 43 79 49
17 44 100 66
17 45 85 76
17 46 56 61
17 47 39 20
17 48 3 35
17 49 73 22
17 50 29 80
17 51 41 82
17 52 88 15
17 53 76 95
17 54 35 91
17 55 63 27
17 56 43 47
17 57 1 98
17 58 35 85
17 59 85 90
17 60 100 82
17 61 89 13
17 62 67 65
17 63 4 12
17 64 70 12
17 65 33 48
17 66 70 62
17 67 55 30
17 68 39 34
17 69 15 15
17 70 57 64
17 71 52 46
17 72 32 82
17 73 2 21
17 74 81 66
17 75 10 97
17 76 43 56
17 77 88 74
17 78 58 44
17 79 27 33
17 80 5 6
17 81 27 69
17 82 96 55
17 83 43 62
17 84 64 48
17 85 78 3
17 86 68 83
17 87 74 15
17 88 43 47
17 89 67 78
17 90 93 35
17 91 10 43
17 92 43 89
17 93 42 49
17 94 4 89
17 95 85 8
17 96 24 80
17 97 48 81
17 98 43 32
17 99 9 54
17 100 38 11
18 19 43 89
18 20 33 28
18 21 49 70
18 22 19 18
18 23 42 8
18 24 36 68
18 25 9 52
18 26 11 88
18 27 62 4
18 28 15 82
18 29 35 93
18 30 78 45
18 31 62 58
18 32 94 36
18 33 63 21
18 34 90 13
18 35 25 18
18 36 56 23
18 37 40 28
18 38 18 17
18 39 17 13
18 40 80 21
18 41 22 58
18 42 43 46
18 43 28 83
18 44 86 45
18 45 8 92
18 46 28 4
18 47 52 65
18 48 8 95
18 49 77 19
18 50 91 45
18 51 81 96
18 52 42 39
18 53 80 99
18 54 13 42
18 55 40 45
18 56 10 47
18 57 89 33
18 58 2 94
18 59 61 89
18 60 64 51
18 61 41 53
18 62 53 71
18 63 15 94
18 64 43 87
18 65 25 92
18 66 4 51
18 67 79 38
18 68 55 100
18 69 12 17
18 70 26 37
18 71 93 43
18 72 66 7
18 73 48 19
18 74 22 100
18 75 33 65
18 76 38 11
18 77 27 35
18 78 52 20
18 79 20 100
18 80 49 94
18 81 21 91
18 82 9 21
18 83 71 22
18 84 99 11
18 85 93 62
18 86 49 48
18 87 64 11
18 88 68 67
18 89 5 70
18 90 54 93
18 91 61 46
18 92 23 41
18 93 31 22
18 94 82 54
18 95 41 62
18 96 15 93
18 97 70 15
18 98 100 22
18 99 96 1
18 100 34 70
19 20 60 33
19 21 1 2
19 22 30 15
19 23 29 92
19 24 70 30
19 25 31 2
19 26 12 21
19 27 22 83
19 28 86 44
19 29 32 13
19 30 98 74
19 31 50 16
19 32 88 80
19 33 56 92
19 34 94 5
19 35 18 28
19 36 34 57
19 37 41 1
19 38 72 52
19 39 17 63
19 40 30 32
19 41 15 28
19 42 44 11
19 43 99 48
19 44 53 16
19 45 61 59
19 46 22 58
19 47 1 68
19 48 98 97
19 49 70 92
19 50 14 85
19 51 7 12
19 52 63 70
19 53 52 24
19 54 89 98
19 55 73 28
19 56 78 55
19 57 69 11
19 58 92 15
19 59 37 77
19 60 37 55
19 61 73 16
19 62 27 100
19 63 94 86
19 64 77 81
19 65 72 1
19 66 34 71
19 67 8 94
19 68 87 51
19 69 9 86
19 70 43 44
19 71 36 30
19 72 100 68
19 73 83 89
19 74 83 39
19 75 81 35
19 76 11 9
19 77 41 5
19 78 63 95
19 79 54 69
19 80 14 57
19 81 13 70
19 82 52 59
19 83 5 69
19 84 55 51
19 85 90 74
19 86 98 13
19 87 31 92
19 88 93 58
19 89 68 20
19 90 11 57
19 91 50 71
19 92 40 100
19 93 97 71
19 94 3 65
19 95 53 69
19 96 81 37
19 97 97 54
19 98 51 69
19 99 81 53
19 100 3 52
20 21 34 75
20 22 87 45
20 23 53 53
20 24 13 43
20 25 1 100
20 26 25 73
20 27 70 52
20 28 95 83
20 29 9 34
20 30 61 1
20 31 1 70
20 32 87 13
20 33 65 27
20 34 49 65
20 35 68 76
20 36 74 13
20 37 3 36
20 38 35 100
20 39 27 64
20 40 66 45
20 41 57 29
20 42 100 1
20 43 75 16
20 44 94 23
20 45 95 31
20 46 92 96
20 47 77 68
20 48 16 96
20 49 8 81
20 50 21 68
20 51 99 2
20 52 52 42
20 53 43 100
20 54 98 61
20 55 61 53
20 56 74 20
20 57 16 41
20 58 35 39
20 59 40 89
20 60 97 70
20 61 55 43
20 62 65 23
20 63 29 73
20 64 27 83
20 65 13 69
20 66 85 31
20 67 37 36
20 68 79 33
20 69 21 41
20 70 30 81
20 71 86 48
20 72 17 78
20 73 65 18
20 74 85 69
20 75 10 23
20 76 15 31
20 77 74 39
20 78 57 7
20 79 86 38
20 80 4 42
20 81 48 75
20 82 22 55
20 83 36 81
20 84 36 28
20 85 93 88
20 86 75 30
20 87 98 63
20 88 91 21
20 89 32 53
20 90 63 19
20 91 81 66
20 92 58 30
20 93 100 43
20 94 24 55
20 95 65 41
20 96 88 87
20 97 1 19
20 98 76 60
20 99 27 88
20 100 46 7
21 22 94 57
21 23 11 91
21 24 87 48
21 25 59 32
21 26 55 15
21 27 93 14
21 28 3 75
21 29 64 61
21 30 19 10
21 31 14 23
21 32 39 50
21 33 86 70
21 34 31 55
21 35 92 23
21 36 2 67
21 37 68 92
21 38 94 26
21 39 83 54
21 40 40 89
21 41 87 12
21 42 63 10
21 43 2 8
21 44 78 68
21 45 60 64
21 46 83 91
21 47 7 25
21 48 12 63
21 49 73 26
21 50 9 62
21 51 75 58
21 52 12 58
21 53 100 2
21 54 61 75
21 55 51 3
21 56 83 29
21 57 3 82
21 58 46 22
21 59 56 89
21 60 35 54
21 61 54 34
21 62 79 62
21 63 44 27
21 64 22 54
21 65 66 60
21 66 16 10
21 67 59 63
21 68 88 80
21 69 64 72
21 70 72 58
21 71 39 26
21 72 28 3
21 73 32 98
21 74 63 27
21 75 28 59
21 76 39 36
21 77 99 9
21 78 30 81
21 79 10 65
21 80 96 96
21 81 34 17
21 82 2 55
21 83 87 41
21 84 3 8
21 85 73 76
21 86 83 27
21 87 3 33
21 88 30 15
21 89 49 55
21 90 77 1
21 91 42 11
21 92 95 73
21 93 42 71
21 94 43 12
21 95 50 28
21 96 25 49
21 97 36 74
21 98 42 43
21 99 26 9
21 100 2 82
22 23 47 12
22 24 89 81
22 25 61 80
22 26 98 34
22 27 11 62
22 28 82 72
22 29 13 23
22 30 31 21
22 31 17 47
22 32 68 67
22 33 50 20
22 34 72 52
22 35 6 75
22 36 71 34
22 37 27 13
22 38 59 29
22 39 45 44
22 40 80 77
22 41 18 74
22 42 1 64
22 43 72 50
22 44 47 40
22 45 50 40
22 46 68 87
22 47 53 89
22 48 72 60
22 49 92 76
22 50 44 68
22 51 73 84
22 52 4 72
22 53 30 22
22 54 25 49
22 55 57 62
22 56 51 44
22 57 29 55
22 58 88 61
22 59 58 85
22 60 37 66
22 61 28 5
22 62 72 20
22 63 16 55
22 64 3 37
22 65 69 96
22 66 89 59
22 67 36 33
22 68 48 21
22 69 49 31
22 70 5 41
22 71 28 56
22 72 15 7
22 73 75 99
22 74 65 49
22 75 28 75
22 76 1 3
22 77 94 89
22 78 65 37
22 79 58 34
22 80 64 82
22 81 88 37
22 82 91 80
22 83 99 39
22 84 20 86
22 85 71 7
22 86 10 36
22 87 53 21
22 88 11 50
22 89 57 26
22 90 63 14
22 91 13 7
22 92 80 12
22 93 15 42
22 94 92 47
22 95 13 93
22 96 64 76
22 97 65 36
22 98 6 37
22 99 6 28
22 100 50 82
23 24 21 35
23 25 72 74
23 26 63 26
23 27 75 31
23 28 5 3
23 29 43 47
23 30 16 1
23 31 74 59
23 32 88 45
23 33 95 59
23 34 95 1
23 35 35 99
23 36 38 93
23 37 56 15
23 38 2 86
23 39 65 77
23 40 70 57
23 41 62 32
23 42 50 7
23 43 94 17
23 44 64 10
23 45 40 91
23 46 46 12
23 47 30 55
23 48 56 26
23 49 30 50
23 50 2 55
23 51 70 44
23 52 87 70
23 53 44 92
23 54 29 45
23 55 82 54
23 56 32 9
23 57 27 12
23 58 97 90
23 59 14 88
23 60 76 58
23 61 9 42
23 62 68 65
23 63 39 3
23 64 91 11
23 65 65 71
23 66 7 81
23 67 37 63
23 68 38 61
23 69 30 76
23 70 70 90
23 71 75 4
23 72 68 39
23 73 53 11
23 74 64 29
23 75 29 52
23 76 5 64
23 77 54 5
23 78 63 24
23 79 37 58
23 80 73 18
23 81 36 77
23 82 59 6
23 83 47 55
23 84 29 93
23 85 50 38
23 86 23 70
23 87 78 98
23 88 75 72
23 89 45 59
23 90 1 68
23 91 49 58
23 92 20 79
23 93 20 53
23 94 53 28
23 95 49 59
23 96 25 53
23 97 80 89
23 98 3 44
23 99 57 16
23 100 36 71
24 25 51 75
24 26 72 64
24 27 8 94
24 28 13 61
24 29 54 40
24 30 84 27
24 31 5 63
24 32 1 20
24 33 74 99
24 34 44 5
24 35 57 27
24 36 59 39
24 37 9 30
24 38 17 83
24 39 3 29
24 40 100 38
24 41 99 67
24 42 7 4
24 43 82 34
24 44 17 45
24 45 89 83
24 46 10 79
24 47 27 49
24 48 95 61
24 49 38 92
24 50 13 2
24 51 64 52
24 52 84 89
24 53 64 76
24 54 46 23
24 55 21 74
24 56 66 18
24 57 87 78
24 58 61 16
24 59 3 56
24 60 52 3
24 61 27 98
24 62 69 90
24 63 85 51
24 64 38 44
24 65 97 23
24 66 98 23
24 67 100 25
24 68 41 66
24 69 78 56
24 70 27 37
24 71 74 79
24 72 39 53
24 73 86 97
24 74 40 12
24 75 22 74
24 76 65 88
24 77 26 57
24 78 51 86
24 79 3 25
24 80 74 52
24 81 4 55
24 82 56 2
24 83 1 53
24 84 9 61
24 85 71 50
24 86 81 2
24 87 63 18
24 88 91 58
24 89 60 3
24 90 43 88
24 91 38 22
24 92 66 2
24 93 82 15
24 94 21 18
24 95 24 84
24 96 39 66
24 97 36 39
24 98 16 51
24 99 74 41
24 100 87 53
25 26 66 13
25 27 2 92
25 28 97 6
25 29 44 67
25 30 46 66
25 31 66 28
25 32 62 63
25 33 34 3
25 34 96 27
25 35 81 36
25 36 27 33
25 37 4 24
25 38 99 26
25 39 3 12
25 40 1 1
25 41 29 1
25 42 63 58
25 43 60 63
25 44 60 24
25 45 8 20
25 46 50 34
25 47 36 41
25 48 30 38
25 49 57 39
25 50 24 86
25 51 48 4
25 52 56 86
25 53 34 55
25 54 3 85
25 55 95 73
25 56 60 75
25 57 18 1
25 58 55 27
25 59 62 86
25 60 10 35
25 61 79 36
25 62 25 30
25 63 22 21
25 64 38 23
25 65 32 73
25 66 74 68
25 67 7 44
25 68 32 23
25 69 92 5
25 70 73 43
25 71 59 8
25 72 27 55
25 73 23 53
25 74 47 25
25 75 5 81
25 76 2 21
25 77 67 73
25 78 98 90
25 79 60 37
25 80 72 48
25 81 37 67
25 82 53 86
25 83 99 12
25 84 5 79
25 85 14 89
25 86 32 74
25 87 91 13
25 88 96 38
25 89 65 72
25 90 68 16
25 91 54 54
25 92 33 15
25 93 18 98
25 94 19 91
25 95 83 76
25 96 54 91
25 97 4 13
25 98 8 30
25 99 15 68
25 100 39 63
26 27 1 90
26 28 35 40
26 29 82 25
26 30 48 79
26 31 62 35
26 32 96 28
26 33 46 80
26 34 28 84
26 35 2 33
26 36 82 49
26 37 44 38
26 38 48 3
26 39 47 46
26 40 54 28
26 41 55 5
26 42 83 14
26 43 21 33
26 44 68 62
26 45 23 52
26 46 74 14
26 47 96 60
26 48 17 38
26 49 88 100
26 50 10 59
26 51 72 39
26 52 29 91
26 53 42 72
26 54 10 63
26 55 64 82
26 56 8 15
26 57 94 68
26 58 87 62
26 59 81 9
26 60 20 74
26 61 61 77
26 62 55 37
26 63 61 97
26 64 58 55
26 65 11 10
26 66 92 56
26 67 44 11
26 68 41 100
26 69 99 11
26 70 78 70
26 71 31 49
26 72 68 23
26 73 4 76
26 74 26 31
26 75 37 50
26 76 69 65
26 77 83 97
26 78 68 37
26 79 5 94
26 80 88 5
26 81 12 21
26 82 77 14
26 83 94 20
26 84 16 37
26 85 40 1
26 86 71 18
26 87 41 96
26 88 35 96
26 89 100 97
26 90 64 8
26 91 7 1
26 92 21 20
26 93 3 77
26 94 37 4
26 95 6 87
26 96 68 26
26 97 96 36
26 98 76 93
26 99 3 63
26 100 17 15
27 28 66 54
27 29 56 11
27 30 43 45
27 31 91 40
27 32 68 13
27 33 15 92
27 34 22 73
27 35 50 64
27 36 42 58
27 37 61 4
27 38 8 87
27 39 51 6
27 40 4 57
27 41 82 68
27 42 34 96
27 43 36 88
27 44 32 30
27 45 94 44
27 46 97 74
27 47 88 71
27 48 69 16
27 49 20 62
27 50 52 11
27 51 15 58
27 52 17 52
27 53 81 27
27 54 91 37
27 55 42 5
27 56 67 44
27 57 20 35
27 58 66 53
27 59 48 47
27 60 29 64
27 61 55 51
27 62 79 69
27 63 5 20
27 64 100 80
27 65 68 84
27 66 11 10
27 67 100 69
27 68 17 57
27 69 74 45
27 70 76 29
27 71 47 95
27 72 91 9
27 73 53 94
27 74 43 28
27 75 78 69
27 76 78 93
27 77 64 77
27 78 26 25
27 79 87 59
27 80 56 54
27 81 89 27
27 82 5 31
27 83 87 49
27 84 87 64
27 85 58 64
27 86 54 9
27 87 69 4
27 88 48 15
27 89 1 76
27 90 49 43
27 91 62 81
27 92 73 98
27 93 63 10
27 94 99 27
27 95 78 48
27 96 35 9
27 97 76 49
27 98 35 87
27 99 18 99
27 100 13 48
28 29 68 59
28 30 11 24
28 31 94 42
28 32 38 93
28 33 88 82
28 34 36 41
28 35 11 34
28 36 13 90
28 37 77 10
28 38 18 9
28 39 90 43
28 40 38 37
28 41 24 59
28 42 72 32
28 43 100 36
28 44 79 53
28 45 41 53
28 46 34 99
28 47 36 74
28 48 59 34
28 49 84 54
28 50 79 2
28 51 40 94
28 52 42 91
28 53 37 33
28 54 63 72
28 55 17 66
28 56 92 36
28 57 94 23
28 58 45 82
28 59 6 15
28 60 81 84
28 61 86 41
28 62 4 61
28 63 80 44
28 64 63 60
28 65 14 42
28 66 76 31
28 67 81 37
28 68 23 31
28 69 2 91
28 70 84 80
28 71 36 30
28 72 9 54
28 73 22 43
28 74 90 74
28 75 52 64
28 76 64 61
28 77 8 50
28 78 39 87
28 79 1 8
28 80 11 38
28 81 87 51
28 82 18 79
28 83 43 21
28 84 77 94
28 85 54 71
28 86 2 86
28 87 25 68
28 88 81 48
28 89 19 63
28 90 23 36
28 91 98 80
28 92 27 50
28 93 2 64
28 94 25 34
28 95 97 34
28 96 59 68
28 97 9 46
28 98 12 66
28 99 35 28
28 100 73 61
29 30 15 78
29 31 76 62
29 32 85 15
29 33 24 5
29 34 22 97
29 35 33 31
29 36 12 83
29 37 78 73
29 38 27 3
29 39 58 50
29 40 55 78
29 41 96 82
29 42 35 1
29 43 93 65
29 44 20 100
29 45 7 52
29 46 89 69
29 47 61 13
29 48 20 63
29 49 61 39
29 50 31 68
29 51 38 91
29 52 10 90
29 53 18 4
29 54 44 41
29 55 82 23
29 56 24 13
29 57 37 37
29 58 57 32
29 59 72 69
29 60 12 24
29 61 96 82
29 62 10 86
29 63 12 63
29 64 29 52
29 65 47 9
29 66 99 25
29 67 40 52
29 68 65 90
29 69 60 53
29 70 69 3
29 71 36 45
29 72 25 1
29 73 30 1
29 74 93 46
29 75 41 72
29 76 60 20
29 77 12 85
29 78 21 38
29 79 41 66
29 80 86 29
29 81 76 36
29 82 53 36
29 83 46 29
29 84 29 78
29 85 23 34
29 86 29 100
29 87 4 66
29 88 85 49
29 89 38 88
29 90 47 11
29 91 61 23
29 92 52 96
29 93 80 89
29 94 63 99
29 95 77 26
29 96 9 9
29 97 42 45
29 98 69 94
29 99 52 67
29 100 30 12
30 31 72 9
30 32 74 29
30 33 14 55
30 34 45 73
30 35 40 31
30 36 98 5
30 37 53 73
30 38 87 85
30 39 28 55
30 40 68 14
30 41 45 73
30 42 69 69
30 43 67 77
30 44 13 77
30 45 84 38
30 46 94 11
30 47 22 55
30 48 13 7
30 49 27 36
30 50 33 34
30 51 94 89
30 52 64 58
30 53 37 24
30 54 14 47
30 55 25 15
30 56 26 47
30 57 12 87
30 58 80 3
30 59 44 92
30 60 63 84
30 61 37 19
30 62 5 92
30 63 38 39
30 64 78 11
30 65 15 34
30 66 29 17
30 67 91 62
30 68 31 8
30 69 18 99
30 70 63 86
30 71 21 5
30 72 78 68
30 73 12 69
30 74 12 16
30 75 56 9
30 76 76 79
30 77 95 90
30 78 71 5
30 79 15 29
30 80 93 100
30 81 8 28
30 82 98 63
30 83 26 95
30 84 15 80
30 85 61 100
30 86 48 8
30 87 19 62
30 88 9 70
30 89 72 13
30 90 15 36
30 91 91 4
30 92 64 3
30 93 16 39
30 94 95 54
30 95 41 38
30 96 57 54
30 97 20 30
30 98 89 22
30 99 74 36
30 100 39 98
31 32 54 68
31 33 34 70
31 34 36 35
31 35 25 40
31 36 81 1
31 37 63 96
31 38 51 80
31 39 91 19
31 40 44 47
31 41 45 40
31 42 22 50
31 43 33 57
31 44 63 16
31 45 81 93
31 46 58 1
31 47 9 59
31 48 24 9
31 49 85 79
31 50 18 88
31 51 18 8
31 52 40 19
31 53 74 90
31 54 93 78
31 55 67 90
31 56 72 32
31 57 62 92
31 58 72 16
31 59 25 63
31 60 9 3
31 61 34 93
31 62 75 17
31 63 13 46
31 64 48 31
31 65 16 7
31 66 29 47
31 67 8 47
31 68 49 25
31 69 54 35
31 70 92 83
31 71 3 34
31 72 76 27
31 73 10 62
31 74 9 31
31 75 71 83
31 76 44 46
31 77 72 32
31 78 85 36
31 79 100 27
31 80 84 41
31 81 14 35
31 82 30 94
31 83 39 46
31 84 47 28
31 85 60 45
31 86 30 29
31 87 50 70
31 88 54 75
31 89 56 84
31 90 23 64
31 91 64 65
31 92 21 51
31 93 39 82
31 94 32 54
31 95 10 63
31 96 60 57
31 97 21 6
31 98 39 47
31 99 17 33
31 100 34 43
32 33 76 31
32 34 35 15
32 35 39 65
32 36 91 22
32 37 49 30
32 38 90 87
32 39 11 72
32 40 84 67
32 41 82 45
32 42 57 81
32 43 73 36
32 44 82 7
32 45 43 68
32 46 27 17
32 47 91 61
32 48 30 4
32 49 1 97
32 50 21 33
32 51 13 75
32 52 66 100
32 53 24 25
32 54 77 60
32 55 52 15
32 56 69 36
32 57 42 28
32 58 75 73
32 59 76 17
32 60 71 76
32 61 28 76
32 62 70 74
32 63 89 67
32 64 64 5
32 65 95 81
32 66 42 41
32 67 75 30
32 68 47 94
32 69 36 35
32 70 37 12
32 71 69 22
32 72 37 28
32 73 77 30
32 74 8 28
32 75 52 100
32 76 67 26
32 77 47 38
32 78 26 82
32 79 44 2
32 80 64 1
32 81 39 56
32 82 98 28
32 83 30 78
32 84 100 52
32 85 9 80
32 86 6 27
32 87 19 51
32 88 33 33
32 89 7 63
32 90 48 50
32 91 1 55
32 92 12 45
32 93 81 96
32 94 40 83
32 95 12 26
32 96 7 13
32 97 77 29
32 98 16 20
32 99 83 82
32 100 60 10
33 34 58 83
33 35 41 79
33 36 41 78
33 37 15 63
33 38 36 80
33 39 51 96
33 40 5 60
33 41 92 69
33 42 22 73
33 43 65 45
33 44 17 96
33 45 39 6
33 46 2 16
33 47 67 56
33 48 90 39
33 49 27 36
33 50 8 57
33 51 93 30
33 52 78 82
33 53 26 9
33 54 83 32
33 55 75 3
33 56 51 71
33 57 99 69
33 58 16 39
33 59 25 41
33 60 65 48
33 61 65 58
33 62 26 33
33 63 17 78
33 64 11 28
33 65 93 55
33 66 52 74
33 67 33 97
33 68 52 42
33 69 28 34
33 70 52 46
33 71 28 15
33 72 90 51
33 73 76 20
33 74 89 82
33 75 75 36
33 76 14 23
33 77 64 69
33 78 95 9
33 79 53 11
33 80 82 93
33 81 77 16
33 82 86 41
33 83 73 35
33 84 17 60
33 85 70 7
33 86 88 43
33 87 18 17
33 88 61 52
33 89 4 39
33 90 12 2
33 91 35 58
33 92 78 4
33 93 57 78
33 94 30 94
33 95 1 36
33 96 41 61
33 97 18 40
33 98 23 26
33 99 64 30
33 100 34 80
34 35 1 50
34 36 13 98
34 37 46 43
34 38 95 60
34 39 85 58
34 40 96 96
34 41 96 25
34 42 16 56
34 43 50 19
34 44 74 76
34 45 40 11
34 46 85 57
34 47 100 78
34 48 94 41
34 49 48 19
34 50 94 89
34 51 34 96
34 52 64 57
34 53 72 70
34 54 55 60
34 55 28 25
34 56 19 41
34 57 41 61
34 58 81 29
34 59 14 52
34 60 92 100
34 61 25 59
34 62 58 66
34 63 94 52
34 64 50 56
34 65 14 66
34 66 10 63
34 67 52 78
34 68 74 10
34 69 14 87
34 70 63 35
34 71 27 12
34 72 52 7
34 73 4 66
34 74 46 39
34 75 8 86
34 76 11 1
34 77 2 8
34 78 97 90
34 79 69 8
34 80 59 1
34 81 21 55
34 82 43 58
34 83 72 47
34 84 38 89
34 85 9 77
34 86 69 94
34 87 84 68
34 88 79 9
34 89 26 37
34 90 100 77
34 91 13 67
34 92 20 29
34 93 12 5
34 94 50 58
34 95 99 80
34 96 76 30
34 97 23 96
34 98 25 86
34 99 50 27
34 100 37 100
35 36 72 88
35 37 26 17
35 38 94 97
35 39 66 50
35 40 87 51
35 41 64 62
35 42 79 31
35 43 86 24
35 44 38 87
35 45 71 23
35 46 80 79
35 47 65 19
35 48 37 6
35 49 4 6
35 50 33 28
35 51 71 28
35 52 72 53
35 53 40 23
35 54 73 91
35 55 8 96
35 56 20 97
35 57 87 61
35 58 77 87
35 59 79 24
35 60 27 90
35 61 62 95
35 62 68 14
35 63 60 49
35 64 47 63
35 65 47 76
35 66 97 86
35 67 64 36
35 68 47 79
35 69 44 2
35 70 37 88
35 71 55 76
35 72 57 96
35 73 100 66
35 74 70 86
35 75 5 29
35 76 20 72
35 77 52 93
35 78 19 67
35 79 25 44
35 80 31 95
35 81 68 31
35 82 10 42
35 83 4 71
35 84 86 23
35 85 19 49
35 86 20 66
35 87 52 65
35 88 70 55
35 89 46 14
35 90 24 90
35 91 53 56
35 92 74 80
35 93 39 23
35 94 12 86
35 95 20 51
35 96 11 25
35 97 98 70
35 98 74 79
35 99 7 37
35 100 21 3
36 37 72 10
36 38 80 67
36 39 75 45
36 40 82 30
36 41 88 32
36 42 35 4
36 43 72 49
36 44 67 25
36 45 20 43
36 46 8 95
36 47 95 55
36 48 3 60
36 49 58 51
36 50 13 83
36 51 18 38
36 52 51 33
36 53 2 80
36 54 44 70
36 55 43 75
36 56 100 90
36 57 20 18
36 58 19 6
36 59 99 89
36 60 25 21
36 61 28 96
36 62 41 99
36 63 58 26
36 64 60 38
36 65 35 10
36 66 79 29
36 67 5 13
36 68 83 91
36 69 52 40
36 70 25 94
36 71 51 81
36 72 35 17
36 73 11 76
36 74 3 81
36 75 27 9
36 76 18 66
36 77 4 82
36 78 34 7
36 79 56 61
36 80 40 86
36 81 29 33
36 82 16 25
36 83 70 2
36 84 62 2
36 85 44 23
36 86 47 40
36 87 79 14
36 88 2 44
36 89 77 16
36 90 54 80
36 91 70 61
36 92 12 61
36 93 15 6
36 94 83 12
36 95 40 12
36 96 83 39
36 97 28 74
36 98 37 93
36 99 78 96
36 100 71 98
37 38 25 51
37 39 83 25
37 40 23 67
37 41 38 70
37 42 80 89
37 43 44 34
37 44 30 77
37 45 93 46
37 46 6 50
37 47 74 3
37 48 66 32
37 49 34 70
37 50 95 8
37 51 89 36
37 52 47 39
37 53 66 62
37 54 38 50
37 55 43 3
37 56 61 3
37 57 100 33
37 58 8 19
37 59 86 15
37 60 65 58
37 61 22 48
37 62 4 26
37 63 87 19
37 64 68 13
37 65 66 64
37 66 12 2
37 67 89 15
37 68 61 11
37 69 97 45
37 70 20 14
37 71 56 64
37 72 41 12
37 73 96 61
37 74 45 16
37 75 76 49
37 76 82 56
37 77 17 67
37 78 82 13
37 79 70 68
37 80 22 43
37 81 85 1
37 82 88 20
37 83 95 69
37 84 30 25
37 85 58 73
37 86 68 1
37 87 6 6
37 88 64 92
37 89 43 31
37 90 85 73
37 91 9 83
37 92 79 15
37 93 61 36
37 94 59 38
37 95 87 81
37 96 59 38
37 97 62 9
37 98 89 34
37 99 62 43
37 100 30 31
38 39 53 84
38 40 84 23
38 41 85 82
38 42 6 32
38 43 60 69
38 44 27 62
38 45 3 67
38 46 98 80
38 47 82 31
38 48 99 14
38 49 19 70
38 50 48 15
38 51 29 51
38 52 92 78
38 53 75 10
38 54 91 36
38 55 3 77
38 56 71 43
38 57 32 61
38 58 10 6
38 59 45 97
38 60 18 65
38 61 74 89
38 62 35 29
38 63 85 61
38 64 53 9
38 65 78 11
38 66 44 82
38 67 89 79
38 68 15 82
38 69 43 6
38 70 5 52
38 71 67 65
38 72 63 2
38 73 55 61
38 74 77 93
38 75 95 99
38 76 20 86
38 77 34 89
38 78 44 54
38 79 74 53
38 80 46 48
38 81 98 91
38 82 27 19
38 83 79 63
38 84 76 67
38 85 71 26
38 86 10 39
38 87 51 85
38 88 88 99
38 89 94 58
38 90 22 45
38 91 84 99
38 92 18 70
38 93 20 92
38 94 87 66
38 95 42 1
38 96 73 29
38 97 61 64
38 98 66 86
38 99 69 12
38 100 45 12
39 40 5 16
39 41 41 17
39 42 41 7
39 43 1 24
39 44 48 79
39 45 13 41
39 46 82 59
39 47 13 32
39 48 70 87
39 49 37 22
39 50 63 22
39 51 58 63
39 52 29 11
39 53 5 69
39 54 39 67
39 55 74 79
39 56 34 56
39 57 46 94
39 58 48 15
39 59 14 26
39 60 41 27
39 61 24 53
39 62 80 35
39 63 1 96
39 64 63 97
39 65 11 89
39 66 70 3
39 67 46 15
39 68 50 23
39 69 94 35
39 70 89 51
39 71 50 8
39 72 89 98
39 73 96 31
39 74 94 35
39 75 37 99
39 76 84 15
39 77 83 74
39 78 40 98
39 79 66 59
39 80 63 27
39 81 91 44
39 82 19 77
39 83 7 91
39 84 68 86
39 85 14 20
39 86 79 84
39 87 72 52
39 88 89 64
39 89 45 32
39 90 1 23
39 91 8 9
39 92 37 15
39 93 40 65
39 94 28 40
39 95 27 29
39 96 58 17
39 97 2 38
39 98 86 47
39 99 65 42
39 100 48 91
40 41 47 83
40 42 87 61
40 43 43 41
40 44 56 84
40 45 18 47
40 46 16 64
40 47 91 46
40 48 93 26
40 49 92 89
40 50 76 85
40 51 43 54
40 52 9 54
40 53 82 23
40 54 63 49
40 55 3 30
40 56 38 76
40 57 67 95
40 58 74 95
40 59 78 87
40 60 68 35
40 61 41 48
40 62 98 67
40 63 46 3
40 64 72 92
40 65 97 73
40 66 61 8
40 67 23 14
40 68 19 1
40 69 71 23
40 70 88 27
40 71 39 84
40 72 43 50
40 73 44 65
40 74 30 15
40 75 30 5
40 76 19 2
40 77 27 89
40 78 38 63
40 79 44 78
40 80 39 57
40 81 49 27
40 82 84 18
40 83 31 72
40 84 17 61
40 85 93 73
40 86 89 83
40 87 81 6
40 88 75 98
40 89 7 95
40 90 94 73
40 91 80 29
40 92 13 54
40 93 3 78
40 94 90 15
40 95 29 97
40 96 61 89
40 97 49 30
40 98 45 48
40 99 42 30
40 100 58 40
41 42 14 92
41 43 46 6
41 44 25 33
41 45 99 27
41 46 93 77
41 47 77 54
41 48 38 22
41 49 78 92
41 50 47 50
41 51 85 29
41 52 56 27
41 53 93 7
41 54 95 97
41 55 40 32
41 56 80 99
41 57 64 83
41 58 40 8
41 59 62 23
41 60 57 32
41 61 28 91
41 62 33 60
41 63 51 58
41 64 2 77
41 65 72 80
41 66 75 77
41 67 38 47
41 68 36 61
41 69 29 60
41 70 72 74
41 71 89 28
41 72 62 72
41 73 52 89
41 74 60 25
41 75 67 55
41 76 27 48
41 77 82 56
41 78 59 41
41 79 56 93
41 80 67 68
41 81 36 14
41 82 62 66
41 83 76 81
41 84 28 25
41 85 6 85
41 86 52 32
41 87 89 45
41 88 33 61
41 89 71 91
41 90 27 63
41 91 56 33
41 92 8 62
41 93 35 80
41 94 50 2
41 95 19 91
41 96 43 98
41 97 28 84
41 98 63 43
41 99 32 58
41 100 6 91
42 43 42 65
42 44 73 37
42 45 8 29
42 46 47 36
42 47 38 26
42 48 59 7
42 49 60 37
42 50 69 76
42 51 42 69
42 52 20 75
42 53 49 69
42 54 61 81
42 55 14 99
42 56 66 26
42 57 30 92
42 58 92 58
42 59 85 38
42 60 78 34
42 61 83 2
42 62 53 81
42 63 95 90
42 64 58 53
42 65 90 56
42 66 6 43
42 67 96 8
42 68 12 48
42 69 22 7
42 70 97 18
42 71 30 98
42 72 75 1
42 73 8 47
42 74 36 27
42 75 7 14
42 76 79 85
42 77 64 3
42 78 95 64
42 79 85 79
42 80 78 26
42 81 82 12
42 82 60 82
42 83 18 36
42 84 67 87
42 85 47 25
42 86 53 59
42 87 2 50
42 88 81 76
42 89 53 7
42 90 84 57
42 91 96 1
42 92 91 74
42 93 96 83
42 94 67 61
42 95 47 38
42 96 48 58
42 97 30 86
42 98 27 44
42 99 70 92
42 100 89 37
43 44 42 72
43 45 8 19
43 46 94 64
43 47 96 78
43 48 93 16
43 49 89 10
43 50 32 73
43 51 4 9
43 52 21 78
43 53 62 28
43 54 88 81
43 55 82 85
43 56 49 45
43 57 50 28
43 58 19 21
43 59 97 47
43 60 81 49
43 61 72 62
43 62 20 71
43 63 19 21
43 64 17 38
43 65 28 54
43 66 36 38
43 67 13 24
43 68 96 14
43 69 21 99
43 70 17 32
43 71 37 74
43 72 54 46
43 73 1 97
43 74 25 68
43 75 34 51
43 76 74 5
43 77 75 52
43 78 94 68
43 79 63 96
43 80 16 84
43 81 89 53
43 82 86 46
43 83 57 32
43 84 51 31
43 85 24 71
43 86 79 87
43 87 98 46
43 88 8 30
43 89 4 58
43 90 52 59
43 91 80 89
43 92 45 91
43 93 64 91
43 94 28 82
43 95 29 7
43 96 48 18
43 97 24 39
43 98 8 35
43 99 4 43
43 100 76 21
44 45 14 58
44 46 68 89
44 47 37 72
44 48 84 82
44 49 43 55
44 50 100 84
44 51 83 96
44 52 35 98
44 53 63 21
44 54 49 1
44 55 64 55
44 56 17 31
44 57 47 79
44 58 72 43
44 59 68 38
44 60 24 7
44 61 67 32
44 62 77 64
44 63 98 79
44 64 25 83
44 65 55 81
44 66 73 71
44 67 60 19
44 68 32 1
44 69 80 41
44 70 80 97
44 71 86 15
44 72 24 90
44 73 17 65
44 74 80 56
44 75 60 17
44 76 46 57
44 77 82 5
44 78 57 52
44 79 78 55
44 80 77 14
44 81 66 67
44 82 91 33
44 83 11 58
44 84 2 87
44 85 31 97
44 86 42 33
44 87 91 11
44 88 76 70
44 89 53 68
44 90 49 31
44 91 77 65
44 92 65 58
44 93 59 95
44 94 64 48
44 95 37 77
44 96 65 19
44 97 46 32
44 98 66 7
44 99 73 4
44 100 67 4
45 46 89 33
45 47 83 93
45 48 90 25
45 49 85 50
45 50 38 7
45 51 39 8
45 52 4 75
45 53 76 68
45 54 80 99
45 55 25 94
45 56 37 59
45 57 38 47
45 58 87 70
45 59 46 78
45 60 1 4
45 61 6 56
45 62 92 20
45 63 44 39
45 64 31 47
45 65 32 53
45 66 87 26
45 67 7 52
45 68 62 82
45 69 32 41
45 70 13 50
45 71 63 47
45 72 40 74
45 73 19 99
45 74 96 85
45 75 41 40
45 76 92 87
45 77 74 57
45 78 20 20
45 79 39 24
45 80 92 18
45 81 20 6
45 82 59 51
45 83 90 26
45 84 12 28
45 85 15 60
45 86 27 31
45 87 38 15
45 88 62 43
45 89 86 15
45 90 6 32
45 91 55 49
45 92 47 33
45 93 13 48
45 94 48 1
45 95 99 78
45 96 31 60
45 97 12 58
45 98 50 18
45 99 26 39
45 100 87 73
46 47 93 19
46 48 78 4
46 49 24 43
46 50 92 78
46 51 43 60
46 52 2 18
46 53 53 43
46 54 96 1
46 55 7 4
46 56 3 18
46 57 59 89
46 58 26 44
46 59 12 9
46 60 80 65
46 61 44 29
46 62 11 96
46 63 21 52
46 64 46 67
46 65 33 23
46 66 23 49
46 67 68 36
46 68 77 30
46 69 39 38
46 70 39 80
46 71 77 100
46 72 55 3
46 73 5 15
46 74 96 19
46 75 13 8
46 76 54 57
46 77 61 14
46 78 17 38
46 79 60 16
46 80 15 100
46 81 16 84
46 82 69 82
46 83 47 80
46 84 45 4
46 85 47 50
46 86 48 15
46 87 72 77
46 88 93 96
46 89 33 35
46 90 27 13
46 91 43 67
46 92 93 88
46 93 54 54
46 94 29 19
46 95 51 38
46 96 70 98
46 97 29 5
46 98 54 64
46 99 98 58
46 100 99 87
47 48 42 74
47 49 61 23
47 50 3 21
47 51 68 40
47 52 89 85
47 53 41 56
47 54 33 40
47 55 7 77
47 56 56 82
47 57 49 54
47 58 98 11
47 59 41 65
47 60 85 43
47 61 49 67
47 62 37 70
47 63 61 24
47 64 16 46
47 65 34 71
47 66 76 14
47 67 26 37
47 68 86 21
47 69 29 69
47 70 52 50
47 71 76 3
47 72 34 30
47 73 83 65
47 74 81 79
47 75 86 77
47 76 31 15
47 77 60 54
47 78 61 35
47 79 35 98
47 80 35 38
47 81 54 7
47 82 96 5
47 83 15 98
47 84 34 44
47 85 94 20
47 86 95 79
47 87 28 73
47 88 36 90
47 89 72 8
47 90 2 99
47 91 95 58
47 92 23 95
47 93 53 5
47 94 34 30
47 95 33 34
47 96 65 29
47 97 37 83
47 98 9 78
47 99 36 68
47 100 88 48
48 49 32 2
48 50 8 47
48 51 94 11
48 52 54 55
48 53 91 17
48 54 88 8
48 55 52 17
48 56 31 16
48 57 6 10
48 58 56 84
48 59 68 52
48 60 8 35
48 61 75 8
48 62 70 7
48 63 26 94
48 64 85 16
48 65 92 56
48 66 79 43
48 67 21 82
48 68 41 32
48 69 95 45
48 70 42 66
48 71 55 92
48 72 1 3
48 73 99 72
48 74 58 60
48 75 92 16
48 76 20 92
48 77 64 39
48 78 43 91
48 79 66 74
48 80 40 69
48 81 69 67
48 82 94 54
48 83 18 71
48 84 84 9
48 85 5 94
48 86 10 38
48 87 63 11
48 88 56 16
48 89 16 10
48 90 52 23
48 91 18 35
48 92 27 93
48 93 9 74
48 94 8 10
48 95 46 48
48 96 5 32
48 97 84 76
48 98 94 8
48 99 35 45
48 100 60 39
49 50 83 58
49 51 58 35
49 52 32 31
49 53 79 82
49 54 2 68
49 55 52 81
49 56 85 30
49 57 23 26
49 58 59 23
49 59 57 95
49 60 67 92
49 61 31 35
49 62 49 55
49 63 10 49
49 64 30 33
49 65 17 81
49 66 96 84
49 67 7 34
49 68 78 70
49 69 72 4
49 70 3 49
49 71 51 45
49 72 25 39
49 73 14 1
49 74 43 14
49 75 82 86
49 76 5 68
49 77 19 33
49 78 22 82
49 79 18 84
49 80 26 44
49 81 62 88
49 82 85 5
49 83 58 23
49 84 1 44
49 85 36 85
49 86 25 31
49 87 3 91
49 88 50 23
49 89 34 22
49 90 21 34
49 91 12 25
49 92 48 11
49 93 48 76
49 94 87 17
49 95 68 55
49 96 56 86
49 97 14 3
49 98 42 5
49 99 5 65
49 100 65 86
50 51 55 19
50 52 94 84
50 53 75 92
50 54 36 75
50 55 88 25
50 56 19 95
50 57 63 70
50 58 59 84
50 59 9 78
50 60 42 76
50 61 75 28
50 62 34 52
50 63 89 84
50 64 1 51
50 65 70 76
50 66 87 47
50 67 27 55
50 68 50 26
50 69 28 6
50 70 89 100
50 71 94 84
50 72 32 29
50 73 17 65
50 74 30 20
50 75 16 33
50 76 49 9
50 77 86 6
50 78 87 18
50 79 74 17
50 80 19 67
50 81 84 11
50 82 5 20
50 83 85 41
50 84 33 85
50 85 26 31
50 86 87 48
50 87 41 69
50 88 34 68
50 89 69 37
50 90 71 94
50 91 80 70
50 92 20 54
50 93 35 30
50 94 45 1
50 95 47 36
50 96 35 15
50 97 63 34
50 98 53 10
50 99 15 99
50 100 45 33
51 52 48 94
51 53 57 97
51 54 27 17
51 55 72 45
51 56 40 64
51 57 70 98
51 58 90 84
51 59 35 80
51 60 48 86
51 61 1 66
51 62 74 91
51 63 23 10
51 64 97 22
51 65 73 88
51 66 99 20
51 67 34 4
51 68 44 20
51 69 59 33
51 70 37 13
51 71 33 22
51 72 27 1
51 73 98 52
51 74 31 48
51 75 81 76
51 76 45 6
51 77 32 53
51 78 92 85
51 79 92 41
51 80 1 74
51 81 8 8
51 82 54 67
51 83 30 40
51 84 34 87
51 85 54 36
51 86 36 1
51 87 90 96
51 88 58 19
51 89 85 20
51 90 69 2
51 91 38 50
51 92 3 49
51 93 93 34
51 94 38 96
51 95 78 61
51 96 19 78
51 97 62 42
51 98 8 81
51 99 49 36
51 100 21 39
52 53 41 21
52 54 45 19
52 55 16 27
52 56 47 39
52 57 67 40
52 58 30 42
52 59 63 59
52 60 5 42
52 61 24 93
52 62 8 25
52 63 89 44
52 64 9 36
52 65 45 3
52 66 12 72
52 67 86 86
52 68 11 79
52 69 90 85
52 70 52 38
52 71 47 62
52 72 91 91
52 73 35 83
52 74 67 67
52 75 88 23
52 76 74 54
52 77 87 86
52 78 65 24
52 79 1 75
52 80 89 57
52 81 49 20
52 82 35 62
52 83 21 79
52 84 20 61
52 85 32 92
52 86 45 38
52 87 87 50
52 88 56 35
52 89 80 86
52 90 93 30
52 91 44 98
52 92 98 34
52 93 13 31
52 94 40 14
52 95 37 54
52 96 87 91
52 97 64 18
52 98 13 48
52 99 19 33
52 100 33 7
53 54 23 12
53 55 89 76
53 56 85 69
53 57 53 5
53 58 48 86
53 59 86 85
53 60 98 99
53 61 91 80
53 62 5 10
53 63 47 51
53 64 32 32
53 65 30 44
53 66 58 4
53 67 48 70
53 68 37 41
53 69 14 73
53 70 98 14
53 71 19 59
53 72 51 100
53 73 39 79
53 74 65 81
53 75 30 6
53 76 95 3
53 77 90 15
53 78 32 53
53 79 59 98
53 80 25 54
53 81 49 74
53 82 47 68
53 83 92 88
53 84 78 100
53 85 61 24
53 86 39 32
53 87 71 64
53 88 99 58
53 89 59 33
53 90 42 4
53 91 78 36
53 92 28 23
53 93 79 46
53 94 58 69
53 95 36 56
53 96 61 90
53 97 5 91
53 98 12 48
53 99 69 27
53 100 94 81
54 55 60 79
54 56 19 3
54 57 68 63
54 58 88 51
54 59 91 34
54 60 32 40
54 61 95 95
54 62 51 1
54 63 24 45
54 64 51 48
54 65 96 5
54 66 71 5
54 67 85 63
54 68 57 52
54 69 99 18
54 70 3 43
54 71 31 67
54 72 51 42
54 73 81 98
54 74 12 39
54 75 94 32
54 76 9 44
54 77 33 76
54 78 9 13
54 79 40 57
54 80 63 65
54 81 2 24
54 82 99 83
54 83 99 38
54 84 52 47
54 85 64 40
54 86 13 45
54 87 16 14
54 88 43 89
54 89 28 29
54 90 15 6
54 91 62 52
54 92 93 48
54 93 100 43
54 94 22 69
54 95 56 60
54 96 67 48
54 97 19 40
54 98 71 9
54 99 59 30
54 100 62 28
55 56 100 33
55 57 18 45
55 58 52 26
55 59 2 43
55 60 65 63
55 61 71 27
55 62 50 35
55 63 96 79
55 64 58 53
55 65 78 71
55 66 88 45
55 67 41 46
55 68 42 90
55 69 90 82
55 70 89 36
55 71 21 40
55 72 18 46
55 73 96 64
55 74 64 69
55 75 58 27
55 76 80 47
55 77 58 32
55 78 78 73
55 79 94 37
55 80 67 23
55 81 56 89
55 82 29 69
55 83 82 49
55 84 18 78
55 85 6 33
55 86 78 85
55 87 8 61
55 88 61 15
55 89 70 36
55 90 76 56
55 91 10 36
55 92 7 14
55 93 50 5
55 94 65 1
55 95 91 91
55 96 48 3
55 97 13 37
55 98 81 44
55 99 51 10
55 100 76 45
56 57 30 9
56 58 34 30
56 59 55 37
56 60 98 80
56 61 93 92
56 62 27 32
56 63 37 43
56 64 36 52
56 65 72 1
56 66 51 67
56 67 6 98
56 68 89 96
56 69 61 45
56 70 84 34
56 71 91 21
56 72 94 5
56 73 83 41
56 74 89 44
56 75 17 66
56 76 53 51
56 77 51 85
56 78 96 61
56 79 46 100
56 80 29 29
56 81 74 45
56 82 31 7
56 83 35 3
56 84 34 76
56 85 44 18
56 86 13 68
56 87 77 73
56 88 17 39
56 89 70 86
56 90 25 44
56 91 30 40
56 92 62 65
56 93 92 9
56 94 81 35
56 95 33 60
56 96 1 83
56 97 25 81
56 98 10 64
56 99 48 44
56 100 27 39
57 58 14 42
57 59 77 89
57 60 66 88
57 61 89 41
57 62 26 100
57 63 80 75
57 64 79 20
57 65 44 23
57 66 39 84
57 67 66 1
57 68 24 97
57 69 51 73
57 70 29 99
57 71 96 37
57 72 46 91
57 73 53 62
57 74 79 68
57 75 23 64
57 76 51 47
57 77 16 23
57 78 36 19
57 79 11 18
57 80 6 8
57 81 75 55
57 82 83 65
57 83 56 25
57 84 97 43
57 85 89 50
57 86 49 1
57 87 1 77
57 88 25 79
57 89 66 43
57 90 43 71
57 91 11 66
57 92 72 24
57 93 25 49
57 94 85 27
57 95 93 73
57 96 34 37
57 97 23 93
57 98 41 59
57 99 87 10
57 100 25 90
58 59 63 73
58 60 4 92
58 61 4 86
58 62 72 71
58 63 87 12
58 64 71 57
58 65 45 21
58 66 79 46
58 67 38 66
58 68 25 67
58 69 16 89
58 70 51 8
58 71 79 6
58 72 88 35
58 73 71 72
58 74 88 55
58 75 94 34
58 76 33 98
58 77 24 83
58 78 50 42
58 79 12 96
58 80 39 40
58 81 41 62
58 82 17 33
58 83 8 55
58 84 79 14
58 85 58 51
58 86 27 41
58 87 77 55
58 88 72 84
58 89 62 90
58 90 1 78
58 91 58 74
58 92 57 29
58 93 51 92
58 94 32 13
58 95 96 84
58 96 88 42
58 97 14 47
58 98 4 36
58 99 16 64
58 100 77 19
59 60 16 1
59 61 40 84
59 62 30 47
59 63 63 40
59 64 10 38
59 65 3 7
59 66 91 61
59 67 68 83
59 68 53 35
59 69 98 2
59 70 12 77
59 71 23 88
59 72 22 59
59 73 78 57
59 74 36 91
59 75 16 7
59 76 43 18
59 77 62 33
59 78 76 55
59 79 37 23
59 80 55 74
59 81 45 40
59 82 56 74
59 83 45 21
59 84 6 88
59 85 16 77
59 86 49 54
59 87 34 89
59 88 6 90
59 89 55 65
59 90 33 71
59 91 47 39
59 92 6 31
59 93 65 26
59 94 16 36
59 95 79 24
59 96 5 76
59 97 20 78
59 98 81 37
59 99 67 25
59 100 58 86
60 61 45 33
60 62 62 20
60 63 61 65
60 64 12 11
60 65 11 91
60 66 46 50
60 67 93 27
60 68 54 74
60 69 6 78
60 70 33 33
60 71 3 24
60 72 93 36
60 73 91 62
60 74 13 72
60 75 2 14
60 76 66 15
60 77 10 79
60 78 82 4
60 79 51 20
60 80 28 16
60 81 48 43
60 82 53 83
60 83 20 72
60 84 61 23
60 85 12 87
60 86 2 94
60 87 56 73
60 88 56 61
60 89 98 17
60 90 55 93
60 91 72 22
60 92 65 30
60 93 25 93
60 94 59 53
60 95 52 2
60 96 2 30
60 97 27 42
60 98 2 41
60 99 92 13
60 100 23 34
61 62 71 36
61 63 19 18
61 64 59 58
61 65 4 20
61 66 74 51
61 67 59 20
61 68 38 8
61 69 21 55
61 70 43 87
61 71 80 22
61 72 25 29
61 73 9 50
61 74 66 78
61 75 21 80
61 76 40 91
61 77 2 5
61 78 26 63
61 79 78 83
61 80 99 91
61 81 74 92
61 82 71 3
61 83 60 61
61 84 51 25
61 85 96 57
61 86 34 34
61 87 48 49
61 88 86 19
61 89 21 9
61 90 1 4
61 91 93 81
61 92 7 70
61 93 42 50
61 94 2 19
61 95 93 21
61 96 64 3
61 97 95 8
61 98 80 58
61 99 6 50
61 100 20 81
62 63 29 52
62 64 9 8
62 65 85 42
62 66 15 12
62 67 76 41
62 68 57 58
62 69 48 25
62 70 45 30
62 71 78 70
62 72 27 34
62 73 80 1
62 74 79 58
62 75 24 33
62 76 99 84
62 77 62 52
62 78 17 86
62 79 63 17
62 80 84 70
62 81 35 26
62 82 10 62
62 83 99 26
62 84 61 87
62 85 4 5
62 86 94 15
62 87 66 52
62 88 89 69
62 89 69 75
62 90 86 61
62 91 63 20
62 92 90 13
62 93 32 90
62 94 71 93
62 95 11 36
62 96 2 24
62 97 65 66
62 98 23 31
62 99 4 69
62 100 16 47
63 64 48 96
63 65 99 19
63 66 56 46
63 67 94 56
63 68 22 69
63 69 94 50
63 70 32 40
63 71 40 62
63 72 16 48
63 73 85 45
63 74 59 99
63 75 15 41
63 76 89 46
63 77 84 3
63 78 22 76
63 79 12 7
63 80 15 60
63 81 38 43
63 82 46 33
63 83 42 76
63 84 47 61
63 85 85 100
63 86 48 47
63 87 53 94
63 88 12 78
63 89 78 9
63 90 59 77
63 91 7 30
63 92 21 96
63 93 42 96
63 94 64 56
63 95 27 27
63 96 87 13
63 97 82 2
63 98 69 88
63 99 43 58
63 100 52 93
64 65 96 27
64 66 31 89
64 67 21 75
64 68 81 35
64 69 27 40
64 70 45 91
64 71 38 80
64 72 88 52
64 73 87 34
64 74 67 67
64 75 89 62
64 76 84 88
64 77 79 66
64 78 75 26
64 79 83 32
64 80 58 19
64 81 48 2
64 82 64 48
64 83 72 73
64 84 39 66
64 85 94 25
64 86 17 39
64 87 42 86
64 88 54 73
64 89 29 20
64 90 2 38
64 91 22 97
64 92 26 22
64 93 91 58
64 94 12 94
64 95 77 7
64 96 14 99
64 97 69 98
64 98 4 87
64 99 49 15
64 100 64 23
65 66 79 28
65 67 18 61
65 68 18 90
65 69 76 25
65 70 86 99
65 71 97 95
65 72 100 73
65 73 4 6
65 74 70 25
65 75 22 7
65 76 14 73
65 77 58 18
65 78 52 10
65 79 64 44
65 80 20 47
65 81 19 81
65 82 93 96
65 83 62 54
65 84 74 92
65 85 25 75
65 86 72 7
65 87 71 48
65 88 79 51
65 89 87 36
65 90 38 72
65 91 9 70
65 92 63 32
65 93 82 11
65 94 96 11
65 95 33 6
65 96 92 21
65 97 88 80
65 98 32 81
65 99 16 70
65 100 86 94
66 67 79 73
66 68 52 90
66 69 47 67
66 70 52 89
66 71 29 73
66 72 38 55
66 73 31 99
66 74 19 87
66 75 76 36
66 76 98 41
66 77 19 15
66 78 97 8
66 79 78 61
66 80 19 58
66 81 22 99
66 82 80 39
66 83 36 99
66 84 60 43
66 85 44 54
66 86 28 14
66 87 33 99
66 88 17 36
66 89 73 89
66 90 70 70
66 91 69 38
66 92 51 16
66 93 66 4
66 94 30 56
66 95 75 41
66 96 77 27
66 97 24 69
66 98 4 66
66 99 17 52
66 100 100 99
67 68 9 73
67 69 33 75
67 70 74 18
67 71 7 64
67 72 36 23
67 73 54 72
67 74 45 71
67 75 75 16
67 76 91 49
67 77 13 67
67 78 80 2
67 79 2 15
67 80 82 47
67 81 64 68
67 82 41 70
67 83 45 65
67 84 26 73
67 85 52 67
67 86 1 17
67 87 12 2
67 88 51 25
67 89 24 4
67 90 81 30
67 91 72 25
67 92 78 57
67 93 76 67
67 94 16 62
67 95 23 66
67 96 29 26
67 97 69 68
67 98 27 56
67 99 67 8
67 100 88 16
68 69 87 66
68 70 76 83
68 71 71 31
68 72 12 45
68 73 55 9
68 74 49 74
68 75 49 26
68 76 82 100
68 77 88 89
68 78 12 77
68 79 89 70
68 80 45 59
68 81 38 64
68 82 75 32
68 83 32 96
68 84 35 4
68 85 60 83
68 86 61 80
68 87 62 78
68 88 9 81
68 89 76 95
68 90 11 20
68 91 84 81
68 92 96 78
68 93 16 24
68 94 59 48
68 95 87 95
68 96 25 1
68 97 67 74
68 98 20 78
68 99 26 39
68 100 80 73
69 70 99 76
69 71 37 47
69 72 24 52
69 73 99 86
69 74 18 96
69 75 87 28
69 76 89 31
69 77 97 30
69 78 76 83
69 79 70 100
69 80 42 78
69 81 6 24
69 82 49 68
69 83 85 31
69 84 27 34
69 85 18 57
69 86 97 45
69 87 61 29
69 88 44 55
69 89 2 51
69 90 8 47
69 91 12 44
69 92 17 91
69 93 43 13
69 94 40 6
69 95 95 14
69 96 93 81
69 97 99 10
69 98 11 52
69 99 25 20
69 100 100 42
70 71 91 95
70 72 67 6
70 73 48 49
70 74 80 31
70 75 83 48
70 76 73 40
70 77 32 46
70 78 47 93
70 79 35 1
70 80 27 4
70 81 69 11
70 82 31 17
70 83 31 30
70 84 53 24
70 85 19 89
70 86 2 36
70 87 63 60
70 88 67 73
70 89 97 41
70 90 32 55
70 91 95 21
70 92 81 95
70 93 67 64
70 94 83 47
70 95 28 45
70 96 5 59
70 97 89 96
70 98 27 2
70 99 2 2
70 100 76 87
71 72 43 89
71 73 17 7
71 74 72 60
71 75 20 23
71 76 99 83
71 77 42 7
71 78 14 73
71 79 80 63
71 80 98 76
71 81 34 35
71 82 13 25
71 83 81 4
71 84 43 75
71 85 59 90
71 86 12 36
71 87 54 53
71 88 60 75
71 89 57 25
71 90 69 55
71 91 33 78
71 92 66 93
71 93 98 89
71 94 77 18
71 95 89 60
71 96 93 57
71 97 53 2
71 98 57 90
71 99 64 60
71 100 70 73
72 73 24 77
72 74 11 64
72 75 40 77
72 76 94 24
72 77 26 6
72 78 20 47
72 79 27 48
72 80 52 99
72 81 9 25
72 82 14 94
72 83 44 1
72 84 30 31
72 85 30 24
72 86 5 85
72 87 51 65
72 88 83 16
72 89 72 69
72 90 3 6
72 91 79 66
72 92 6 95
72 93 6 79
72 94 62 59
72 95 82 54
72 96 94 95
72 97 77 77
72 98 54 50
72 99 20 28
72 100 93 10
73 74 61 70
73 75 69 81
73 76 50 20
73 77 91 32
73 78 94 61
73 79 71 36
73 80 38 7
73 81 40 59
73 82 46 12
73 83 23 73
73 84 95 72
73 85 68 35
73 86 10 27
73 87 88 68
73 88 19 35
73 89 24 36
73 90 57 27
73 91 44 65
73 92 50 97
73 93 12 55
73 94 72 88
73 95 100 21
73 96 8 94
73 97 27 36
73 98 45 37
73 99 81 24
73 100 31 17
74 75 13 65
74 76 38 3
74 77 100 1
74 78 6 60
74 79 21 6
74 80 91 96
74 81 81 95
74 82 83 84
74 83 77 70
74 84 56 19
74 85 66 31
74 86 4 24
74 87 96 98
74 88 88 82
74 89 89 98
74 90 38 30
74 91 71 39
74 92 5 52
74 93 99 17
74 94 57 89
74 95 7 9
74 96 42 38
74 97 7 83
74 98 55 45
74 99 57 86
74 100 71 60
75 76 52 54
75 77 61 44
75 78 76 3
75 79 64 36
75 80 62 30
75 81 92 52
75 82 81 52
75 83 39 48
75 84 99 17
75 85 25 19
75 86 48 19
75 87 23 50
75 88 65 79
75 89 58 4
75 90 48 44
75 91 75 63
75 92 46 24
75 93 71 12
75 94 14 98
75 95 83 8
75 96 62 59
75 97 100 76
75 98 28 67
75 99 10 50
75 100 66 44
76 77 43 29
76 78 24 6
76 79 25 42
76 80 20 21
76 81 53 60
76 82 20 20
76 83 88 16
76 84 67 38
76 85 50 5
76 86 76 76
76 87 47 47
76 88 12 65
76 89 19 56
76 90 54 99
76 91 39 68
76 92 40 42
76 93 6 17
76 94 35 54
76 95 32 61
76 96 82 45
76 97 49 20
76 98 48 71
76 99 1 30
76 100 81 9
77 78 61 22
77 79 84 94
77 80 14 8
77 81 12 91
77 82 88 2
77 83 95 99
77 84 38 8
77 85 27 80
77 86 12 16
77 87 24 37
77 88 22 43
77 89 17 100
77 90 27 47
77 91 82 49
77 92 78 56
77 93 92 43
77 94 43 62
77 95 96 56
77 96 62 98
77 97 19 89
77 98 65 10
77 99 65 41
77 100 22 65
78 79 17 44
78 80 67 79
78 81 46 38
78 82 75 84
78 83 78 89
78 84 95 9
78 85 29 9
78 86 30 9
78 87 57 51
78 88 40 41
78 89 69 4
78 90 38 82
78 91 30 51
78 92 58 7
78 93 99 92
78 94 65 63
78 95 67 33
78 96 1 63
78 97 22 85
78 98 22 75
78 99 54 91
78 100 28 9
79 80 55 86
79 81 48 16
79 82 98 77
79 83 8 98
79 84 65 19
79 85 56 88
79 86 5 46
79 87 80 35
79 88 63 21
79 89 67 77
79 90 94 87
79 91 43 77
79 92 18 55
79 93 6 98
79 94 28 72
79 95 44 93
79 96 85 67
79 97 17 39
79 98 72 72
79 99 94 87
79 100 8 23
80 81 48 14
80 82 49 57
80 83 60 49
80 84 100 27
80 85 52 31
80 86 62 22
80 87 36 39
80 88 45 37
80 89 74 11
80 90 13 59
80 91 78 73
80 92 46 90
80 93 99 57
80 94 13 89
80 95 64 46
80 96 2 54
80 97 44 90
80 98 3 39
80 99 38 23
80 100 98 84
81 82 29 82
81 83 13 62
81 84 26 9
81 85 6 46
81 86 18 73
81 87 61 61
81 88 8 31
81 89 26 49
81 90 74 80
81 91 76 68
81 92 18 14
81 93 22 89
81 94 53 63
81 95 37 71
81 96 58 72
81 97 16 99
81 98 70 87
81 99 35 48
81 100 39 48
82 83 25 6
82 84 94 46
82 85 73 30
82 86 80 98
82 87 9 91
82 88 80 75
82 89 76 96
82 90 14 51
82 91 76 80
82 92 6 10
82 93 11 27
82 94 59 67
82 95 56 72
82 96 74 44
82 97 96 38
82 98 76 2
82 99 88 8
82 100 90 99
83 84 78 42
83 85 21 50
83 86 45 90
83 87 68 70
83 88 46 54
83 89 75 89
83 90 80 2
83 91 100 31
83 92 69 43
83 93 8 28
83 94 27 12
83 95 40 48
83 96 32 26
83 97 2 14
83 98 64 7
83 99 33 36
83 100 57 35
84 85 57 91
84 86 69 42
84 87 56 42
84 88 85 56
84 89 95 79
84 90 65 39
84 91 25 84
84 92 2 39
84 93 15 35
84 94 70 6
84 95 37 81
84 96 89 28
84 97 62 5
84 98 13 48
84 99 77 51
84 100 74 13
85 86 10 90
85 87 62 48
85 88 17 23
85 89 15 72
85 90 54 64
85 91 12 71
85 92 25 84
85 93 32 34
85 94 93 11
85 95 8 59
85 96 77 87
85 97 8 10
85 98 54 15
85 99 91 26
85 100 29 43
86 87 49 76
86 88 4 95
86 89 55 44
86 90 83 4
86 91 73 11
86 92 27 91
86 93 83 2
86 94 52 85
86 95 81 43
86 96 64 78
86 97 7 30
86 98 32 91
86 99 46 43
86 100 29 97
87 88 73 96
87 89 76 48
87 90 51 7
87 91 92 47
87 92 74 76
87 93 35 78
87 94 56 65
87 95 41 53
87 96 36 39
87 97 1 86
87 98 70 46
87 99 18 45
87 100 59 14
88 89 64 75
88 90 12 3
88 91 93 94
88 92 61 13
88 93 99 54
88 94 62 96
88 95 57 63
88 96 56 92
88 97 76 78
88 98 21 51
88 99 59 32
88 100 26 84
89 90 93 13
89 91 28 69
89 92 82 2
89 93 100 69
89 94 18 96
89 95 37 58
89 96 29 71
89 97 72 58
89 98 63 7
89 99 62 43
89 100 78 99
90 91 64 47
90 92 2 76
90 93 89 70
90 94 38 73
90 95 82 29
90 96 67 78
90 97 71 43
90 98 15 36
90 99 40 60
90 100 64 20
91 92 70 52
91 93 46 44
91 94 87 43
91 95 91 71
91 96 44 44
91 97 82 46
91 98 99 54
91 99 39 12
91 100 4 28
92 93 56 84
92 94 50 7
92 95 97 55
92 96 31 66
92 97 3 19
92 98 68 62
92 99 96 92
92 100 73 6
93 94 54 10
93 95 93 13
93 96 42 91
93 97 94 13
93 98 16 85
93 99 47 32
93 100 62 92
94 95 90 58
94 96 67 23
94 97 80 3
94 98 11 58
94 99 75 59
94 100 27 6
95 96 25 5
95 97 94 12
95 98 100 71
95 99 60 84
95 100 76 54
96 97 4 72
96 98 44 46
96 99 53 37
96 100 18 40
97 98 52 5
97 99 17 96
97 100 52 91
98 99 67 21
98 100 14 97
99 100 88 65