100
14
8
25
63
17
7
100
65
82
26
55
87
14
20
86
29
37
50
5
4
68
72
90
76
70
34
43
93
8
15
45
99
41
40
71
27
89
1 2 47 29
1 3 60 12
1 4 86 33
1 5 8 72
1 6 71 3
1 7 26 96
1 8 38 59
1 9 75 56
1 10 85 88
1 11 71 65
1 12 88 96
1 13 99 30
1 14 53 72
1 15 18 11
1 16 5 72
1 17 1 32
1 18 56 96
1 19 60 82
1 20 77 23
1 21 26 80
1 22 47 97
1 23 79 93
1 24 42 10
1 25 60 12
1 26 52 39
1 27 53 28
1 28 4 15
1 29 18 72
1 30 21 67
1 31 83 60
1 32 31 35
1 33 72 20
1 34 100 26
1 35 20 74
1 36 51 7
1 37 46 2
1 38 30 45
1 39 99 59
1 40 31 47
1 41 70 28
1 42 52 39
1 43 10 26
1 44 32 66
1 45 22 25
1 46 77 42
1 47 66 82
1 48 99 89
1 49 55 19
1 50 89 43
1 51 7 22
1 52 31 76
1 53 93 54
1 54 81 65
1 55 82 77
1 56 11 42
1 57 14 23
1 58 18 3
1 59 69 21
1 60 23 96
1 61 65 9
1 62 97 49
1 63 9 33
1 64 63 6
1 65 9 58
1 66 65 3
1 67 79 77
1 68 9 69
1 69 70 77
1 70 80 56
1 71 17 61
1 72 27 34
1 73 64 11
1 74 47 68
1 75 37 78
1 76 90 38
1 77 23 46
1 78 10 44
1 79 65 86
1 80 60 76
1 81 89 58
1 82 66 93
1 83 28 27
1 84 92 62
1 85 32 56
1 86 99 60
1 87 99 58
1 88 97 79
1 89 1 41
1 90 46 50
1 91 52 62
1 92 79 94
1 93 93 74
1 94 97 30
1 95 69 60
1 96 13 60
1 97 91 8
1 98 94 82
1 99 29 46
1 100 43 68
2 3 12 94
2 4 16 45
2 5 76 61
2 6 54 7
2 7 84 8
2 8 80 97
2 9 59 75
2 10 65 74
2 11 4 47
2 12 57 23
2 13 66 12
2 14 70 14
2 15 25 82
2 16 22 91
2 17 70 17
2 18 23 71
2 19 94 39
2 20 15 70
2 21 56 74
2 22 100 42
2 23 94 20
2 24 95 90
2 25 12 93
2 26 92 29
2 27 73 9
2 28 84 62
2 29 42 5
2 30 40 4
2 31 48 50
2 32 46 34
2 33 69 34
2 34 99 25
2 35 85 58
2 36 25 10
2 37 16 46
2 38 44 53
2 39 56 78
2 40 91 31
2 41 44 50
2 42 29 79
2 43 79 33
2 44 57 42
2 45 65 57
2 46 30 81
2 47 62 89
2 48 39 10
2 49 8 6
2 50 8 89
2 51 8 96
2 52 83 8
2 53 84 41
2 54 13 1
2 55 60 2
2 56 24 44
2 57 40 28
2 58 41 31
2 59 83 64
2 60 25 37
2 61 15 12
2 62 94 30
2 63 33 50
2 64 52 33
2 65 53 7
2 66 30 77
2 67 18 56
2 68 64 41
2 69 55 41
2 70 18 64
2 71 8 15
2 72 76 62
2 73 29 40
2 74 41 47
2 75 23 2
2 76 35 13
2 77 60 61
2 78 20 23
2 79 68 41
2 80 98 60
2 81 5 98
2 82 61 46
2 83 45 96
2 84 96 52
2 85 22 89
2 86 67 88
2 87 38 72
2 88 63 11
2 89 68 70
2 90 74 42
2 91 45 37
2 92 19 27
2 93 15 52
2 94 78 98
2 95 93 20
2 96 100 3
2 97 22 33
2 98 1 50
2 99 18 39
2 100 18 90
3 4 64 18
3 5 99 42
3 6 93 69
3 7 36 63
3 8 54 69
3 9 99 13
3 10 68 7
3 11 97 45
3 12 63 22
3 13 31 32
3 14 44 73
3 15 5 89
3 16 17 69
3 17 16 16
3 18 59 3
3 19 64 95
3 20 53 4
3 21 79 15
3 22 22 8
3 23 8 55
3 24 24 93
3 25 97 12
3 26 60 23
3 27 56 81
3 28 27 1
3 29 87 29
3 30 8 79
3 31 24 59
3 32 79 54
3 33 59 66
3 34 65 63
3 35 22 7
3 36 53 98
3 37 49 68
3 38 33 91
3 39 8 23
3 40 12 66
3 41 66 73
3 42 41 39
3 43 39 56
3 44 20 2
3 45 27 59
3 46 82 61
3 47 35 69
3 48 94 67
3 49 16 99
3 50 87 90
3 51 5 50
3 52 100 7
3 53 23 40
3 54 18 61
3 55 36 12
3 56 83 39
3 57 19 84
3 58 3 26
3 59 91 63
3 60 42 25
3 61 53 97
3 62 6 99
3 63 1 66
3 64 21 50
3 65 87 41
3 66 29 68
3 67 76 68
3 68 50 80
3 69 4 4
3 70 92 99
3 71 44 35
3 72 81 26
3 73 11 87
3 74 71 92
3 75 54 90
3 76 27 13
3 77 90 98
3 78 77 13
3 79 14 15
3 80 62 36
3 81 4 58
3 82 55 60
3 83 10 15
3 84 19 61
3 85 31 14
3 86 42 96
3 87 74 31
3 88 65 89
3 89 32 27
3 90 58 48
3 91 26 57
3 92 57 99
3 93 30 55
3 94 24 85
3 95 5 44
3 96 35 53
3 97 84 3
3 98 90 24
3 99 91 18
3 100 27 54
4 5 75 4
4 6 26 89
4 7 89 28
4 8 40 6
4 9 100 70
4 10 100 21
4 11 43 76
4 12 86 50
4 13 59 66
4 14 52 2
4 15 35 79
4 16 56 47
4 17 21 7
4 18 3 88
4 19 62 3
4 20 73 24
4 21 29 59
4 22 24 93
4 23 15 79
4 24 11 35
4 25 22 80
4 26 17 76
4 27 27 29
4 28 69 46
4 29 65 33
4 30 57 93
4 31 51 10
4 32 16 63
4 33 71 33
4 34 7 96
4 35 51 29
4 36 55 34
4 37 45 31
4 38 9 2
4 39 2 11
4 40 36 23
4 41 9 18
4 42 39 52
4 43 36 14
4 44 4 1
4 45 43 69
4 46 91 97
4 47 53 95
4 48 79 83
4 49 16 12
4 50 82 9
4 51 20 86
4 52 50 33
4 53 37 96
4 54 50 16
4 55 92 25
4 56 43 52
4 57 73 53
4 58 28 28
4 59 46 95
4 60 8 69
4 61 21 50
4 62 1 81
4 63 89 97
4 64 27 25
4 65 83 56
4 66 91 35
4 67 33 37
4 68 41 24
4 69 87 25
4 70 68 65
4 71 23 10
4 72 38 21
4 73 31 67
4 74 99 54
4 75 81 2
4 76 71 41
4 77 43 63
4 78 6 64
4 79 18 72
4 80 58 13
4 81 34 16
4 82 11 30
4 83 94 40
4 84 28 63
4 85 95 7
4 86 49 24
4 87 54 41
4 88 44 21
4 89 93 93
4 90 51 100
4 91 23 35
4 92 97 60
4 93 72 59
4 94 95 3
4 95 47 69
4 96 46 15
4 97 32 41
4 98 88 87
4 99 4 14
4 100 4 30
5 6 49 77
5 7 16 85
5 8 65 48
5 9 42 37
5 10 17 85
5 11 64 17
5 12 16 11
5 13 73 24
5 14 37 12
5 15 40 53
5 16 12 58
5 17 98 68
5 18 80 92
5 19 47 65
5 20 54 42
5 21 34 99
5 22 23 30
5 23 20 7
5 24 91 39
5 25 76 68
5 26 75 43
5 27 59 62
5 28 15 42
5 29 27 33
5 30 62 8
5 31 82 67
5 32 62 68
5 33 45 93
5 34 86 32
5 35 74 39
5 36 46 96
5 37 41 100
5 38 2 8
5 39 86 85
5 40 3 78
5 41 48 47
5 42 11 24
5 43 5 68
5 44 12 8
5 45 88 11
5 46 74 51
5 47 78 66
5 48 1 66
5 49 36 43
5 50 22 34
5 51 53 15
5 52 16 55
5 53 11 9
5 54 97 57
5 55 76 64
5 56 50 33
5 57 18 91
5 58 56 85
5 59 89 20
5 60 38 19
5 61 32 84
5 62 61 4
5 63 24 86
5 64 58 42
5 65 58 24
5 66 60 85
5 67 53 48
5 68 56 45
5 69 13 91
5 70 16 7
5 71 26 88
5 72 37 100
5 73 88 9
5 74 44 35
5 75 16 67
5 76 53 84
5 77 45 16
5 78 69 53
5 79 34 37
5 80 44 19
5 81 92 1
5 82 55 60
5 83 9 32
5 84 43 30
5 85 62 24
5 86 58 95
5 87 10 81
5 88 93 5
5 89 14 90
5 90 82 94
5 91 58 66
5 92 59 23
5 93 89 34
5 94 14 3
5 95 54 87
5 96 91 88
5 97 80 27
5 98 69 50
5 99 90 63
5 100 12 53
6 7 56 55
6 8 90 56
6 9 49 14
6 10 61 24
6 11 6 58
6 12 41 60
6 13 11 45
6 14 80 67
6 15 78 12
6 16 60 38
6 17 37 93
6 18 6 90
6 19 50 8
6 20 76 57
6 21 14 67
6 22 31 26
6 23 39 70
6 24 91 42
6 25 65 46
6 26 29 20
6 27 87 94
6 28 50 77
6 29 51 67
6 30 57 44
6 31 83 80
6 32 19 25
6 33 87 45
6 34 76 96
6 35 72 97
6 36 5 84
6 37 100 17
6 38 71 97
6 39 22 33
6 40 45 70
6 41 39 4
6 42 85 60
6 43 13 38
6 44 36 81
6 45 62 17
6 46 12 88
6 47 3 96
6 48 15 45
6 49 57 49
6 50 23 94
6 51 50 75
6 52 64 27
6 53 91 22
6 54 10 3
6 55 7 28
6 56 28 52
6 57 62 49
6 58 82 72
6 59 90 60
6 60 83 100
6 61 7 82
6 62 1 4
6 63 36 65
6 64 12 62
6 65 80 72
6 66 15 91
6 67 96 97
6 68 32 68
6 69 58 70
6 70 81 58
6 71 27 80
6 72 69 91
6 73 70 46
6 74 14 68
6 75 49 60
6 76 75 63
6 77 16 74
6 78 81 69
6 79 9 57
6 80 32 68
6 81 10 6
6 82 17 68
6 83 46 77
6 84 41 13
6 85 98 100
6 86 28 48
6 87 99 92
6 88 2 58
6 89 36 35
6 90 64 35
6 91 36 69
6 92 6 59
6 93 97 23
6 94 92 1
6 95 79 22
6 96 80 39
6 97 100 1
6 98 44 8
6 99 97 37
6 100 14 29
7 8 41 18
7 9 65 81
7 10 13 35
7 11 28 22
7 12 74 71
7 13 60 73
7 14 86 51
7 15 41 97
7 16 6 76
7 17 28 36
7 18 62 29
7 19 9 69
7 20 97 46
7 21 47 96
7 22 60 92
7 23 76 4
7 24 66 38
7 25 34 20
7 26 92 43
7 27 22 7
7 28 54 50
7 29 28 51
7 30 65 75
7 31 76 23
7 32 64 90
7 33 36 35
7 34 41 83
7 35 61 21
7 36 21 83
7 37 97 80
7 38 30 15
7 39 74 67
7 40 83 60
7 41 100 70
7 42 96 50
7 43 56 57
7 44 42 5
7 45 26 61
7 46 41 32
7 47 56 17
7 48 21 97
7 49 62 51
7 50 13 14
7 51 89 79
7 52 5 17
7 53 15 80
7 54 36 30
7 55 1 4
7 56 83 15
7 57 56 10
7 58 5 89
7 59 85 12
7 60 9 2
7 61 62 84
7 62 99 49
7 63 55 12
7 64 55 81
7 65 47 91
7 66 45 39
7 67 47 8
7 68 34 50
7 69 21 86
7 70 35 2
7 71 24 65
7 72 54 37
7 73 52 61
7 74 1 55
7 75 59 71
7 76 3 46
7 77 50 68
7 78 28 15
7 79 59 5
7 80 55 63
7 81 14 43
7 82 17 87
7 83 75 9
7 84 6 28
7 85 43 42
7 86 62 4
7 87 81 33
7 88 98 17
7 89 87 16
7 90 95 89
7 91 40 80
7 92 76 44
7 93 2 54
7 94 32 59
7 95 63 37
7 96 99 39
7 97 76 52
7 98 87 3
7 99 2 85
7 100 7 68
8 9 43 89
8 10 94 83
8 11 65 6
8 12 87 31
8 13 20 18
8 14 35 89
8 15 93 46
8 16 25 17
8 17 45 27
8 18 24 28
8 19 72 24
8 20 59 42
8 21 67 59
8 22 40 23
8 23 48 30
8 24 35 57
8 25 64 62
8 26 10 45
8 27 14 75
8 28 84 34
8 29 95 5
8 30 37 43
8 31 26 63
8 32 10 88
8 33 17 74
8 34 18 67
8 35 38 95
8 36 10 80
8 37 73 23
8 38 78 1
8 39 79 24
8 40 9 37
8 41 27 34
8 42 90 95
8 43 72 16
8 44 81 61
8 45 86 36
8 46 53 83
8 47 68 40
8 48 93 76
8 49 68 14
8 50 71 4
8 51 69 44
8 52 34 14
8 53 15 35
8 54 28 19
8 55 13 76
8 56 61 21
8 57 91 59
8 58 1 16
8 59 31 58
8 60 62 12
8 61 54 16
8 62 18 48
8 63 33 57
8 64 69 60
8 65 34 8
8 66 36 14
8 67 98 62
8 68 61 33
8 69 78 31
8 70 85 56
8 71 18 75
8 72 48 51
8 73 45 25
8 74 54 74
8 75 36 92
8 76 63 83
8 77 95 95
8 78 81 50
8 79 97 88
8 80 6 42
8 81 38 49
8 82 96 98
8 83 9 61
8 84 29 17
8 85 86 7
8 86 66 8
8 87 17 49
8 88 13 22
8 89 19 56
8 90 10 96
8 91 69 19
8 92 26 86
8 93 79 81
8 94 56 33
8 95 53 58
8 96 74 2
8 97 22 37
8 98 4 93
8 99 28 50
8 100 23 72
9 10 25 77
9 11 15 59
9 12 17 66
9 13 81 54
9 14 91 48
9 15 48 53
9 16 24 1
9 17 71 33
9 18 34 5
9 19 93 97
9 20 26 8
9 21 91 19
9 22 45 58
9 23 95 28
9 24 44 44
9 25 88 18
9 26 45 98
9 27 84 98
9 28 99 79
9 29 20 2
9 30 61 6
9 31 7 79
9 32 72 66
9 33 20 17
9 34 80 73
9 35 71 96
9 36 87 29
9 37 47 19
9 38 29 61
9 39 4 40
9 40 62 32
9 41 30 23
9 42 40 4
9 43 73 98
9 44 11 76
9 45 29 74
9 46 59 48
9 47 86 95
9 48 79 78
9 49 39 30
9 50 72 13
9 51 44 44
9 52 13 86
9 53 58 66
9 54 52 53
9 55 45 77
9 56 90 2
9 57 20 48
9 58 46 8
9 59 90 41
9 60 48 26
9 61 63 68
9 62 38 54
9 63 7 88
9 64 79 14
9 65 53 76
9 66 71 25
9 67 60 56
9 68 31 89
9 69 44 91
9 70 45 88
9 71 1 11
9 72 81 82
9 73 60 98
9 74 81 93
9 75 93 30
9 76 44 41
9 77 87 9
9 78 5 3
9 79 92 88
9 80 30 4
9 81 55 15
9 82 40 76
9 83 49 94
9 84 82 14
9 85 21 6
9 86 1 46
9 87 68 41
9 88 74 70
9 89 27 93
9 90 28 52
9 91 96 6
9 92 36 74
9 93 2 41
9 94 17 22
9 95 9 78
9 96 16 53
9 97 46 49
9 98 77 89
9 99 87 43
9 100 60 40
10 11 70 22
10 12 96 35
10 13 49 75
10 14 25 90
10 15 11 69
10 16 24 13
10 17 69 4
10 18 76 72
10 19 46 94
10 20 10 80
10 21 60 72
10 22 26 39
10 23 71 63
10 24 55 11
10 25 63 40
10 26 35 1
10 27 46 71
10 28 86 39
10 29 23 96
10 30 41 89
10 31 31 51
10 32 71 38
10 33 64 26
10 34 39 80
10 35 80 34
10 36 44 43
10 37 82 80
10 38 31 2
10 39 98 66
10 40 77 56
10 41 24 5
10 42 54 40
10 43 38 81
10 44 24 13
10 45 42 50
10 46 42 22
10 47 23 5
10 48 14 87
10 49 50 28
10 50 97 69
10 51 16 8
10 52 24 91
10 53 76 7
10 54 37 92
10 55 28 92
10 56 15 29
10 57 58 59
10 58 51 39
10 59 78 39
10 60 92 31
10 61 92 4
10 62 18 65
10 63 5 84
10 64 7 32
10 65 100 78
10 66 46 5
10 67 100 13
10 68 56 77
10 69 52 14
10 70 98 45
10 71 47 94
10 72 24 7
10 73 67 79
10 74 55 58
10 75 75 52
10 76 5 73
10 77 43 99
10 78 86 56
10 79 88 41
10 80 81 30
10 81 88 82
10 82 100 74
10 83 8 17
10 84 80 100
10 85 87 88
10 86 71 89
10 87 37 27
10 88 98 35
10 89 88 33
10 90 46 51
10 91 48 27
10 92 29 75
10 93 35 82
10 94 49 66
10 95 24 13
10 96 63 52
10 97 27 32
10 98 61 43
10 99 38 92
10 100 33 31
11 12 64 33
11 13 66 61
11 14 46 60
11 15 85 4
11 16 92 20
11 17 5 34
11 18 62 25
11 19 88 24
11 20 43 29
11 21 98 40
11 22 16 51
11 23 13 25
11 24 62 55
11 25 95 67
11 26 63 49
11 27 62 59
11 28 52 92
11 29 7 69
11 30 72 49
11 31 61 55
11 32 67 22
11 33 88 72
11 34 75 78
11 35 66 98
11 36 65 88
11 37 81 4
11 38 60 45
11 39 53 22
11 40 29 73
11 41 34 88
11 42 76 24
11 43 8 32
11 44 74 39
11 45 58 83
11 46 1 91
11 47 7 54
11 48 84 45
11 49 49 2
11 50 81 33
11 51 47 64
11 52 19 91
11 53 29 9
11 54 49 6
11 55 56 57
11 56 60 11
11 57 22 22
11 58 98 14
11 59 30 79
11 60 14 64
11 61 62 39
11 62 86 16
11 63 88 71
11 64 11 12
11 65 50 82
11 66 19 37
11 67 44 15
11 68 62 10
11 69 35 22
11 70 39 6
11 71 9 19
11 72 27 35
11 73 67 47
11 74 32 82
11 75 14 60
11 76 26 24
11 77 48 22
11 78 78 39
11 79 11 39
11 80 73 99
11 81 3 90
11 82 71 78
11 83 58 95
11 84 73 15
11 85 49 46
11 86 77 46
11 87 30 50
11 88 29 100
11 89 73 46
11 90 18 67
11 91 47 76
11 92 17 3
11 93 47 38
11 94 62 80
11 95 52 89
11 96 97 30
11 97 79 19
11 98 35 24
11 99 45 30
11 100 46 17
12 13 2 28
12 14 74 71
12 15 52 71
12 16 100 76
12 17 55 41
12 18 74 7
12 19 92 3
12 20 9 68
12 21 95 50
12 22 72 57
12 23 44 8
12 24 8 54
12 25 64 77
12 26 93 93
12 27 67 32
12 28 67 97
12 29 65 79
12 30 31 94
12 31 29 7
12 32 3 66
12 33 4 55
12 34 43 80
12 35 71 97
12 36 99 87
12 37 97 76
12 38 10 16
12 39 83 69
12 40 67 74
12 41 70 23
12 42 19 19
12 43 93 100
12 44 43 8
12 45 44 15
12 46 39 42
12 47 56 20
12 48 39 96
12 49 49 10
12 50 64 66
12 51 75 4
12 52 23 19
12 53 58 30
12 54 35 55
12 55 87 3
12 56 16 33
12 57 22 8
12 58 49 33
12 59 43 44
12 60 62 73
12 61 13 14
12 62 82 46
12 63 7 56
12 64 78 66
12 65 88 2
12 66 35 9
12 67 32 70
12 68 29 12
12 69 46 100
12 70 69 46
12 71 30 57
12 72 8 18
12 73 44 72
12 74 35 17
12 75 84 10
12 76 15 54
12 77 78 96
12 78 34 64
12 79 50 59
12 80 93 43
12 81 24 71
12 82 79 78
12 83 18 37
12 84 18 81
12 85 49 94
12 86 98 27
12 87 18 71
12 88 59 11
12 89 80 7
12 90 34 62
12 91 84 63
12 92 53 50
12 93 1 74
12 94 86 26
12 95 51 97
12 96 17 33
12 97 51 55
12 98 97 89
12 99 6 8
12 100 85 69
13 14 40 59
13 15 23 37
13 16 5 97
13 17 63 1
13 18 13 75
13 19 80 43
13 20 18 94
13 21 14 1
13 22 35 11
13 23 48 88
13 24 18 74
13 25 32 67
13 26 95 38
13 27 14 32
13 28 12 93
13 29 67 35
13 30 20 7
13 31 54 1
13 32 2 86
13 33 61 96
13 34 85 46
13 35 6 13
13 36 26 18
13 37 93 89
13 38 13 17
13 39 22 46
13 40 79 95
13 41 54 67
13 42 50 37
13 43 2 41
13 44 15 45
13 45 95 76
13 46 9 61
13 47 53 89
13 48 84 65
13 49 54 52
13 50 15 93
13 51 61 64
13 52 41 79
13 53 58 48
13 54 31 4
13 55 49 56
13 56 86 40
13 57 33 83
13 58 34 55
13 59 17 79
13 60 90 98
13 61 17 36
13 62 42 33
13 63 13 12
13 64 19 13
13 65 73 37
13 66 84 22
13 67 14 89
13 68 43 71
13 69 37 80
13 70 30 97
13 71 45 32
13 72 54 17
13 73 27 90
13 74 4 5
13 75 86 30
13 76 79 92
13 77 47 3
13 78 16 41
13 79 35 25
13 80 21 84
13 81 51 45
13 82 60 69
13 83 12 81
13 84 93 41
13 85 36 36
13 86 67 49
13 87 67 38
13 88 37 55
13 89 93 93
13 90 90 87
13 91 37 79
13 92 34 4
13 93 33 14
13 94 65 22
13 95 62 38
13 96 48 22
13 97 4 93
13 98 18 52
13 99 20 15
13 100 88 92
14 15 48 82
14 16 71 97
14 17 31 54
14 18 36 96
14 19 82 6
14 20 1 84
14 21 2 59
14 22 84 27
14 23 41 35
14 24 15 60
14 25 35 88
14 26 29 81
14 27 65 23
14 28 58 86
14 29 70 8
14 30 37 100
14 31 41 3
14 32 29 8
14 33 90 84
14 34 48 14
14 35 69 77
14 36 87 40
14 37 8 99
14 38 65 31
14 39 28 22
14 40 36 38
14 41 10 50
14 42 86 90
14 43 16 14
14 44 15 6
14 45 72 69
14 46 14 62
14 47 31 23
14 48 26 40
14 49 27 17
14 50 1 9
14 51 100 27
14 52 88 17
14 53 74 86
14 54 65 76
14 55 64 70
14 56 20 27
14 57 76 24
14 58 3 26
14 59 82 6
14 60 85 80
14 61 27 49
14 62 42 1
14 63 66 56
14 64 53 55
14 65 77 67
14 66 59 27
14 67 71 85
14 68 61 16
14 69 20 76
14 70 77 40
14 71 3 46
14 72 89 7
14 73 30 68
14 74 10 80
14 75 69 14
14 76 26 36
14 77 73 44
14 78 15 74
14 79 44 32
14 80 99 27
14 81 80 61
14 82 5 27
14 83 69 82
14 84 10 56
14 85 66 56
14 86 64 26
14 87 95 77
14 88 37 16
14 89 59 40
14 90 50 12
14 91 79 93
14 92 95 92
14 93 41 89
14 94 11 60
14 95 97 43
14 96 56 30
14 97 42 12
14 98 86 77
14 99 16 8
14 100 41 87
15 16 54 5
15 17 66 1
15 18 1 75
15 19 19 48
15 20 20 42
15 21 28 21
15 22 11 68
15 23 79 71
15 24 29 79
15 25 48 96
15 26 53 97
15 27 56 6
15 28 89 2
15 29 50 26
15 30 6 50
15 31 37 32
15 32 42 26
15 33 3 47
15 34 41 25
15 35 60 39
15 36 47 45
15 37 41 92
15 38 69 99
15 39 47 67
15 40 4 76
15 41 37 20
15 42 39 98
15 43 3 37
15 44 93 16
15 45 52 88
15 46 72 62
15 47 38 50
15 48 61 68
15 49 68 4
15 50 31 49
15 51 23 72
15 52 40 73
15 53 50 30
15 54 15 58
15 55 80 32
15 56 6 32
15 57 54 60
15 58 63 96
15 59 95 65
15 60 95 81
15 61 20 88
15 62 28 26
15 63 58 77
15 64 26 60
15 65 81 26
15 66 91 11
15 67 35 9
15 68 11 13
15 69 25 57
15 70 12 49
15 71 23 13
15 72 58 46
15 73 20 41
15 74 71 54
15 75 49 67
15 76 51 83
15 77 16 89
15 78 4 94
15 79 12 38
15 80 24 67
15 81 72 95
15 82 17 74
15 83 57 58
15 84 66 38
15 85 18 79
15 86 20 100
15 87 59 35
15 88 53 6
15 89 35 64
15 90 93 44
15 91 36 80
15 92 26 65
15 93 45 78
15 94 10 70
15 95 97 29
15 96 16 27
15 97 69 100
15 98 43 69
15 99 64 37
15 100 43 34
16 17 4 16
16 18 10 100
16 19 73 87
16 20 18 14
16 21 59 93
16 22 8 77
16 23 45 28
16 24 55 55
16 25 63 72
16 26 75 13
16 27 3 59
16 28 42 30
16 29 8 10
16 30 48 43
16 31 38 3
16 32 17 88
16 33 81 50
16 34 47 64
16 35 57 49
16 36 78 63
16 37 61 64
16 38 52 55
16 39 59 32
16 40 63 71
16 41 25 97
16 42 22 96
16 43 1 17
16 44 75 51
16 45 18 71
16 46 59 16
16 47 67 83
16 48 68 26
16 49 87 28
16 50 22 97
16 51 49 54
16 52 54 39
16 53 18 21
16 54 5 6
16 55 34 50
16 56 80 61
16 57 72 32
16 58 80 72
16 59 87 61
16 60 88 53
16 61 57 53
16 62 85 1
16 63 4 60
16 64 43 61
16 65 33 24
16 66 32 15
16 67 97 34
16 68 91 95
16 69 11 16
16 70 20 80
16 71 48 55
16 72 65 64
16 73 83 15
16 74 73 49
16 75 66 53
16 76 50 60
16 77 78 81
16 78 98 47
16 79 61 84
16 80 10 15
16 81 25 36
16 82 31 2
16 83 73 27
16 84 50 7
16 85 2 53
16 86 15 87
16 87 87 32
16 88 22 94
16 89 82 95
16 90 81 65
16 91 32 13
16 92 97 14
16 93 79 50
16 94 18 71
16 95 37 9
16 96 66 38
16 97 74 87
16 98 69 72
16 99 76 66
16 100 27 94
17 18 40 24
17 19 74 59
17 20 100 52
17 21 95 25
17 22 79 49
17 23 11 52
17 24 62 77
17 25 23 47
17 26 60 50
17 27 76 44
17 28 77 87
17 29 54 92
17 30 70 10
17 31 41 12
17 32 61 19
17 33 27 17
17 34 77 71
17 35 66 52
17 36 65 33
17 37 1 2
17 38 78 61
17 39 83 34
17 40 7 44
17 41 62 58
17 42 2 57
17 43 70 70
17 44 43 82
17 45 75 98
17 46 59 21
17 47 47 20
17 48 70 72
17 49 83 86
17 50 91 65
17 51 87 27
17 52 47 35
17 53 15 13
17 54 58 61
17 55 84 60
17 56 9 72
17 57 94 11
17 58 46 52
17 59 56 31
17 60 52 32
17 61 13 62
17 62 74 75
17 63 16 70
17 64 18 80
17 65 66 60
17 66 35 35
17 67 71 80
17 68 79 94
17 69 95 61
17 70 75 64
17 71 99 7
17 72 8 73
17 73 83 11
17 74 53 27
17 75 45 78
17 76 88 5
17 77 17 49
17 78 54 27
17 79 28 20
17 80 53 68
17 81 99 83
17 82 14 12
17 83 71 16
17 84 12 91
17 85 16 26
17 86 53 21
17 87 90 62
17 88 27 10
17 89 24 27
17 90 79 78
17 91 19 33
17 92 37 70
17 93 61 62
17 94 54 70
17 95 8 9
17 96 61 97
17 97 56 30
17 98 80 82
17 99 15 31
17 100 41 7
18 19 13 19
18 20 38 67
18 21 89 22
18 22 38 87
18 23 51 96
18 24 94 11
18 25 70 60
18 26 48 9
18 27 40 38
18 28 56 25
18 29 44 41
18 30 83 83
18 31 42 60
18 32 23 3
18 33 68 48
18 34 6 52
18 35 45 94
18 36 82 4
18 37 20 21
18 38 5 46
18 39 91 36
18 40 68 63
18 41 54 51
18 42 73 90
18 43 95 49
18 44 52 17
18 45 29 22
18 46 34 80
18 47 49 18
18 48 90 45
18 49 100 84
18 50 32 87
18 51 21 67
18 52 49 30
18 53 40 69
18 54 64 8
18 55 23 88
18 56 28 73
18 57 95 95
18 58 62 48
18 59 55 95
18 60 15 66
18 61 90 74
18 62 92 73
18 63 79 91
18 64 72 85
18 65 62 81
18 66 18 42
18 67 55 56
18 68 80 67
18 69 95 19
18 70 23 18
18 71 57 82
18 72 96 29
18 73 27 76
18 74 73 18
18 75 59 30
18 76 74 72
18 77 99 78
18 78 43 59
18 79 3 24
18 80 36 12
18 81 98 58
18 82 84 55
18 83 88 24
18 84 99 25
18 85 62 70
18 86 79 41
18 87 10 75
18 88 30 67
18 89 37 8
18 90 68 88
18 91 77 52
18 92 92 71
18 93 87 56
18 94 93 80
18 95 65 33
18 96 72 72
18 97 69 80
18 98 95 53
18 99 56 44
18 100 20 33
19 20 37 76
19 21 67 13
19 22 93 12
19 23 81 68
19 24 50 38
19 25 5 48
19 26 35 51
19 27 69 82
19 28 27 25
19 29 18 15
19 30 69 23
19 31 53 17
19 32 52 12
19 33 2 19
19 34 22 17
19 35 79 1
19 36 36 30
19 37 6 69
19 38 66 5
19 39 94 80
19 40 7 60
19 41 52 97
19 42 8 52
19 43 50 2
19 44 22 54
19 45 29 14
19 46 56 8
19 47 26 2
19 48 49 91
19 49 77 97
19 50 28 77
19 51 25 2
19 52 50 47
19 53 55 56
19 54 90 65
19 55 42 96
19 56 75 85
19 57 61 92
19 58 66 16
19 59 78 82
19 60 44 16
19 61 49 93
19 62 6 58
19 63 14 91
19 64 91 21
19 65 20 10
19 66 35 70
19 67 10 77
19 68 68 40
19 69 53 57
19 70 55 51
19 71 99 75
19 72 51 28
19 73 33 20
19 74 53 38
19 75 8 5
19 76 70 14
19 77 87 14
19 78 63 9
19 79 68 99
19 80 77 2
19 81 34 68
19 82 5 63
19 83 4 73
19 84 53 56
19 85 98 100
19 86 95 84
19 87 5 38
19 88 52 35
19 89 61 18
19 90 38 39
19 91 10 50
19 92 8 31
19 93 85 87
19 94 91 94
19 95 54 47
19 96 51 16
19 97 50 70
19 98 16 75
19 99 41 91
19 100 68 88
20 21 24 15
20 22 12 15
20 23 72 91
20 24 5 70
20 25 44 59
20 26 66 80
20 27 83 89
20 28 22 29
20 29 78 83
20 30 40 30
20 31 38 21
20 32 26 56
20 33 55 58
20 34 59 12
20 35 5 91
20 36 56 27
20 37 58 43
20 38 98 65
20 39 75 15
20 40 94 20
20 41 33 54
20 42 8 61
20 43 29 62
20 44 54 47
20 45 62 40
20 46 72 89
20 47 7 44
20 48 48 22
20 49 69 9
20 50 72 87
20 51 2 57
20 52 49 52
20 53 52 58
20 54 72 97
20 55 81 41
20 56 56 58
20 57 75 69
20 58 10 89
20 59 1 59
20 60 95 69
20 61 14 85
20 62 11 29
20 63 79 66
20 64 33 23
20 65 79 94
20 66 57 75
20 67 29 22
20 68 66 84
20 69 37 70
20 70 51 83
20 71 1 34
20 72 51 19
20 73 39 70
20 74 23 7
20 75 2 72
20 76 54 52
20 77 88 56
20 78 66 30
20 79 53 47
20 80 91 37
20 81 17 66
20 82 73 51
20 83 37 10
20 84 99 9
20 85 17 98
20 86 66 37
20 87 50 77
20 88 52 88
20 89 1 72
20 90 52 74
20 91 24 56
20 92 27 55
20 93 31 30
20 94 46 50
20 95 85 44
20 96 56 15
20 97 48 56
20 98 34 95
20 99 13 46
20 100 7 30
21 22 56 40
21 23 88 74
21 24 47 51
21 25 7 62
21 26 3 47
21 27 100 9
21 28 22 52
21 29 68 30
21 30 85 65
21 31 66 100
21 32 61 87
21 33 91 10
21 34 84 8
21 35 4 50
21 36 7 21
21 37 95 10
21 38 38 80
21 39 79 47
21 40 4 99
21 41 80 33
21 42 17 70
21 43 47 31
21 44 12 53
21 45 44 33
21 46 60 95
21 47 63 97
21 48 37 40
21 49 87 54
21 50 75 31
21 51 82 77
21 52 19 44
21 53 78 23
21 54 44 81
21 55 8 22
21 56 84 25
21 57 26 9
21 58 86 55
21 59 23 19
21 60 86 7
21 61 25 91
21 62 39 90
21 63 93 20
21 64 87 50
21 65 15 16
21 66 75 32
21 67 44 24
21 68 32 62
21 69 32 23
21 70 18 11
21 71 32 35
21 72 43 74
21 73 94 15
21 74 86 54
21 75 35 3
21 76 28 88
21 77 83 99
21 78 50 74
21 79 81 25
21 80 29 10
21 81 62 71
21 82 62 88
21 83 49 97
21 84 54 21
21 85 17 60
21 86 69 40
21 87 17 73
21 88 34 98
21 89 15 84
21 90 70 7
21 91 39 99
21 92 44 8
21 93 30 15
21 94 52 5
21 95 27 29
21 96 75 42
21 97 77 98
21 98 13 97
21 99 71 60
21 100 94 42
22 23 24 91
22 24 5 16
22 25 82 58
22 26 51 16
22 27 9 12
22 28 3 92
22 29 24 13
22 30 35 86
22 31 63 34
22 32 63 93
22 33 25 39
22 34 86 35
22 35 82 54
22 36 48 83
22 37 69 60
22 38 94 56
22 39 89 48
22 40 85 34
22 41 12 22
22 42 62 30
22 43 79 6
22 44 13 88
22 45 47 39
22 46 80 68
22 47 39 9
22 48 52 30
22 49 73 69
22 50 36 36
22 51 71 76
22 52 28 10
22 53 56 27
22 54 83 80
22 55 93 38
22 56 43 4
22 57 90 53
22 58 37 91
22 59 96 53
22 60 60 78
22 61 68 18
22 62 32 3
22 63 77 22
22 64 64 70
22 65 46 90
22 66 12 92
22 67 5 67
22 68 24 79
22 69 46 86
22 70 93 85
22 71 50 2
22 72 8 37
22 73 44 1
22 74 75 12
22 75 91 54
22 76 77 21
22 77 1 70
22 78 81 19
22 79 27 71
22 80 65 75
22 81 45 51
22 82 24 64
22 83 21 96
22 84 87 58
22 85 8 31
22 86 11 27
22 87 19 67
22 88 6 9
22 89 70 69
22 90 86 70
22 91 36 20
22 92 97 31
22 93 60 76
22 94 33 31
22 95 91 73
22 96 53 47
22 97 60 51
22 98 82 80
22 99 91 45
22 100 48 67
23 24 67 91
23 25 60 14
23 26 88 92
23 27 77 13
23 28 36 34
23 29 48 61
23 30 47 98
23 31 73 95
23 32 3 24
23 33 27 66
23 34 24 10
23 35 49 65
23 36 100 78
23 37 19 28
23 38 20 61
23 39 89 66
23 40 25 84
23 41 13 55
23 42 54 47
23 43 51 98
23 44 48 95
23 45 39 59
23 46 71 90
23 47 36 36
23 48 88 70
23 49 66 59
23 50 93 14
23 51 77 43
23 52 99 92
23 53 74 64
23 54 49 89
23 55 58 71
23 56 42 77
23 57 81 28
23 58 22 29
23 59 28 94
23 60 4 77
23 61 50 6
23 62 53 74
23 63 27 11
23 64 31 12
23 65 80 32
23 66 55 84
23 67 17 87
23 68 23 14
23 69 96 3
23 70 70 54
23 71 43 17
23 72 75 83
23 73 33 51
23 74 49 100
23 75 47 25
23 76 92 15
23 77 74 51
23 78 14 33
23 79 61 45
23 80 98 50
23 81 18 24
23 82 58 14
23 83 8 58
23 84 65 3
23 85 32 97
23 86 58 49
23 87 91 22
23 88 3 36
23 89 13 45
23 90 78 71
23 91 13 100
23 92 53 73
23 93 15 31
23 94 83 60
23 95 19 41
23 96 5 50
23 97 24 29
23 98 52 48
23 99 82 60
23 100 58 72
24 25 57 95
24 26 63 76
24 27 58 64
24 28 85 92
24 29 41 3
24 30 34 93
24 31 29 6
24 32 27 7
24 33 1 7
24 34 77 19
24 35 64 10
24 36 58 61
24 37 55 92
24 38 44 43
24 39 43 7
24 40 67 75
24 41 100 19
24 42 31 59
24 43 67 8
24 44 57 20
24 45 89 1
24 46 46 44
24 47 84 59
24 48 54 41
24 49 67 96
24 50 67 44
24 51 10 84
24 52 51 15
24 53 5 98
24 54 92 57
24 55 58 28
24 56 14 65
24 57 94 2
24 58 92 16
24 59 16 81
24 60 86 56
24 61 16 85
24 62 4 79
24 63 39 56
24 64 75 95
24 65 34 48
24 66 29 83
24 67 56 44
24 68 57 52
24 69 39 47
24 70 46 13
24 71 71 95
24 72 2 14
24 73 25 59
24 74 82 87
24 75 63 98
24 76 82 10
24 77 32 43
24 78 18 32
24 79 73 65
24 80 65 29
24 81 11 4
24 82 38 57
24 83 63 63
24 84 51 14
24 85 56 20
24 86 47 6
24 87 46 76
24 88 84 23
24 89 80 25
24 90 3 8
24 91 41 72
24 92 43 95
24 93 35 13
24 94 45 71
24 95 69 11
24 96 49 95
24 97 19 56
24 98 20 34
24 99 77 12
24 100 68 83
25 26 34 56
25 27 41 99
25 28 96 55
25 29 3 48
25 30 13 53
25 31 52 39
25 32 88 71
25 33 98 57
25 34 85 25
25 35 100 33
25 36 58 56
25 37 68 72
25 38 33 1
25 39 25 87
25 40 45 53
25 41 46 17
25 42 61 85
25 43 54 34
25 44 16 63
25 45 47 38
25 46 51 29
25 47 97 16
25 48 51 66
25 49 14 27
25 50 78 76
25 51 2 21
25 52 30 54
25 53 55 75
25 54 53 51
25 55 29 8
25 56 39 11
25 57 57 91
25 58 94 46
25 59 6 32
25 60 36 22
25 61 46 84
25 62 60 98
25 63 91 46
25 64 91 70
25 65 66 17
25 66 2 55
25 67 25 27
25 68 98 27
25 69 95 15
25 70 52 83
25 71 10 35
25 72 40 32
25 73 7 82
25 74 44 3
25 75 53 58
25 76 73 20
25 77 28 52
25 78 47 36
25 79 29 37
25 80 43 56
25 81 6 22
25 82 3 6
25 83 34 37
25 84 64 81
25 85 79 82
25 86 26 81
25 87 97 9
25 88 5 86
25 89 21 60
25 90 38 38
25 91 98 8
25 92 86 48
25 93 85 53
25 94 85 30
25 95 83 28
25 96 19 57
25 97 98 26
25 98 97 95
25 99 21 13
25 100 5 29
26 27 11 16
26 28 41 47
26 29 23 5
26 30 11 41
26 31 92 67
26 32 7 95
26 33 68 63
26 34 31 27
26 35 40 8
26 36 44 40
26 37 12 55
26 38 36 66
26 39 13 29
26 40 58 6
26 41 55 33
26 42 18 79
26 43 18 77
26 44 16 54
26 45 91 34
26 46 47 9
26 47 77 76
26 48 4 53
26 49 98 69
26 50 61 10
26 51 64 49
26 52 71 90
26 53 68 78
26 54 95 63
26 55 27 45
26 56 37 90
26 57 37 1
26 58 62 65
26 59 64 57
26 60 95 13
26 61 24 20
26 62 84 72
26 63 73 39
26 64 30 25
26 65 55 75
26 66 100 90
26 67 29 65
26 68 10 12
26 69 87 53
26 70 79 39
26 71 48 15
26 72 92 57
26 73 43 31
26 74 94 57
26 75 22 6
26 76 83 75
26 77 60 87
26 78 16 69
26 79 3 33
26 80 65 24
26 81 77 70
26 82 72 26
26 83 57 12
26 84 81 14
26 85 15 51
26 86 18 94
26 87 73 2
26 88 10 11
26 89 84 37
26 90 72 35
26 91 36 91
26 92 17 88
26 93 58 49
26 94 24 71
26 95 10 88
26 96 82 38
26 97 76 25
26 98 14 75
26 99 80 33
26 100 84 26
27 28 98 28
27 29 98 97
27 30 10 33
27 31 85 79
27 32 49 40
27 33 70 49
27 34 41 32
27 35 41 82
27 36 41 58
27 37 40 12
27 38 80 45
27 39 43 43
27 40 71 37
27 41 33 61
27 42 73 70
27 43 54 60
27 44 93 58
27 45 37 2
27 46 9 3
27 47 91 28
27 48 46 18
27 49 34 88
27 50 22 65
27 51 31 25
27 52 42 65
27 53 53 14
27 54 27 46
27 55 85 36
27 56 19 40
27 57 21 71
27 58 88 66
27 59 58 31
27 60 27 85
27 61 11 88
27 62 77 91
27 63 10 11
27 64 25 21
27 65 26 61
27 66 78 40
27 67 84 67
27 68 8 19
27 69 58 72
27 70 55 59
27 71 92 5
27 72 66 91
27 73 97 79
27 74 18 44
27 75 68 13
27 76 71 70
27 77 19 10
27 78 7 29
27 79 87 35
27 80 50 30
27 81 60 48
27 82 23 42
27 83 49 29
27 84 76 30
27 85 54 36
27 86 63 36
27 87 29 10
27 88 91 32
27 89 36 16
27 90 36 52
27 91 97 61
27 92 57 11
27 93 5 81
27 94 97 12
27 95 5 24
27 96 58 97
27 97 93 93
27 98 17 52
27 99 36 63
27 100 91 90
28 29 13 56
28 30 36 36
28 31 4 5
28 32 38 44
28 33 34 100
28 34 15 30
28 35 70 9
28 36 3 16
28 37 52 61
28 38 46 61
28 39 86 67
28 40 18 15
28 41 1 90
28 42 87 60
28 43 69 35
28 44 53 66
28 45 89 4
28 46 69 19
28 47 41 79
28 48 11 17
28 49 63 33
28 50 12 89
28 51 63 62
28 52 98 17
28 53 68 15
28 54 5 64
28 55 48 56
28 56 92 5
28 57 35 32
28 58 92 18
28 59 56 93
28 60 40 34
28 61 46 17
28 62 87 17
28 63 5 81
28 64 56 73
28 65 55 82
28 66 15 89
28 67 25 66
28 68 55 84
28 69 19 34
28 70 11 52
28 71 75 85
28 72 94 26
28 73 84 29
28 74 60 73
28 75 94 98
28 76 16 65
28 77 5 86
28 78 10 3
28 79 11 90
28 80 12 17
28 81 82 86
28 82 46 93
28 83 6 10
28 84 15 47
28 85 4 62
28 86 43 28
28 87 18 23
28 88 20 65
28 89 94 62
28 90 10 41
28 91 31 34
28 92 62 30
28 93 27 14
28 94 48 75
28 95 78 42
28 96 28 44
28 97 53 93
28 98 26 19
28 99 28 22
28 100 83 30
29 30 20 42
29 31 87 36
29 32 38 24
29 33 5 56
29 34 44 85
29 35 40 42
29 36 87 97
29 37 65 55
29 38 2 78
29 39 85 25
29 40 62 92
29 41 58 81
29 42 59 95
29 43 1 19
29 44 22 99
29 45 8 4
29 46 10 81
29 47 43 91
29 48 22 96
29 49 56 96
29 50 20 58
29 51 88 10
29 52 1 50
29 53 90 89
29 54 33 28
29 55 64 53
29 56 38 4
29 57 40 60
29 58 10 88
29 59 25 47
29 60 61 39
29 61 26 63
29 62 74 31
29 63 18 70
29 64 30 80
29 65 37 18
29 66 42 13
29 67 73 27
29 68 33 82
29 69 76 59
29 70 88 96
29 71 29 4
29 72 67 42
29 73 74 71
29 74 68 78
29 75 47 88
29 76 79 2
29 77 80 49
29 78 42 100
29 79 30 66
29 80 68 64
29 81 67 88
29 82 27 83
29 83 27 44
29 84 66 35
29 85 25 48
29 86 43 40
29 87 2 43
29 88 51 86
29 89 39 20
29 90 5 42
29 91 74 48
29 92 9 37
29 93 33 54
29 94 29 96
29 95 28 21
29 96 78 43
29 97 90 6
29 98 77 58
29 99 89 21
29 100 68 76
30 31 77 46
30 32 7 28
30 33 38 2
30 34 99 77
30 35 85 85
30 36 29 81
30 37 83 21
30 38 26 30
30 39 28 100
30 40 56 45
30 41 71 86
30 42 50 96
30 43 3 9
30 44 70 68
30 45 20 26
30 46 8 100
30 47 53 2
30 48 66 27
30 49 99 30
30 50 72 67
30 51 11 80
30 52 69 5
30 53 32 7
30 54 52 22
30 55 25 94
30 56 57 30
30 57 26 15
30 58 49 92
30 59 59 9
30 60 1 95
30 61 9 100
30 62 85 79
30 63 29 42
30 64 68 67
30 65 6 22
30 66 33 18
30 67 6 33
30 68 98 32
30 69 32 14
30 70 25 66
30 71 52 28
30 72 23 8
30 73 23 17
30 74 89 70
30 75 88 90
30 76 28 34
30 77 69 95
30 78 20 86
30 79 43 98
30 80 45 54
30 81 3 12
30 82 92 86
30 83 20 15
30 84 70 87
30 85 70 57
30 86 94 17
30 87 30 16
30 88 59 9
30 89 34 29
30 90 100 24
30 91 31 79
30 92 22 75
30 93 49 20
30 94 18 36
30 95 89 91
30 96 16 85
30 97 46 25
30 98 100 5
30 99 77 53
30 100 31 92
31 32 32 17
31 33 100 39
31 34 9 85
31 35 41 63
31 36 53 63
31 37 94 82
31 38 38 32
31 39 42 52
31 40 51 52
31 41 69 93
31 42 84 97
31 43 78 15
31 44 99 53
31 45 89 5
31 46 35 47
31 47 49 87
31 48 34 35
31 49 21 96
31 50 8 51
31 51 7 85
31 52 43 22
31 53 70 77
31 54 74 47
31 55 77 45
31 56 61 37
31 57 7 6
31 58 96 1
31 59 16 35
31 60 88 94
31 61 46 62
31 62 89 23
31 63 13 40
31 64 59 100
31 65 33 24
31 66 55 63
31 67 67 63
31 68 63 31
31 69 75 34
31 70 32 35
31 71 42 89
31 72 82 21
31 73 1 97
31 74 4 92
31 75 78 80
31 76 75 89
31 77 96 100
31 78 100 85
31 79 12 16
31 80 33 13
31 81 42 40
31 82 95 49
31 83 16 31
31 84 49 84
31 85 87 78
31 86 70 69
31 87 73 28
31 88 57 4
31 89 30 70
31 90 37 8
31 91 51 44
31 92 75 12
31 93 98 77
31 94 6 6
31 95 34 40
31 96 73 30
31 97 87 56
31 98 82 23
31 99 12 23
31 100 21 68
32 33 31 6
32 34 69 67
32 35 88 19
32 36 92 76
32 37 66 85
32 38 15 73
32 39 78 79
32 40 74 3
32 41 19 42
32 42 4 100
32 43 72 51
32 44 90 85
32 45 31 19
32 46 57 60
32 47 74 1
32 48 65 5
32 49 96 81
32 50 35 60
32 51 22 46
32 52 88 54
32 53 93 96
32 54 72 9
32 55 72 30
32 56 38 32
32 57 45 82
32 58 20 60
32 59 12 41
32 60 59 36
32 61 41 24
32 62 100 100
32 63 8 25
32 64 46 68
32 65 96 18
32 66 45 15
32 67 20 50
32 68 86 26
32 69 12 40
32 70 52 36
32 71 91 18
32 72 72 77
32 73 76 14
32 74 43 58
32 75 41 17
32 76 16 81
32 77 78 4
32 78 81 31
32 79 72 75
32 80 43 9
32 81 23 11
32 82 30 2
32 83 70 69
32 84 71 25
32 85 84 12
32 86 22 91
32 87 5 63
32 88 83 38
32 89 16 11
32 90 82 42
32 91 92 89
32 92 8 89
32 93 11 45
32 94 27 79
32 95 50 69
32 96 40 68
32 97 41 96
32 98 40 51
32 99 20 48
32 100 45 81
33 34 49 36
33 35 46 52
33 36 46 13
33 37 25 55
33 38 57 6
33 39 10 26
33 40 1 55
33 41 55 57
33 42 64 90
33 43 65 15
33 44 40 27
33 45 30 47
33 46 34 17
33 47 92 74
33 48 15 91
33 49 41 36
33 50 96 86
33 51 6 36
33 52 3 39
33 53 90 27
33 54 95 55
33 55 8 91
33 56 97 63
33 57 21 26
33 58 71 72
33 59 30 58
33 60 29 73
33 61 60 70
33 62 12 80
33 63 20 59
33 64 26 44
33 65 69 86
33 66 16 85
33 67 61 86
33 68 13 45
33 69 90 38
33 70 78 5
33 71 95 53
33 72 90 88
33 73 47 78
33 74 86 74
33 75 71 96
33 76 59 1
33 77 87 55
33 78 14 10
33 79 12 29
33 80 21 1
33 81 38 98
33 82 18 35
33 83 83 30
33 84 50 4
33 85 74 98
33 86 24 61
33 87 77 32
33 88 15 9
33 89 68 51
33 90 18 71
33 91 22 84
33 92 29 1
33 93 67 25
33 94 41 13
33 95 81 100
33 96 64 82
33 97 45 78
33 98 19 35
33 99 91 18
33 100 42 3
34 35 34 22
34 36 6 1
34 37 16 2
34 38 98 40
34 39 60 61
34 40 28 62
34 41 33 68
34 42 39 95
34 43 11 22
34 44 3 37
34 45 94 89
34 46 100 13
34 47 5 22
34 48 31 74
34 49 21 57
34 50 41 55
34 51 67 50
34 52 58 30
34 53 87 54
34 54 79 21
34 55 79 64
34 56 57 30
34 57 93 96
34 58 64 24
34 59 88 87
34 60 27 49
34 61 35 12
34 62 67 67
34 63 8 3
34 64 79 64
34 65 58 89
34 66 20 98
34 67 41 17
34 68 28 70
34 69 74 14
34 70 100 95
34 71 83 10
34 72 3 46
34 73 34 37
34 74 86 97
34 75 71 4
34 76 51 10
34 77 18 93
34 78 49 65
34 79 70 64
34 80 15 17
34 81 97 81
34 82 95 36
34 83 83 40
34 84 7 85
34 85 46 3
34 86 34 53
34 87 57 95
34 88 4 51
34 89 68 29
34 90 65 70
34 91 93 8
34 92 43 71
34 93 32 61
34 94 15 34
34 95 74 42
34 96 83 70
34 97 19 97
34 98 68 66
34 99 79 87
34 100 85 89
35 36 42 51
35 37 63 8
35 38 51 31
35 39 46 78
35 40 7 90
35 41 42 29
35 42 45 58
35 43 59 52
35 44 96 42
35 45 3 20
35 46 41 61
35 47 79 96
35 48 93 23
35 49 10 54
35 50 85 71
35 51 4 75
35 52 25 12
35 53 39 81
35 54 81 11
35 55 66 27
35 56 46 92
35 57 42 44
35 58 22 47
35 59 92 67
35 60 48 90
35 61 78 75
35 62 13 73
35 63 83 15
35 64 48 66
35 65 93 83
35 66 21 45
35 67 60 19
35 68 93 56
35 69 60 59
35 70 44 50
35 71 27 62
35 72 41 7
35 73 67 73
35 74 42 11
35 75 25 40
35 76 82 92
35 77 52 57
35 78 16 22
35 79 53 72
35 80 95 75
35 81 2 33
35 82 50 1
35 83 52 75
35 84 24 89
35 85 71 9
35 86 84 41
35 87 92 12
35 88 31 80
35 89 25 79
35 90 17 20
35 91 5 62
35 92 56 42
35 93 89 45
35 94 14 80
35 95 65 67
35 96 96 42
35 97 40 36
35 98 77 40
35 99 20 83
35 100 62 39
36 37 77 85
36 38 13 99
36 39 99 89
36 40 43 100
36 41 23 22
36 42 100 21
36 43 43 18
36 44 21 11
36 45 99 29
36 46 82 34
36 47 5 33
36 48 56 32
36 49 3 95
36 50 84 37
36 51 76 13
36 52 45 3
36 53 88 96
36 54 81 63
36 55 93 34
36 56 17 38
36 57 12 17
36 58 94 98
36 59 80 99
36 60 86 89
36 61 54 45
36 62 44 25
36 63 61 51
36 64 52 17
36 65 91 33
36 66 26 85
36 67 68 47
36 68 51 21
36 69 79 96
36 70 5 91
36 71 60 75
36 72 80 76
36 73 43 43
36 74 32 11
36 75 15 40
36 76 43 45
36 77 22 13
36 78 13 94
36 79 82 60
36 80 98 51
36 81 56 97
36 82 83 89
36 83 75 69
36 84 64 10
36 85 39 25
36 86 26 12
36 87 8 40
36 88 2 37
36 89 39 73
36 90 77 11
36 91 37 79
36 92 74 21
36 93 94 92
36 94 62 32
36 95 78 72
36 96 67 32
36 97 37 57
36 98 46 8
36 99 14 92
36 100 65 94
37 38 54 24
37 39 53 56
37 40 27 20
37 41 23 81
37 42 77 25
37 43 5 58
37 44 76 89
37 45 47 93
37 46 40 87
37 47 22 52
37 48 84 83
37 49 55 48
37 50 76 37
37 51 72 34
37 52 100 13
37 53 8 23
37 54 2 88
37 55 80 82
37 56 93 51
37 57 15 90
37 58 94 51
37 59 71 67
37 60 54 44
37 61 56 61
37 62 54 77
37 63 11 14
37 64 51 55
37 65 20 96
37 66 16 55
37 67 78 68
37 68 64 97
37 69 82 62
37 70 24 54
37 71 94 36
37 72 79 5
37 73 82 38
37 74 85 76
37 75 68 2
37 76 15 46
37 77 13 95
37 78 12 86
37 79 77 46
37 80 69 16
37 81 56 24
37 82 32 89
37 83 81 55
37 84 25 44
37 85 48 31
37 86 99 47
37 87 23 72
37 88 100 14
37 89 34 91
37 90 22 76
37 91 79 31
37 92 58 11
37 93 80 48
37 94 45 71
37 95 51 44
37 96 59 97
37 97 15 97
37 98 10 62
37 99 85 42
37 100 14 17
38 39 87 14
38 40 51 7
38 41 37 27
38 42 73 38
38 43 34 82
38 44 6 44
38 45 38 4
38 46 6 49
38 47 23 67
38 48 12 91
38 49 27 84
38 50 90 68
38 51 71 4
38 52 66 19
38 53 50 13
38 54 90 29
38 55 90 41
38 56 9 36
38 57 81 12
38 58 35 75
38 59 65 17
38 60 30 3
38 61 4 10
38 62 86 52
38 63 93 65
38 64 58 81
38 65 48 75
38 66 14 90
38 67 15 66
38 68 60 100
38 69 94 18
38 70 17 72
38 71 7 44
38 72 19 13
38 73 6 61
38 74 89 35
38 75 30 99
38 76 83 89
38 77 28 97
38 78 97 1
38 79 42 17
38 80 26 67
38 81 30 16
38 82 81 70
38 83 94 97
38 84 15 2
38 85 90 38
38 86 55 8
38 87 30 57
38 88 19 36
38 89 50 76
38 90 72 59
38 91 80 30
38 92 76 81
38 93 70 41
38 94 74 39
38 95 70 23
38 96 92 94
38 97 67 36
38 98 26 91
38 99 34 96
38 100 28 20
39 40 28 72
39 41 32 90
39 42 27 6
39 43 54 62
39 44 54 13
39 45 93 4
39 46 33 61
39 47 42 100
39 48 98 21
39 49 5 70
39 50 74 86
39 51 89 99
39 52 58 46
39 53 99 67
39 54 16 41
39 55 71 36
39 56 69 7
39 57 44 15
39 58 36 50
39 59 78 84
39 60 18 89
39 61 37 91
39 62 1 22
39 63 22 24
39 64 23 6
39 65 29 85
39 66 58 70
39 67 95 6
39 68 78 98
39 69 69 55
39 70 54 79
39 71 55 96
39 72 41 34
39 73 4 59
39 74 25 65
39 75 51 85
39 76 26 38
39 77 2 91
39 78 44 29
39 79 18 24
39 80 31 20
39 81 17 23
39 82 4 28
39 83 51 27
39 84 47 12
39 85 23 6
39 86 32 49
39 87 66 34
39 88 45 72
39 89 82 35
39 90 85 24
39 91 42 70
39 92 14 10
39 93 91 44
39 94 79 22
39 95 100 20
39 96 18 76
39 97 93 65
39 98 65 69
39 99 88 15
39 100 47 37
40 41 27 40
40 42 43 76
40 43 75 73
40 44 28 61
40 45 56 90
40 46 8 88
40 47 94 60
40 48 32 46
40 49 15 17
40 50 13 13
40 51 64 88
40 52 72 25
40 53 80 11
40 54 90 13
40 55 98 70
40 56 88 50
40 57 6 58
40 58 51 94
40 59 27 75
40 60 41 8
40 61 13 14
40 62 31 31
40 63 49 1
40 64 40 40
40 65 40 69
40 66 42 76
40 67 38 97
40 68 65 6
40 69 96 19
40 70 83 87
40 71 18 24
40 72 55 86
40 73 36 9
40 74 75 64
40 75 59 20
40 76 98 14
40 77 54 26
40 78 15 57
40 79 17 88
40 80 99 35
40 81 14 58
40 82 61 67
40 83 52 70
40 84 41 49
40 85 26 61
40 86 66 84
40 87 58 36
40 88 29 84
40 89 41 17
40 90 84 66
40 91 28 13
40 92 64 50
40 93 24 40
40 94 3 100
40 95 40 51
40 96 58 34
40 97 18 97
40 98 55 9
40 99 17 51
40 100 87 94
41 42 22 57
41 43 2 93
41 44 57 95
41 45 41 79
41 46 69 3
41 47 74 66
41 48 80 58
41 49 10 64
41 50 78 85
41 51 57 28
41 52 27 75
41 53 81 5
41 54 16 47
41 55 89 53
41 56 36 6
41 57 21 15
41 58 4 40
41 59 91 52
41 60 89 39
41 61 5 86
41 62 89 4
41 63 86 75
41 64 63 52
41 65 46 23
41 66 23 82
41 67 63 85
41 68 87 65
41 69 31 94
41 70 80 100
41 71 32 37
41 72 26 33
41 73 50 87
41 74 28 58
41 75 26 83
41 76 81 32
41 77 97 30
41 78 49 7
41 79 33 5
41 80 90 10
41 81 39 23
41 82 94 25
41 83 78 65
41 84 14 69
41 85 43 15
41 86 84 64
41 87 72 69
41 88 88 51
41 89 15 6
41 90 23 67
41 91 30 32
41 92 3 83
41 93 34 52
41 94 32 52
41 95 20 79
41 96 57 49
41 97 26 21
41 98 82 19
41 99 44 28
41 100 15 96
42 43 89 56
42 44 50 79
42 45 15 70
42 46 45 65
42 47 88 86
42 48 48 26
42 49 25 24
42 50 90 63
42 51 60 32
42 52 98 5
42 53 43 72
42 54 10 3
42 55 25 70
42 56 33 45
42 57 57 15
42 58 99 17
42 59 17 46
42 60 2 78
42 61 36 51
42 62 79 43
42 63 55 59
42 64 37 78
42 65 2 74
42 66 4 44
42 67 98 87
42 68 32 96
42 69 18 28
42 70 7 56
42 71 24 9
42 72 43 100
42 73 36 37
42 74 21 17
42 75 100 6
42 76 42 39
42 77 60 81
42 78 15 21
42 79 71 89
42 80 28 22
42 81 24 54
42 82 12 19
42 83 84 18
42 84 47 30
42 85 37 82
42 86 94 23
42 87 5 59
42 88 78 52
42 89 41 97
42 90 57 63
42 91 21 34
42 92 54 56
42 93 93 4
42 94 13 17
42 95 46 59
42 96 29 37
42 97 52 38
42 98 94 51
42 99 99 51
42 100 45 47
43 44 68 77
43 45 34 98
43 46 88 70
43 47 2 39
43 48 7 32
43 49 97 7
43 50 46 44
43 51 53 1
43 52 31 63
43 53 72 13
43 54 49 6
43 55 89 51
43 56 49 95
43 57 91 27
43 58 39 49
43 59 80 94
43 60 48 91
43 61 80 68
43 62 45 53
43 63 86 30
43 64 48 97
43 65 12 57
43 66 98 17
43 67 74 85
43 68 57 50
43 69 45 57
43 70 40 72
43 71 64 42
43 72 85 99
43 73 60 23
43 74 16 97
43 75 83 35
43 76 22 83
43 77 24 86
43 78 8 60
43 79 38 9
43 80 27 91
43 81 27 50
43 82 53 38
43 83 69 70
43 84 67 90
43 85 72 24
43 86 78 84
43 87 41 36
43 88 100 36
43 89 22 78
43 90 65 50
43 91 83 55
43 92 96 99
43 93 56 6
43 94 76 2
43 95 63 58
43 96 68 23
43 97 26 3
43 98 95 49
43 99 25 66
43 100 25 42
44 45 7 11
44 46 19 68
44 47 57 6
44 48 72 42
44 49 21 92
44 50 5 36
44 51 9 93
44 52 9 7
44 53 33 96
44 54 28 12
44 55 49 43
44 56 55 81
44 57 90 7
44 58 98 79
44 59 22 37
44 60 76 38
44 61 96 13
44 62 100 98
44 63 8 86
44 64 85 52
44 65 10 39
44 66 99 53
44 67 99 46
44 68 20 83
44 69 97 88
44 70 87 78
44 71 100 99
44 72 41 15
44 73 26 10
44 74 95 17
44 75 48 78
44 76 73 74
44 77 38 99
44 78 77 100
44 79 77 88
44 80 28 89
44 81 96 76
44 82 40 67
44 83 94 7
44 84 48 5
44 85 30 4
44 86 61 88
44 87 71 64
44 88 83 9
44 89 97 36
44 90 60 71
44 91 7 20
44 92 75 77
44 93 68 29
44 94 29 94
44 95 99 87
44 96 62 72
44 97 20 86
44 98 55 94
44 99 96 77
44 100 11 81
45 46 18 69
45 47 41 1
45 48 42 95
45 49 78 7
45 50 85 54
45 51 5 83
45 52 56 42
45 53 53 75
45 54 97 100
45 55 28 69
45 56 89 41
45 57 73 83
45 58 20 3
45 59 82 43
45 60 14 38
45 61 82 35
45 62 95 100
45 63 68 33
45 64 91 40
45 65 74 25
45 66 60 8
45 67 28 40
45 68 94 84
45 69 46 46
45 70 74 12
45 71 20 95
45 72 33 72
45 73 38 14
45 74 15 67
45 75 15 4
45 76 99 69
45 77 44 24
45 78 76 39
45 79 12 30
45 80 5 51
45 81 93 86
45 82 93 2
45 83 59 94
45 84 87 12
45 85 65 18
45 86 18 81
45 87 5 60
45 88 87 10
45 89 8 14
45 90 88 32
45 91 73 76
45 92 32 34
45 93 52 81
45 94 2 36
45 95 58 2
45 96 6 11
45 97 16 87
45 98 68 63
45 99 20 31
45 100 4 83
46 47 86 35
46 48 63 11
46 49 64 61
46 50 21 35
46 51 64 76
46 52 22 36
46 53 48 73
46 54 53 64
46 55 7 20
46 56 86 14
46 57 19 37
46 58 13 23
46 59 45 93
46 60 71 76
46 61 51 78
46 62 27 93
46 63 40 97
46 64 65 64
46 65 60 76
46 66 82 77
46 67 13 20
46 68 43 65
46 69 33 66
46 70 54 79
46 71 13 25
46 72 35 73
46 73 46 10
46 74 84 9
46 75 44 10
46 76 75 10
46 77 12 2
46 78 37 76
46 79 60 15
46 80 20 32
46 81 97 47
46 82 98 60
46 83 32 72
46 84 28 63
46 85 71 93
46 86 7 53
46 87 59 43
46 88 75 86
46 89 52 82
46 90 8 54
46 91 59 33
46 92 24 80
46 93 46 2
46 94 67 50
46 95 21 41
46 96 77 53
46 97 4 65
46 98 79 24
46 99 50 24
46 100 66 53
47 48 49 63
47 49 32 70
47 50 71 62
47 51 88 61
47 52 80 97
47 53 8 6
47 54 79 46
47 55 17 6
47 56 32 10
47 57 67 14
47 58 48 84
47 59 2 100
47 60 15 38
47 61 44 56
47 62 91 65
47 63 8 87
47 64 96 18
47 65 90 63
47 66 51 74
47 67 50 77
47 68 40 97
47 69 77 50
47 70 60 47
47 71 43 13
47 72 74 17
47 73 87 59
47 74 45 37
47 75 80 87
47 76 89 48
47 77 86 12
47 78 27 69
47 79 88 14
47 80 80 91
47 81 37 71
47 82 15 24
47 83 7 94
47 84 10 21
47 85 60 51
47 86 15 54
47 87 48 70
47 88 34 95
47 89 37 85
47 90 33 46
47 91 26 56
47 92 13 81
47 93 40 4
47 94 62 5
47 95 88 94
47 96 65 56
47 97 53 65
47 98 44 82
47 99 49 4
47 100 15 47
48 49 44 92
48 50 37 24
48 51 1 62
48 52 30 26
48 53 53 38
48 54 64 87
48 55 43 46
48 56 89 27
48 57 96 14
48 58 13 51
48 59 32 45
48 60 73 84
48 61 58 59
48 62 43 43
48 63 82 81
48 64 1 97
48 65 44 67
48 66 37 99
48 67 4 24
48 68 18 97
48 69 19 66
48 70 79 17
48 71 6 18
48 72 5 32
48 73 40 9
48 74 96 80
48 75 51 7
48 76 8 83
48 77 5 4
48 78 43 68
48 79 30 96
48 80 64 1
48 81 58 58
48 82 38 38
48 83 42 99
48 84 17 51
48 85 35 5
48 86 51 61
48 87 30 97
48 88 67 54
48 89 45 43
48 90 3 2
48 91 42 85
48 92 66 36
48 93 83 87
48 94 98 92
48 95 28 28
48 96 32 10
48 97 77 37
48 98 37 56
48 99 40 94
48 100 22 92
49 50 81 47
49 51 88 16
49 52 25 23
49 53 76 9
49 54 54 77
49 55 93 93
49 56 20 92
49 57 53 19
49 58 36 47
49 59 59 73
49 60 39 1
49 61 92 95
49 62 30 78
49 63 92 8
49 64 43 42
49 65 1 2
49 66 61 28
49 67 51 73
49 68 16 73
49 69 84 90
49 70 85 59
49 71 76 46
49 72 7 8
49 73 5 58
49 74 48 86
49 75 55 94
49 76 18 61
49 77 27 78
49 78 98 97
49 79 84 29
49 80 33 1
49 81 41 27
49 82 34 84
49 83 76 14
49 84 47 79
49 85 44 50
49 86 53 1
49 87 80 21
49 88 68 60
49 89 39 11
49 90 39 88
49 91 90 46
49 92 79 34
49 93 38 65
49 94 94 77
49 95 24 90
49 96 66 87
49 97 90 36
49 98 31 27
49 99 73 98
49 100 70 80
50 51 33 37
50 52 6 14
50 53 56 30
50 54 77 78
50 55 92 43
50 56 3 45
50 57 30 11
50 58 27 88
50 59 46 75
50 60 80 3
50 61 16 8
50 62 41 53
50 63 39 79
50 64 72 99
50 65 79 20
50 66 74 70
50 67 27 8
50 68 71 11
50 69 92 90
50 70 63 20
50 71 94 22
50 72 30 20
50 73 27 7
50 74 65 36
50 75 39 48
50 76 3 73
50 77 84 80
50 78 10 14
50 79 1 17
50 80 96 57
50 81 74 80
50 82 31 39
50 83 41 50
50 84 97 90
50 85 32 94
50 86 53 89
50 87 12 19
50 88 53 60
50 89 23 60
50 90 90 74
50 91 42 49
50 92 4 89
50 93 47 20
50 94 69 77
50 95 64 98
50 96 86 74
50 97 13 21
50 98 91 46
50 99 74 52
50 100 89 93
51 52 48 88
51 53 33 90
51 54 32 63
51 55 100 88
51 56 95 5
51 57 41 16
51 58 59 15
51 59 38 3
51 60 84 44
51 61 36 57
51 62 80 32
51 63 58 91
51 64 38 17
51 65 18 80
51 66 97 34
51 67 8 95
51 68 43 49
51 69 84 43
51 70 31 44
51 71 56 20
51 72 12 1
51 73 89 10
51 74 1 46
51 75 39 69
51 76 57 6
51 77 27 31
51 78 91 77
51 79 28 91
51 80 70 10
51 81 15 30
51 82 24 27
51 83 1 61
51 84 79 78
51 85 38 59
51 86 9 67
51 87 34 38
51 88 48 100
51 89 86 77
51 90 11 83
51 91 24 43
51 92 86 47
51 93 54 34
51 94 18 16
51 95 37 64
51 96 16 89
51 97 100 12
51 98 60 37
51 99 61 30
51 100 56 44
52 53 37 97
52 54 60 74
52 55 30 49
52 56 82 15
52 57 14 87
52 58 53 26
52 59 63 33
52 60 41 66
52 61 67 30
52 62 96 75
52 63 71 4
52 64 63 17
52 65 32 42
52 66 9 6
52 67 90 48
52 68 22 49
52 69 25 39
52 70 49 27
52 71 42 1
52 72 46 5
52 73 84 1
52 74 29 83
52 75 94 19
52 76 28 79
52 77 5 88
52 78 16 10
52 79 41 43
52 80 16 31
52 81 6 65
52 82 16 17
52 83 95 75
52 84 41 64
52 85 41 15
52 86 8 41
52 87 63 65
52 88 41 32
52 89 45 95
52 90 42 58
52 91 12 61
52 92 19 78
52 93 49 52
52 94 27 90
52 95 74 90
52 96 67 36
52 97 55 47
52 98 49 75
52 99 97 46
52 100 17 3
53 54 48 15
53 55 97 5
53 56 87 62
53 57 76 29
53 58 64 67
53 59 30 5
53 60 28 30
53 61 35 85
53 62 83 93
53 63 15 2
53 64 42 53
53 65 33 32
53 66 67 54
53 67 48 17
53 68 73 38
53 69 25 54
53 70 19 46
53 71 80 69
53 72 66 61
53 73 54 100
53 74 56 96
53 75 33 90
53 76 35 75
53 77 4 59
53 78 49 93
53 79 52 93
53 80 1 81
53 81 33 65
53 82 29 9
53 83 84 56
53 84 45 82
53 85 92 17
53 86 52 84
53 87 5 39
53 88 48 2
53 89 67 38
53 90 10 34
53 91 66 96
53 92 97 2
53 93 18 47
53 94 45 88
53 95 21 84
53 96 79 21
53 97 26 80
53 98 37 74
53 99 38 31
53 100 56 87
54 55 78 29
54 56 1 13
54 57 92 49
54 58 56 31
54 59 74 50
54 60 54 2
54 61 48 49
54 62 64 94
54 63 5 51
54 64 77 87
54 65 56 25
54 66 16 55
54 67 19 68
54 68 1 52
54 69 52 35
54 70 18 93
54 71 4 9
54 72 83 85
54 73 49 22
54 74 74 73
54 75 95 31
54 76 8 6
54 77 82 98
54 78 12 97
54 79 6 4
54 80 93 42
54 81 73 46
54 82 59 27
54 83 75 25
54 84 64 37
54 85 33 18
54 86 86 100
54 87 31 7
54 88 38 2
54 89 43 60
54 90 80 25
54 91 99 76
54 92 62 99
54 93 79 17
54 94 95 40
54 95 35 20
54 96 45 66
54 97 66 83
54 98 42 2
54 99 18 10
54 100 3 16
55 56 94 16
55 57 13 8
55 58 84 82
55 59 67 15
55 60 96 97
55 61 38 5
55 62 54 63
55 63 48 60
55 64 75 9
55 65 30 78
55 66 53 47
55 67 52 7
55 68 11 29
55 69 51 70
55 70 77 80
55 71 16 13
55 72 14 75
55 73 42 2
55 74 68 24
55 75 34 61
55 76 96 96
55 77 86 99
55 78 85 29
55 79 9 79
55 80 41 6
55 81 39 40
55 82 56 43
55 83 60 32
55 84 46 53
55 85 85 81
55 86 61 16
55 87 89 26
55 88 64 16
55 89 78 59
55 90 56 1
55 91 63 87
55 92 89 58
55 93 52 5
55 94 25 68
55 95 82 45
55 96 13 24
55 97 76 92
55 98 73 96
55 99 70 83
55 100 48 19
56 57 33 74
56 58 43 17
56 59 59 92
56 60 72 56
56 61 99 18
56 62 97 34
56 63 41 15
56 64 65 24
56 65 25 23
56 66 18 77
56 67 31 34
56 68 74 46
56 69 11 33
56 70 22 35
56 71 99 91
56 72 61 66
56 73 33 38
56 74 91 7
56 75 7 19
56 76 52 91
56 77 65 29
56 78 53 76
56 79 95 70
56 80 70 52
56 81 33 36
56 82 92 15
56 83 3 4
56 84 35 34
56 85 68 92
56 86 89 93
56 87 38 64
56 88 57 19
56 89 20 56
56 90 56 68
56 91 41 62
56 92 69 91
56 93 86 9
56 94 32 6
56 95 41 49
56 96 75 47
56 97 80 18
56 98 44 73
56 99 12 93
56 100 97 52
57 58 97 49
57 59 50 97
57 60 66 62
57 61 7 67
57 62 62 34
57 63 57 72
57 64 76 26
57 65 59 78
57 66 49 2
57 67 98 43
57 68 88 74
57 69 63 2
57 70 37 84
57 71 85 29
57 72 83 30
57 73 64 43
57 74 46 2
57 75 8 38
57 76 48 95
57 77 41 33
57 78 81 82
57 79 63 69
57 80 52 60
57 81 35 2
57 82 11 8
57 83 17 97
57 84 1 82
57 85 69 4
57 86 75 90
57 87 92 20
57 88 81 37
57 89 7 100
57 90 33 35
57 91 40 97
57 92 24 5
57 93 17 11
57 94 82 9
57 95 7 81
57 96 65 56
57 97 62 53
57 98 29 31
57 99 8 63
57 100 30 1
58 59 45 60
58 60 34 90
58 61 92 58
58 62 55 51
58 63 91 98
58 64 85 55
58 65 6 89
58 66 14 81
58 67 87 56
58 68 92 57
58 69 20 67
58 70 66 75
58 71 28 26
58 72 16 95
58 73 15 65
58 74 9 70
58 75 53 30
58 76 56 10
58 77 5 97
58 78 60 48
58 79 89 66
58 80 34 68
58 81 25 53
58 82 61 63
58 83 67 74
58 84 26 89
58 85 73 27
58 86 87 92
58 87 8 66
58 88 34 51
58 89 15 20
58 90 91 17
58 91 6 38
58 92 93 77
58 93 30 1
58 94 89 24
58 95 36 84
58 96 3 23
58 97 24 87
58 98 88 10
58 99 54 54
58 100 91 82
59 60 99 21
59 61 41 6
59 62 58 68
59 63 8 83
59 64 45 27
59 65 38 57
59 66 40 79
59 67 23 18
59 68 25 21
59 69 17 1
59 70 52 84
59 71 8 61
59 72 96 21
59 73 81 70
59 74 51 70
59 75 100 61
59 76 75 98
59 77 3 65
59 78 12 91
59 79 27 49
59 80 68 35
59 81 83 67
59 82 49 93
59 83 14 75
59 84 98 23
59 85 29 40
59 86 58 4
59 87 56 86
59 88 32 12
59 89 28 32
59 90 68 8
59 91 15 29
59 92 14 2
59 93 92 12
59 94 67 79
59 95 15 31
59 96 76 27
59 97 26 76
59 98 79 54
59 99 93 97
59 100 97 81
60 61 34 50
60 62 74 19
60 63 56 19
60 64 91 8
60 65 57 65
60 66 45 13
60 67 12 70
60 68 66 75
60 69 99 3
60 70 77 57
60 71 18 1
60 72 7 65
60 73 58 84
60 74 82 28
60 75 17 33
60 76 87 82
60 77 32 30
60 78 30 60
60 79 14 28
60 80 45 17
60 81 45 9
60 82 14 97
60 83 84 3
60 84 45 27
60 85 91 51
60 86 65 44
60 87 77 44
60 88 35 30
60 89 81 46
60 90 46 86
60 91 1 29
60 92 36 65
60 93 99 89
60 94 90 76
60 95 53 87
60 96 4 40
60 97 77 79
60 98 76 36
60 99 81 20
60 100 75 8
61 62 87 45
61 63 46 51
61 64 68 65
61 65 27 37
61 66 33 82
61 67 38 42
61 68 42 39
61 69 68 66
61 70 66 56
61 71 15 31
61 72 91 7
61 73 85 65
61 74 78 19
61 75 93 12
61 76 59 62
61 77 28 25
61 78 71 13
61 79 31 11
61 80 98 65
61 81 24 17
61 82 3 31
61 83 15 55
61 84 9 30
61 85 3 11
61 86 25 36
61 87 45 51
61 88 63 46
61 89 3 61
61 90 78 82
61 91 80 3
61 92 64 65
61 93 90 85
61 94 16 52
61 95 59 45
61 96 88 93
61 97 94 12
61 98 27 21
61 99 85 59
61 100 59 58
62 63 13 17
62 64 24 93
62 65 46 65
62 66 85 81
62 67 24 91
62 68 49 61
62 69 20 59
62 70 59 38
62 71 69 11
62 72 26 57
62 73 16 91
62 74 89 51
62 75 49 67
62 76 51 100
62 77 74 91
62 78 65 87
62 79 63 31
62 80 59 95
62 81 77 3
62 82 12 44
62 83 87 70
62 84 94 16
62 85 33 28
62 86 75 3
62 87 65 91
62 88 94 13
62 89 95 76
62 90 48 25
62 91 81 23
62 92 95 33
62 93 11 70
62 94 97 8
62 95 91 43
62 96 20 90
62 97 59 93
62 98 58 65
62 99 26 1
62 100 94 51
63 64 39 74
63 65 56 3
63 66 76 4
63 67 79 64
63 68 28 14
63 69 36 62
63 70 1 20
63 71 45 63
63 72 13 37
63 73 44 28
63 74 28 93
63 75 4 94
63 76 63 66
63 77 30 89
63 78 7 39
63 79 97 5
63 80 60 93
63 81 67 52
63 82 91 82
63 83 10 77
63 84 96 63
63 85 70 91
63 86 81 94
63 87 4 28
63 88 72 40
63 89 28 28
63 90 53 16
63 91 92 48
63 92 1 36
63 93 97 59
63 94 15 21
63 95 83 85
63 96 71 86
63 97 80 37
63 98 90 74
63 99 27 11
63 100 15 82
64 65 69 36
64 66 19 12
64 67 95 91
64 68 33 73
64 69 62 60
64 70 75 38
64 71 98 18
64 72 94 95
64 73 80 100
64 74 38 20
64 75 7 78
64 76 76 83
64 77 85 49
64 78 91 93
64 79 49 65
64 80 79 46
64 81 88 44
64 82 100 19
64 83 18 30
64 84 96 94
64 85 32 50
64 86 99 70
64 87 14 95
64 88 100 73
64 89 13 98
64 90 11 29
64 91 10 99
64 92 99 1
64 93 35 61
64 94 3 36
64 95 4 18
64 96 52 82
64 97 46 22
64 98 85 39
64 99 38 41
64 100 29 39
65 66 32 45
65 67 65 42
65 68 14 4
65 69 92 45
65 70 55 95
65 71 63 60
65 72 40 100
65 73 92 63
65 74 29 92
65 75 20 81
65 76 10 4
65 77 67 55
65 78 9 18
65 79 19 26
65 80 57 59
65 81 46 53
65 82 44 62
65 83 43 68
65 84 94 24
65 85 31 95
65 86 16 70
65 87 46 84
65 88 82 68
65 89 77 77
65 90 20 25
65 91 19 10
65 92 3 38
65 93 64 99
65 94 77 67
65 95 9 17
65 96 43 41
65 97 42 89
65 98 11 26
65 99 6 62
65 100 35 17
66 67 62 49
66 68 19 57
66 69 12 79
66 70 16 85
66 71 21 91
66 72 30 39
66 73 18 3
66 74 88 12
66 75 83 44
66 76 65 48
66 77 92 97
66 78 95 42
66 79 31 32
66 80 26 41
66 81 51 53
66 82 56 81
66 83 89 27
66 84 4 91
66 85 57 24
66 86 9 50
66 87 75 97
66 88 99 15
66 89 55 37
66 90 24 26
66 91 64 53
66 92 58 41
66 93 12 58
66 94 97 94
66 95 35 74
66 96 42 7
66 97 50 2
66 98 65 44
66 99 40 90
66 100 67 22
67 68 74 50
67 69 96 66
67 70 94 67
67 71 42 11
67 72 68 89
67 73 86 91
67 74 43 47
67 75 6 42
67 76 3 36
67 77 60 1
67 78 29 86
67 79 84 21
67 80 89 17
67 81 17 53
67 82 43 27
67 83 34 64
67 84 42 58
67 85 76 94
67 86 80 10
67 87 67 58
67 88 37 79
67 89 75 88
67 90 63 63
67 91 85 38
67 92 70 86
67 93 27 75
67 94 68 84
67 95 89 65
67 96 3 9
67 97 92 72
67 98 70 90
67 99 37 70
67 100 71 54
68 69 36 56
68 70 71 49
68 71 27 38
68 72 97 85
68 73 52 12
68 74 54 31
68 75 29 95
68 76 61 86
68 77 4 71
68 78 68 32
68 79 47 32
68 80 15 18
68 81 3 80
68 82 24 29
68 83 61 20
68 84 38 59
68 85 18 20
68 86 60 27
68 87 43 30
68 88 28 85
68 89 60 34
68 90 76 38
68 91 9 67
68 92 17 6
68 93 73 64
68 94 70 32
68 95 82 13
68 96 81 67
68 97 87 37
68 98 8 21
68 99 85 39
68 100 29 38
69 70 25 97
69 71 65 66
69 72 2 38
69 73 52 30
69 74 38 45
69 75 8 37
69 76 49 15
69 77 45 75
69 78 53 94
69 79 72 45
69 80 27 80
69 81 18 13
69 82 23 45
69 83 70 83
69 84 50 61
69 85 57 6
69 86 11 79
69 87 99 99
69 88 54 30
69 89 85 62
69 90 1 66
69 91 36 93
69 92 2 59
69 93 66 57
69 94 39 19
69 95 55 54
69 96 76 77
69 97 79 4
69 98 9 89
69 99 77 100
69 100 89 89
70 71 65 48
70 72 38 82
70 73 30 51
70 74 17 17
70 75 43 44
70 76 54 41
70 77 55 99
70 78 92 35
70 79 40 56
70 80 49 94
70 81 46 1
70 82 7 40
70 83 54 23
70 84 82 65
70 85 77 52
70 86 90 3
70 87 31 54
70 88 24 87
70 89 42 10
70 90 90 74
70 91 56 92
70 92 1 54
70 93 22 5
70 94 56 15
70 95 61 90
70 96 69 68
70 97 2 28
70 98 56 15
70 99 77 50
70 100 55 21
71 72 69 88
71 73 23 12
71 74 71 85
71 75 20 56
71 76 16 26
71 77 13 55
71 78 57 45
71 79 47 63
71 80 6 88
71 81 20 13
71 82 35 62
71 83 19 79
71 84 2 89
71 85 83 29
71 86 10 35
71 87 1 90
71 88 38 35
71 89 72 28
71 90 48 36
71 91 5 83
71 92 47 73
71 93 87 45
71 94 87 36
71 95 23 26
71 96 84 33
71 97 47 26
71 98 15 22
71 99 62 94
71 100 93 6
72 73 87 43
72 74 13 84
72 75 16 77
72 76 10 18
72 77 36 16
72 78 89 35
72 79 19 6
72 80 49 48
72 81 82 97
72 82 47 2
72 83 74 71
72 84 31 64
72 85 86 30
72 86 14 40
72 87 18 78
72 88 59 70
72 89 60 34
72 90 51 3
72 91 46 61
72 92 83 51
72 93 41 7
72 94 11 92
72 95 85 61
72 96 1 59
72 97 58 74
72 98 79 39
72 99 70 20
72 100 77 4
73 74 26 68
73 75 60 65
73 76 86 21
73 77 12 42
73 78 35 65
73 79 49 31
73 80 57 23
73 81 39 16
73 82 88 6
73 83 90 11
73 84 77 94
73 85 55 22
73 86 33 19
73 87 94 16
73 88 3 20
73 89 24 89
73 90 60 79
73 91 61 99
73 92 85 79
73 93 88 74
73 94 61 41
73 95 49 44
73 96 98 25
73 97 60 59
73 98 85 39
73 99 61 81
73 100 62 92
74 75 33 78
74 76 43 84
74 77 8 55
74 78 24 50
74 79 72 73
74 80 60 45
74 81 95 100
74 82 6 89
74 83 13 81
74 84 5 94
74 85 33 41
74 86 94 39
74 87 70 92
74 88 65 1
74 89 12 13
74 90 58 38
74 91 55 33
74 92 40 52
74 93 6 34
74 94 38 94
74 95 94 70
74 96 27 29
74 97 30 56
74 98 1 96
74 99 20 36
74 100 5 93
75 76 43 78
75 77 49 21
75 78 3 11
75 79 85 9
75 80 14 7
75 81 19 83
75 82 24 46
75 83 42 6
75 84 33 15
75 85 62 13
75 86 70 7
75 87 77 40
75 88 10 60
75 89 41 46
75 90 3 71
75 91 81 84
75 92 8 40
75 93 85 3
75 94 62 14
75 95 96 3
75 96 73 32
75 97 24 80
75 98 29 30
75 99 11 15
75 100 94 74
76 77 46 3
76 78 78 71
76 79 48 22
76 80 55 76
76 81 84 16
76 82 90 56
76 83 79 68
76 84 32 92
76 85 25 46
76 86 47 50
76 87 2 12
76 88 84 56
76 89 79 68
76 90 78 88
76 91 72 91
76 92 12 15
76 93 87 14
76 94 63 4
76 95 3 11
76 96 82 20
76 97 81 59
76 98 22 6
76 99 93 2
76 100 43 22
77 78 24 26
77 79 97 75
77 80 13 52
77 81 43 65
77 82 8 32
77 83 78 88
77 84 49 7
77 85 75 3
77 86 63 51
77 87 34 5
77 88 12 78
77 89 34 73
77 90 38 47
77 91 43 11
77 92 34 67
77 93 74 45
77 94 44 78
77 95 34 88
77 96 7 68
77 97 38 14
77 98 97 62
77 99 19 14
77 100 2 39
78 79 37 44
78 80 31 28
78 81 60 76
78 82 79 24
78 83 6 16
78 84 97 35
78 85 23 77
78 86 61 72
78 87 58 6
78 88 96 63
78 89 48 11
78 90 98 36
78 91 1 27
78 92 37 13
78 93 74 90
78 94 58 73
78 95 99 94
78 96 98 11
78 97 36 29
78 98 76 2
78 99 38 12
78 100 33 60
79 80 74 85
79 81 38 19
79 82 21 24
79 83 18 53
79 84 81 98
79 85 41 88
79 86 50 3
79 87 85 53
79 88 73 7
79 89 81 86
79 90 55 57
79 91 26 56
79 92 27 25
79 93 46 76
79 94 67 60
79 95 10 70
79 96 82 20
79 97 43 98
79 98 69 29
79 99 32 91
79 100 32 64
80 81 95 17
80 82 10 91
80 83 64 66
80 84 14 33
80 85 65 17
80 86 32 55
80 87 78 70
80 88 100 13
80 89 12 44
80 90 6 65
80 91 32 43
80 92 9 27
80 93 6 58
80 94 20 11
80 95 27 76
80 96 99 79
80 97 6 72
80 98 65 32
80 99 46 48
80 100 55 95
81 82 27 33
81 83 28 54
81 84 60 73
81 85 8 11
81 86 22 47
81 87 75 58
81 88 13 56
81 89 99 18
81 90 26 97
81 91 90 64
81 92 40 100
81 93 91 6
81 94 92 20
81 95 51 99
81 96 86 54
81 97 93 25
81 98 79 56
81 99 72 90
81 100 50 59
82 83 75 5
82 84 15 92
82 85 34 82
82 86 95 49
82 87 31 77
82 88 49 16
82 89 18 99
82 90 41 9
82 91 85 26
82 92 22 78
82 93 30 9
82 94 60 27
82 95 3 88
82 96 67 59
82 97 25 51
82 98 56 68
82 99 46 29
82 100 28 44
83 84 14 45
83 85 27 83
83 86 94 2
83 87 3 47
83 88 83 51
83 89 10 64
83 90 66 17
83 91 40 96
83 92 67 37
83 93 4 96
83 94 42 64
83 95 87 96
83 96 58 3
83 97 41 48
83 98 39 31
83 99 49 8
83 100 87 44
84 85 20 63
84 86 11 15
84 87 52 84
84 88 97 52
84 89 96 51
84 90 72 6
84 91 68 4
84 92 54 17
84 93 59 98
84 94 68 70
84 95 54 89
84 96 10 50
84 97 35 5
84 98 21 57
84 99 22 35
84 100 37 22
85 86 43 27
85 87 26 49
85 88 70 61
85 89 92 78
85 90 58 28
85 91 74 80
85 92 53 5
85 93 97 68
85 94 34 28
85 95 46 74
85 96 6 68
85 97 85 36
85 98 57 77
85 99 56 93
85 100 52 42
86 87 98 39
86 88 74 92
86 89 96 72
86 90 56 75
86 91 20 77
86 92 67 89
86 93 43 95
86 94 37 47
86 95 13 52
86 96 36 62
86 97 3 44
86 98 82 67
86 99 87 2
86 100 59 97
87 88 14 24
87 89 42 56
87 90 27 39
87 91 74 99
87 92 58 9
87 93 68 15
87 94 79 94
87 95 98 42
87 96 10 57
87 97 95 58
87 98 74 71
87 99 37 21
87 100 79 60
88 89 39 8
88 90 45 82
88 91 87 52
88 92 69 57
88 93 83 73
88 94 73 39
88 95 59 71
88 96 49 16
88 97 48 33
88 98 19 24
88 99 64 51
88 100 42 49
89 90 63 87
89 91 69 21
89 92 49 58
89 93 45 67
89 94 10 53
89 95 74 30
89 96 29 7
89 97 24 96
89 98 89 10
89 99 51 99
89 100 48 88
90 91 45 54
90 92 36 96
90 93 15 69
90 94 88 97
90 95 64 82
90 96 17 77
90 97 24 6
90 98 50 29
90 99 30 64
90 100 56 14
91 92 49 20
91 93 25 35
91 94 2 10
91 95 60 84
91 96 99 38
91 97 65 26
91 98 53 18
91 99 23 93
91 100 69 99
92 93 70 76
92 94 36 98
92 95 1 62
92 96 86 51
92 97 15 12
92 98 46 71
92 99 72 100
92 100 53 48
93 94 89 51
93 95 32 1
93 96 82 37
93 97 47 49
93 98 78 20
93 99 69 28
93 100 89 41
94 95 31 20
94 96 45 58
94 97 41 77
94 98 77 37
94 99 76 72
94 100 35 30
95 96 7 5
95 97 61 47
95 98 46 96
95 99 48 84
95 100 84 44
96 97 10 44
96 98 90 49
96 99 6 46
96 100 17 90
97 98 34 11
97 99 48 68
97 100 40 96
98 99 66 52
98 100 18 72
99 100 41 49