100
16
9
8
33
56
68
58
38
47
87
21
23
44
78
45
23
63
6
49
20
46
34
31
4
36
79
14
29
15
1
7
100
42
74
22
1 2 94 77
1 3 86 41
1 4 31 6
1 5 29 86
1 6 14 96
1 7 17 97
1 8 93 5
1 9 64 67
1 10 2 77
1 11 16 87
1 12 2 88
1 13 46 84
1 14 51 29
1 15 73 79
1 16 72 26
1 17 7 74
1 18 13 27
1 19 43 23
1 20 29 84
1 21 55 91
1 22 75 38
1 23 47 58
1 24 31 96
1 25 62 62
1 26 85 27
1 27 22 32
1 28 65 48
1 29 6 9
1 30 5 40
1 31 93 79
1 32 1 89
1 33 56 86
1 34 43 52
1 35 13 39
1 36 22 97
1 37 28 2
1 38 93 51
1 39 18 36
1 40 89 85
1 41 85 36
1 42 65 81
1 43 88 86
1 44 62 80
1 45 42 67
1 46 87 35
1 47 66 16
1 48 50 69
1 49 66 62
1 50 14 40
1 51 68 84
1 52 86 18
1 53 56 48
1 54 51 78
1 55 10 33
1 56 25 37
1 57 73 90
1 58 36 64
1 59 37 74
1 60 58 68
1 61 51 92
1 62 55 68
1 63 19 53
1 64 78 9
1 65 89 90
1 66 85 50
1 67 18 81
1 68 26 49
1 69 90 33
1 70 4 60
1 71 39 80
1 72 62 8
1 73 37 85
1 74 18 98
1 75 52 99
1 76 63 93
1 77 48 7
1 78 16 67
1 79 49 40
1 80 21 61
1 81 44 30
1 82 87 15
1 83 40 45
1 84 80 63
1 85 94 22
1 86 23 28
1 87 69 11
1 88 9 98
1 89 12 51
1 90 95 92
1 91 56 30
1 92 30 17
1 93 34 64
1 94 41 49
1 95 69 85
1 96 81 71
1 97 91 27
1 98 13 70
1 99 2 58
1 100 29 97
2 3 16 56
2 4 32 98
2 5 15 83
2 6 50 48
2 7 34 65
2 8 78 9
2 9 69 73
2 10 7 10
2 11 61 61
2 12 10 11
2 13 67 2
2 14 13 48
2 15 23 39
2 16 74 44
2 17 58 15
2 18 5 84
2 19 23 81
2 20 10 33
2 21 31 44
2 22 62 28
2 23 52 77
2 24 19 55
2 25 55 26
2 26 98 46
2 27 58 12
2 28 61 90
2 29 64 11
2 30 94 96
2 31 6 59
2 32 41 15
2 33 1 68
2 34 33 43
2 35 59 88
2 36 84 25
2 37 85 49
2 38 40 100
2 39 45 75
2 40 71 16
2 41 1 95
2 42 70 97
2 43 58 63
2 44 27 9
2 45 75 51
2 46 81 59
2 47 27 98
2 48 73 63
2 49 4 56
2 50 95 91
2 51 10 27
2 52 45 31
2 53 59 32
2 54 7 96
2 55 57 19
2 56 66 18
2 57 12 42
2 58 45 64
2 59 50 53
2 60 15 84
2 61 45 72
2 62 40 36
2 63 67 11
2 64 3 35
2 65 46 15
2 66 62 66
2 67 16 8
2 68 79 59
2 69 44 12
2 70 57 4
2 71 8 5
2 72 32 81
2 73 73 5
2 74 78 19
2 75 93 30
2 76 54 64
2 77 50 29
2 78 80 59
2 79 60 88
2 80 70 71
2 81 1 91
2 82 55 5
2 83 38 75
2 84 13 55
2 85 26 79
2 86 6 32
2 87 6 32
2 88 55 41
2 89 97 68
2 90 58 51
2 91 47 61
2 92 12 64
2 93 73 71
2 94 66 14
2 95 76 33
2 96 5 32
2 97 24 83
2 98 16 87
2 99 75 17
2 100 36 9
3 4 95 20
3 5 60 54
3 6 33 51
3 7 32 33
3 8 70 41
3 9 65 31
3 10 36 12
3 11 18 99
3 12 75 86
3 13 53 49
3 14 30 15
3 15 28 16
3 16 83 4
3 17 98 24
3 18 7 51
3 19 72 91
3 20 31 81
3 21 80 40
3 22 99 74
3 23 50 62
3 24 51 65
3 25 86 62
3 26 47 73
3 27 90 83
3 28 89 45
3 29 83 75
3 30 85 91
3 31 5 100
3 32 39 1
3 33 40 71
3 34 9 1
3 35 50 89
3 36 72 23
3 37 27 99
3 38 85 57
3 39 60 89
3 40 91 98
3 41 96 53
3 42 100 61
3 43 98 54
3 44 11 82
3 45 42 25
3 46 99 36
3 47 7 18
3 48 66 36
3 49 46 43
3 50 11 53
3 51 96 67
3 52 26 1
3 53 45 86
3 54 45 43
3 55 77 4
3 56 16 64
3 57 15 1
3 58 33 31
3 59 79 29
3 60 91 9
3 61 64 12
3 62 18 78
3 63 82 7
3 64 20 93
3 65 83 10
3 66 12 17
3 67 89 72
3 68 23 81
3 69 13 58
3 70 77 57
3 71 14 22
3 72 62 82
3 73 53 18
3 74 70 35
3 75 53 99
3 76 33 6
3 77 100 36
3 78 99 67
3 79 11 52
3 80 43 72
3 81 79 74
3 82 58 47
3 83 48 6
3 84 96 57
3 85 48 27
3 86 38 85
3 87 7 94
3 88 90 65
3 89 34 74
3 90 52 81
3 91 75 66
3 92 95 21
3 93 14 1
3 94 9 7
3 95 72 17
3 96 83 85
3 97 84 6
3 98 80 91
3 99 78 26
3 100 70 26
4 5 16 36
4 6 99 47
4 7 7 61
4 8 7 62
4 9 83 60
4 10 89 2
4 11 50 11
4 12 11 31
4 13 18 43
4 14 5 36
4 15 23 62
4 16 21 11
4 17 87 68
4 18 44 87
4 19 66 54
4 20 41 91
4 21 11 74
4 22 28 44
4 23 37 26
4 24 51 41
4 25 58 74
4 26 4 47
4 27 61 52
4 28 23 64
4 29 57 39
4 30 66 89
4 31 96 94
4 32 17 93
4 33 28 63
4 34 9 74
4 35 92 52
4 36 83 2
4 37 72 22
4 38 80 79
4 39 11 46
4 40 54 42
4 41 45 36
4 42 81 26
4 43 2 15
4 44 31 6
4 45 63 34
4 46 93 89
4 47 24 63
4 48 6 94
4 49 60 32
4 50 63 50
4 51 86 65
4 52 76 12
4 53 29 68
4 54 64 95
4 55 8 50
4 56 53 51
4 57 41 59
4 58 37 18
4 59 46 87
4 60 52 65
4 61 63 1
4 62 5 85
4 63 4 81
4 64 11 54
4 65 24 11
4 66 9 46
4 67 84 68
4 68 47 49
4 69 7 79
4 70 80 13
4 71 9 100
4 72 28 29
4 73 77 87
4 74 24 92
4 75 4 57
4 76 3 79
4 77 48 43
4 78 83 16
4 79 73 93
4 80 83 64
4 81 41 41
4 82 36 14
4 83 75 53
4 84 27 30
4 85 43 12
4 86 3 81
4 87 28 24
4 88 9 5
4 89 40 49
4 90 20 4
4 91 20 84
4 92 30 72
4 93 73 19
4 94 97 16
4 95 31 30
4 96 11 60
4 97 31 75
4 98 41 95
4 99 97 48
4 100 20 39
5 6 57 88
5 7 17 14
5 8 100 15
5 9 91 63
5 10 64 45
5 11 62 100
5 12 31 79
5 13 100 11
5 14 50 56
5 15 15 99
5 16 73 77
5 17 48 50
5 18 55 42
5 19 71 13
5 20 62 2
5 21 3 7
5 22 19 99
5 23 78 56
5 24 89 70
5 25 56 96
5 26 55 94
5 27 88 85
5 28 7 62
5 29 37 12
5 30 23 32
5 31 62 43
5 32 51 32
5 33 27 2
5 34 94 66
5 35 55 58
5 36 61 17
5 37 25 44
5 38 27 21
5 39 6 42
5 40 22 6
5 41 23 39
5 42 19 39
5 43 84 11
5 44 87 83
5 45 14 95
5 46 83 42
5 47 2 7
5 48 21 49
5 49 19 24
5 50 65 50
5 51 23 83
5 52 10 2
5 53 7 28
5 54 56 7
5 55 59 85
5 56 100 21
5 57 65 40
5 58 2 85
5 59 10 25
5 60 67 76
5 61 41 84
5 62 85 84
5 63 5 20
5 64 79 77
5 65 48 78
5 66 3 39
5 67 6 21
5 68 20 58
5 69 59 24
5 70 3 44
5 71 73 55
5 72 60 87
5 73 31 99
5 74 1 52
5 75 75 98
5 76 68 63
5 77 93 62
5 78 81 57
5 79 15 6
5 80 84 5
5 81 4 14
5 82 6 36
5 83 41 17
5 84 43 32
5 85 45 45
5 86 92 89
5 87 98 36
5 88 11 97
5 89 79 33
5 90 59 72
5 91 5 26
5 92 43 31
5 93 88 9
5 94 72 34
5 95 15 80
5 96 33 73
5 97 57 39
5 98 11 34
5 99 77 12
5 100 7 39
6 7 40 8
6 8 58 75
6 9 25 65
6 10 79 6
6 11 11 77
6 12 99 27
6 13 98 36
6 14 32 52
6 15 14 1
6 16 40 83
6 17 1 20
6 18 7 23
6 19 77 39
6 20 51 40
6 21 10 60
6 22 100 63
6 23 1 19
6 24 46 24
6 25 33 1
6 26 14 91
6 27 26 100
6 28 55 68
6 29 22 78
6 30 89 50
6 31 93 89
6 32 87 44
6 33 75 77
6 34 57 94
6 35 12 37
6 36 62 12
6 37 87 8
6 38 29 1
6 39 73 19
6 40 67 32
6 41 66 94
6 42 86 90
6 43 79 74
6 44 12 57
6 45 10 15
6 46 21 26
6 47 20 43
6 48 83 61
6 49 40 72
6 50 34 26
6 51 34 19
6 52 82 17
6 53 87 94
6 54 92 22
6 55 9 86
6 56 53 6
6 57 25 76
6 58 40 5
6 59 54 32
6 60 100 6
6 61 69 78
6 62 49 65
6 63 43 57
6 64 16 87
6 65 71 68
6 66 4 90
6 67 84 77
6 68 9 39
6 69 26 44
6 70 18 22
6 71 13 82
6 72 8 15
6 73 46 54
6 74 24 75
6 75 4 49
6 76 90 35
6 77 48 92
6 78 50 12
6 79 83 69
6 80 75 2
6 81 100 62
6 82 20 60
6 83 82 45
6 84 67 89
6 85 69 89
6 86 67 84
6 87 83 4
6 88 12 49
6 89 74 77
6 90 79 56
6 91 33 100
6 92 77 78
6 93 94 73
6 94 56 43
6 95 99 13
6 96 59 70
6 97 78 49
6 98 20 46
6 99 100 42
6 100 91 78
7 8 65 26
7 9 58 79
7 10 13 18
7 11 80 96
7 12 6 69
7 13 15 4
7 14 98 65
7 15 52 54
7 16 46 18
7 17 1 85
7 18 50 58
7 19 4 43
7 20 2 14
7 21 55 55
7 22 99 34
7 23 57 79
7 24 8 98
7 25 4 54
7 26 47 10
7 27 33 64
7 28 88 50
7 29 81 39
7 30 38 13
7 31 10 60
7 32 63 96
7 33 97 61
7 34 33 23
7 35 27 14
7 36 62 29
7 37 32 52
7 38 97 59
7 39 80 69
7 40 39 96
7 41 59 78
7 42 73 19
7 43 25 24
7 44 97 83
7 45 12 73
7 46 23 88
7 47 14 53
7 48 59 69
7 49 7 2
7 50 100 34
7 51 61 60
7 52 77 66
7 53 28 50
7 54 64 71
7 55 94 11
7 56 49 74
7 57 12 15
7 58 80 81
7 59 45 44
7 60 57 94
7 61 68 5
7 62 1 23
7 63 25 40
7 64 78 52
7 65 69 64
7 66 62 92
7 67 100 78
7 68 100 50
7 69 2 53
7 70 28 15
7 71 83 27
7 72 82 44
7 73 89 18
7 74 29 39
7 75 52 92
7 76 18 19
7 77 87 83
7 78 35 12
7 79 31 43
7 80 39 75
7 81 56 82
7 82 39 27
7 83 81 21
7 84 62 15
7 85 95 98
7 86 27 98
7 87 52 51
7 88 30 8
7 89 27 4
7 90 34 76
7 91 33 71
7 92 63 42
7 93 74 65
7 94 6 25
7 95 63 79
7 96 36 15
7 97 95 67
7 98 1 27
7 99 59 2
7 100 11 99
8 9 60 26
8 10 97 11
8 11 39 42
8 12 31 15
8 13 82 34
8 14 77 8
8 15 58 42
8 16 42 71
8 17 21 25
8 18 83 29
8 19 57 27
8 20 79 92
8 21 80 82
8 22 98 38
8 23 75 2
8 24 13 13
8 25 89 5
8 26 97 33
8 27 92 97
8 28 97 82
8 29 67 99
8 30 89 5
8 31 22 59
8 32 15 45
8 33 74 40
8 34 6 54
8 35 87 40
8 36 14 25
8 37 33 7
8 38 58 11
8 39 91 23
8 40 76 29
8 41 100 70
8 42 30 57
8 43 45 2
8 44 10 30
8 45 6 62
8 46 40 83
8 47 13 71
8 48 76 35
8 49 69 19
8 50 90 48
8 51 94 47
8 52 68 20
8 53 24 78
8 54 13 36
8 55 98 20
8 56 34 18
8 57 69 5
8 58 44 6
8 59 41 57
8 60 29 78
8 61 20 73
8 62 16 94
8 63 28 66
8 64 50 8
8 65 3 37
8 66 6 51
8 67 77 49
8 68 15 88
8 69 58 26
8 70 19 37
8 71 3 80
8 72 76 85
8 73 6 9
8 74 98 96
8 75 26 11
8 76 65 24
8 77 84 93
8 78 66 17
8 79 33 25
8 80 86 11
8 81 3 11
8 82 1 18
8 83 13 64
8 84 92 97
8 85 38 31
8 86 24 17
8 87 82 33
8 88 58 38
8 89 23 70
8 90 10 45
8 91 19 75
8 92 60 87
8 93 47 97
8 94 32 23
8 95 6 9
8 96 98 97
8 97 7 84
8 98 59 40
8 99 9 35
8 100 37 17
9 10 77 2
9 11 83 20
9 12 25 58
9 13 36 24
9 14 6 33
9 15 28 44
9 16 10 36
9 17 99 79
9 18 50 36
9 19 22 91
9 20 71 15
9 21 38 33
9 22 10 28
9 23 34 24
9 24 41 18
9 25 84 67
9 26 33 3
9 27 82 2
9 28 35 63
9 29 46 23
9 30 79 6
9 31 7 72
9 32 22 89
9 33 93 91
9 34 45 37
9 35 23 17
9 36 35 58
9 37 65 84
9 38 2 72
9 39 74 4
9 40 22 50
9 41 86 69
9 42 93 67
9 43 8 72
9 44 23 68
9 45 73 12
9 46 14 2
9 47 35 75
9 48 40 95
9 49 31 59
9 50 11 27
9 51 77 31
9 52 23 86
9 53 33 70
9 54 9 86
9 55 72 60
9 56 92 89
9 57 87 3
9 58 46 38
9 59 64 42
9 60 3 96
9 61 15 66
9 62 2 60
9 63 57 96
9 64 15 77
9 65 60 18
9 66 96 91
9 67 15 61
9 68 18 16
9 69 58 92
9 70 46 2
9 71 40 100
9 72 30 76
9 73 85 91
9 74 68 60
9 75 42 100
9 76 22 75
9 77 92 50
9 78 43 77
9 79 29 50
9 80 32 92
9 81 92 92
9 82 52 19
9 83 71 9
9 84 18 4
9 85 73 43
9 86 71 98
9 87 83 5
9 88 69 20
9 89 18 63
9 90 85 47
9 91 67 36
9 92 97 23
9 93 5 17
9 94 31 71
9 95 9 50
9 96 19 71
9 97 54 19
9 98 57 28
9 99 60 44
9 100 64 90
10 11 88 37
10 12 93 71
10 13 99 54
10 14 79 15
10 15 42 60
10 16 18 38
10 17 19 81
10 18 35 68
10 19 30 95
10 20 95 68
10 21 49 62
10 22 47 75
10 23 70 5
10 24 41 3
10 25 74 91
10 26 62 100
10 27 8 32
10 28 84 47
10 29 3 65
10 30 79 49
10 31 73 39
10 32 71 93
10 33 33 72
10 34 30 79
10 35 31 77
10 36 40 98
10 37 42 48
10 38 98 53
10 39 97 95
10 40 33 12
10 41 70 62
10 42 10 8
10 43 74 67
10 44 71 55
10 45 23 52
10 46 99 14
10 47 80 43
10 48 2 96
10 49 10 48
10 50 24 81
10 51 29 34
10 52 83 79
10 53 93 88
10 54 91 68
10 55 20 57
10 56 46 7
10 57 3 1
10 58 88 48
10 59 56 27
10 60 78 70
10 61 30 16
10 62 64 18
10 63 63 64
10 64 34 23
10 65 37 35
10 66 66 50
10 67 32 8
10 68 33 62
10 69 78 69
10 70 59 16
10 71 73 63
10 72 39 75
10 73 29 3
10 74 29 7
10 75 96 68
10 76 55 42
10 77 34 74
10 78 38 1
10 79 26 33
10 80 81 44
10 81 65 50
10 82 78 11
10 83 86 16
10 84 87 3
10 85 50 82
10 86 49 95
10 87 84 96
10 88 28 67
10 89 3 81
10 90 99 74
10 91 81 28
10 92 30 93
10 93 79 38
10 94 32 15
10 95 72 24
10 96 60 27
10 97 45 45
10 98 59 73
10 99 63 52
10 100 7 80
11 12 24 24
11 13 49 22
11 14 26 82
11 15 67 6
11 16 75 24
11 17 97 17
11 18 74 21
11 19 64 89
11 20 65 74
11 21 39 10
11 22 31 13
11 23 64 78
11 24 42 2
11 25 37 22
11 26 49 21
11 27 62 74
11 28 27 38
11 29 70 18
11 30 90 41
11 31 56 9
11 32 26 12
11 33 92 84
11 34 56 7
11 35 35 55
11 36 93 46
11 37 31 69
11 38 80 95
11 39 53 12
11 40 78 73
11 41 83 17
11 42 69 1
11 43 63 51
11 44 37 18
11 45 73 24
11 46 97 81
11 47 10 26
11 48 78 40
11 49 70 9
11 50 41 27
11 51 77 3
11 52 1 42
11 53 82 18
11 54 39 53
11 55 11 17
11 56 74 8
11 57 8 67
11 58 85 16
11 59 45 40
11 60 76 72
11 61 61 95
11 62 65 49
11 63 2 88
11 64 77 34
11 65 36 32
11 66 79 51
11 67 5 38
11 68 92 63
11 69 6 11
11 70 33 8
11 71 16 48
11 72 82 15
11 73 24 79
11 74 15 33
11 75 22 98
11 76 69 74
11 77 35 30
11 78 3 25
11 79 8 42
11 80 83 62
11 81 96 81
11 82 89 89
11 83 78 64
11 84 20 69
11 85 86 76
11 86 38 32
11 87 71 55
11 88 31 66
11 89 6 33
11 90 88 3
11 91 8 45
11 92 87 66
11 93 3 22
11 94 30 41
11 95 39 90
11 96 92 12
11 97 18 18
11 98 46 94
11 99 61 94
11 100 57 52
12 13 84 81
12 14 12 49
12 15 30 6
12 16 100 92
12 17 52 38
12 18 94 91
12 19 95 25
12 20 18 18
12 21 42 25
12 22 20 83
12 23 96 44
12 24 59 28
12 25 81 21
12 26 4 18
12 27 74 44
12 28 96 39
12 29 17 81
12 30 89 29
12 31 69 26
12 32 66 5
12 33 10 43
12 34 63 62
12 35 30 36
12 36 94 73
12 37 21 87
12 38 86 81
12 39 64 53
12 40 65 52
12 41 20 70
12 42 72 68
12 43 35 7
12 44 37 68
12 45 45 60
12 46 100 78
12 47 96 89
12 48 93 40
12 49 27 60
12 50 50 18
12 51 95 95
12 52 76 35
12 53 55 96
12 54 100 31
12 55 58 44
12 56 56 15
12 57 17 29
12 58 91 85
12 59 83 1
12 60 98 30
12 61 17 87
12 62 15 94
12 63 77 71
12 64 86 58
12 65 99 40
12 66 46 72
12 67 56 17
12 68 35 98
12 69 89 99
12 70 37 57
12 71 22 81
12 72 40 3
12 73 19 85
12 74 12 26
12 75 85 55
12 76 42 26
12 77 39 72
12 78 76 71
12 79 93 46
12 80 35 62
12 81 51 34
12 82 82 8
12 83 2 2
12 84 36 29
12 85 76 70
12 86 76 80
12 87 90 68
12 88 76 24
12 89 91 47
12 90 76 18
12 91 80 63
12 92 53 4
12 93 96 47
12 94 91 29
12 95 63 47
12 96 37 28
12 97 69 53
12 98 85 95
12 99 94 62
12 100 57 92
13 14 5 58
13 15 29 42
13 16 53 33
13 17 89 95
13 18 63 49
13 19 54 35
13 20 94 99
13 21 83 35
13 22 42 60
13 23 23 93
13 24 24 94
13 25 99 79
13 26 95 83
13 27 59 20
13 28 54 43
13 29 56 82
13 30 45 92
13 31 11 48
13 32 54 7
13 33 23 52
13 34 77 42
13 35 36 48
13 36 55 73
13 37 32 24
13 38 20 82
13 39 17 93
13 40 75 14
13 41 6 83
13 42 74 35
13 43 26 52
13 44 31 8
13 45 25 7
13 46 40 54
13 47 61 72
13 48 71 41
13 49 44 7
13 50 84 3
13 51 12 79
13 52 10 1
13 53 62 49
13 54 78 37
13 55 90 7
13 56 64 65
13 57 28 60
13 58 76 12
13 59 96 50
13 60 20 46
13 61 91 11
13 62 10 96
13 63 81 22
13 64 71 41
13 65 49 71
13 66 84 42
13 67 2 14
13 68 23 81
13 69 50 25
13 70 74 85
13 71 26 65
13 72 15 99
13 73 65 54
13 74 72 40
13 75 11 44
13 76 30 48
13 77 47 20
13 78 42 3
13 79 95 11
13 80 93 100
13 81 16 68
13 82 4 84
13 83 63 45
13 84 1 53
13 85 81 43
13 86 40 82
13 87 84 30
13 88 27 38
13 89 77 22
13 90 49 94
13 91 17 23
13 92 59 57
13 93 18 49
13 94 93 96
13 95 54 67
13 96 45 1
13 97 65 96
13 98 4 34
13 99 70 16
13 100 22 68
14 15 86 50
14 16 13 100
14 17 39 66
14 18 18 53
14 19 26 97
14 20 6 86
14 21 33 42
14 22 84 21
14 23 92 72
14 24 39 25
14 25 58 40
14 26 43 58
14 27 91 66
14 28 5 48
14 29 26 49
14 30 8 80
14 31 13 34
14 32 33 27
14 33 74 12
14 34 35 43
14 35 55 18
14 36 42 50
14 37 39 71
14 38 42 67
14 39 57 8
14 40 80 11
14 41 86 6
14 42 87 8
14 43 94 88
14 44 38 66
14 45 69 5
14 46 36 80
14 47 80 52
14 48 28 9
14 49 50 5
14 50 54 21
14 51 77 53
14 52 100 42
14 53 76 75
14 54 22 96
14 55 25 91
14 56 76 26
14 57 73 13
14 58 49 26
14 59 66 49
14 60 11 37
14 61 20 11
14 62 28 21
14 63 49 84
14 64 16 11
14 65 9 79
14 66 27 98
14 67 66 65
14 68 98 28
14 69 60 80
14 70 49 73
14 71 99 95
14 72 69 82
14 73 24 79
14 74 32 9
14 75 9 50
14 76 32 38
14 77 9 36
14 78 92 88
14 79 12 78
14 80 27 54
14 81 81 17
14 82 34 88
14 83 42 72
14 84 25 16
14 85 55 97
14 86 95 6
14 87 16 30
14 88 2 36
14 89 30 18
14 90 91 21
14 91 28 36
14 92 24 92
14 93 78 71
14 94 85 56
14 95 30 5
14 96 83 43
14 97 72 52
14 98 22 84
14 99 28 96
14 100 1 32
15 16 87 46
15 17 79 11
15 18 79 3
15 19 86 100
15 20 78 18
15 21 12 43
15 22 88 18
15 23 65 62
15 24 63 47
15 25 3 64
15 26 38 72
15 27 12 9
15 28 3 91
15 29 53 13
15 30 32 38
15 31 67 50
15 32 54 32
15 33 35 72
15 34 99 13
15 35 2 48
15 36 61 1
15 37 43 6
15 38 29 24
15 39 51 41
15 40 35 70
15 41 52 41
15 42 86 48
15 43 6 41
15 44 47 64
15 45 83 18
15 46 12 90
15 47 78 93
15 48 17 83
15 49 84 63
15 50 81 73
15 51 56 95
15 52 82 35
15 53 16 18
15 54 57 25
15 55 36 62
15 56 52 24
15 57 88 51
15 58 23 53
15 59 9 80
15 60 29 50
15 61 56 34
15 62 94 53
15 63 88 31
15 64 40 88
15 65 30 93
15 66 37 45
15 67 77 3
15 68 59 19
15 69 70 62
15 70 45 64
15 71 5 84
15 72 52 2
15 73 52 2
15 74 81 44
15 75 89 31
15 76 22 93
15 77 44 48
15 78 20 53
15 79 73 46
15 80 30 31
15 81 42 36
15 82 72 41
15 83 12 85
15 84 23 34
15 85 46 55
15 86 20 41
15 87 89 6
15 88 28 40
15 89 77 89
15 90 20 87
15 91 78 20
15 92 96 52
15 93 56 99
15 94 81 69
15 95 44 58
15 96 12 31
15 97 27 74
15 98 42 56
15 99 68 80
15 100 52 4
16 17 54 40
16 18 98 32
16 19 85 55
16 20 20 27
16 21 79 86
16 22 64 62
16 23 64 56
16 24 58 22
16 25 87 29
16 26 45 71
16 27 68 91
16 28 29 38
16 29 83 27
16 30 45 68
16 31 71 92
16 32 100 14
16 33 72 16
16 34 46 34
16 35 44 74
16 36 88 65
16 37 27 68
16 38 55 72
16 39 11 5
16 40 35 99
16 41 38 56
16 42 96 43
16 43 57 66
16 44 90 41
16 45 54 71
16 46 31 93
16 47 97 94
16 48 81 49
16 49 45 78
16 50 47 60
16 51 71 12
16 52 70 8
16 53 47 24
16 54 8 30
16 55 58 7
16 56 7 75
16 57 85 46
16 58 45 51
16 59 3 18
16 60 24 7
16 61 79 84
16 62 15 25
16 63 53 35
16 64 10 45
16 65 81 5
16 66 63 27
16 67 79 64
16 68 91 49
16 69 47 72
16 70 68 67
16 71 49 75
16 72 71 95
16 73 69 24
16 74 53 99
16 75 41 24
16 76 86 53
16 77 87 71
16 78 85 88
16 79 22 5
16 80 100 65
16 81 93 27
16 82 2 32
16 83 4 92
16 84 90 84
16 85 70 54
16 86 87 46
16 87 27 15
16 88 70 79
16 89 78 16
16 90 14 69
16 91 32 83
16 92 36 84
16 93 41 84
16 94 70 43
16 95 99 57
16 96 66 50
16 97 11 70
16 98 67 2
16 99 67 34
16 100 96 9
17 18 12 55
17 19 94 77
17 20 94 24
17 21 86 3
17 22 93 4
17 23 68 29
17 24 53 58
17 25 76 40
17 26 6 7
17 27 13 6
17 28 85 87
17 29 76 40
17 30 48 74
17 31 88 90
17 32 3 68
17 33 74 2
17 34 31 19
17 35 46 45
17 36 78 71
17 37 48 5
17 38 70 30
17 39 55 3
17 40 22 69
17 41 13 16
17 42 28 27
17 43 15 72
17 44 35 65
17 45 53 11
17 46 18 38
17 47 1 42
17 48 83 67
17 49 19 65
17 50 4 96
17 51 11 9
17 52 14 97
17 53 10 16
17 54 35 86
17 55 20 65
17 56 22 33
17 57 38 12
17 58 61 75
17 59 27 10
17 60 69 59
17 61 81 71
17 62 76 33
17 63 89 52
17 64 62 88
17 65 72 41
17 66 41 21
17 67 21 9
17 68 59 35
17 69 98 14
17 70 20 45
17 71 58 84
17 72 40 28
17 73 11 61
17 74 38 26
17 75 66 90
17 76 43 2
17 77 19 16
17 78 64 41
17 79 22 40
17 80 97 96
17 81 79 5
17 82 30 74
17 83 20 46
17 84 83 35
17 85 58 35
17 86 58 59
17 87 65 95
17 88 12 41
17 89 17 60
17 90 2 66
17 91 1 68
17 92 40 85
17 93 94 6
17 94 69 92
17 95 4 20
17 96 26 18
17 97 36 14
17 98 21 47
17 99 28 93
17 100 48 96
18 19 94 15
18 20 29 81
18 21 72 79
18 22 34 93
18 23 34 54
18 24 44 51
18 25 55 32
18 26 84 11
18 27 76 79
18 28 65 89
18 29 91 76
18 30 42 6
18 31 92 45
18 32 100 6
18 33 79 97
18 34 69 50
18 35 84 82
18 36 65 50
18 37 32 31
18 38 96 95
18 39 57 97
18 40 5 10
18 41 97 24
18 42 42 56
18 43 86 62
18 44 41 35
18 45 95 16
18 46 90 98
18 47 68 46
18 48 85 26
18 49 34 3
18 50 59 8
18 51 12 91
18 52 64 43
18 53 44 82
18 54 58 1
18 55 88 76
18 56 11 80
18 57 35 72
18 58 64 99
18 59 73 54
18 60 71 32
18 61 91 60
18 62 12 66
18 63 14 77
18 64 3 29
18 65 65 38
18 66 13 60
18 67 71 6
18 68 91 24
18 69 19 91
18 70 40 97
18 71 16 67
18 72 55 86
18 73 67 17
18 74 18 83
18 75 44 84
18 76 86 91
18 77 10 51
18 78 84 6
18 79 2 33
18 80 36 99
18 81 56 3
18 82 66 53
18 83 63 90
18 84 19 51
18 85 67 100
18 86 3 82
18 87 33 95
18 88 50 45
18 89 1 18
18 90 73 52
18 91 42 94
18 92 54 10
18 93 26 18
18 94 84 53
18 95 32 96
18 96 3 79
18 97 57 12
18 98 13 83
18 99 90 4
18 100 37 27
19 20 49 21
19 21 4 97
19 22 93 61
19 23 96 95
19 24 92 100
19 25 37 100
19 26 77 80
19 27 100 76
19 28 99 91
19 29 53 79
19 30 86 35
19 31 90 85
19 32 49 25
19 33 20 64
19 34 28 87
19 35 38 15
19 36 82 49
19 37 15 6
19 38 88 51
19 39 4 40
19 40 29 8
19 41 9 25
19 42 54 45
19 43 12 37
19 44 56 17
19 45 25 88
19 46 34 84
19 47 100 18
19 48 30 78
19 49 4 34
19 50 95 95
19 51 66 67
19 52 90 80
19 53 12 39
19 54 29 48
19 55 77 31
19 56 56 73
19 57 60 69
19 58 16 28
19 59 90 95
19 60 34 26
19 61 88 82
19 62 25 97
19 63 22 14
19 64 23 23
19 65 30 86
19 66 2 67
19 67 41 6
19 68 88 29
19 69 19 60
19 70 27 51
19 71 85 20
19 72 3 20
19 73 24 42
19 74 23 28
19 75 24 21
19 76 80 73
19 77 85 92
19 78 28 28
19 79 76 37
19 80 16 97
19 81 87 80
19 82 75 71
19 83 74 31
19 84 37 49
19 85 49 99
19 86 99 77
19 87 25 64
19 88 46 9
19 89 98 26
19 90 56 92
19 91 57 8
19 92 71 15
19 93 20 74
19 94 69 5
19 95 66 59
19 96 51 19
19 97 90 95
19 98 33 48
19 99 37 73
19 100 19 16
20 21 21 44
20 22 65 6
20 23 58 26
20 24 48 49
20 25 27 100
20 26 55 32
20 27 47 80
20 28 88 87
20 29 44 35
20 30 48 95
20 31 98 66
20 32 71 38
20 33 12 4
20 34 57 89
20 35 100 66
20 36 68 37
20 37 3 59
20 38 10 15
20 39 71 1
20 40 93 94
20 41 54 3
20 42 93 80
20 43 37 80
20 44 19 11
20 45 81 16
20 46 81 72
20 47 68 48
20 48 25 77
20 49 21 63
20 50 73 33
20 51 49 65
20 52 86 82
20 53 88 87
20 54 74 22
20 55 14 54
20 56 64 48
20 57 47 15
20 58 1 48
20 59 71 38
20 60 17 17
20 61 7 42
20 62 8 49
20 63 47 51
20 64 72 18
20 65 21 63
20 66 39 70
20 67 94 53
20 68 8 66
20 69 19 24
20 70 1 91
20 71 96 93
20 72 53 33
20 73 47 56
20 74 46 53
20 75 85 91
20 76 4 67
20 77 76 46
20 78 83 53
20 79 91 25
20 80 6 95
20 81 67 82
20 82 76 63
20 83 87 56
20 84 57 70
20 85 68 95
20 86 19 56
20 87 81 55
20 88 9 91
20 89 48 65
20 90 13 54
20 91 13 84
20 92 94 58
20 93 39 82
20 94 63 60
20 95 88 48
20 96 51 69
20 97 71 90
20 98 70 18
20 99 20 45
20 100 14 41
21 22 10 87
21 23 23 88
21 24 55 9
21 25 12 74
21 26 96 46
21 27 82 95
21 28 93 98
21 29 91 26
21 30 70 61
21 31 20 69
21 32 55 72
21 33 28 68
21 34 34 52
21 35 31 13
21 36 17 33
21 37 71 46
21 38 42 72
21 39 83 14
21 40 14 83
21 41 11 21
21 42 100 9
21 43 26 37
21 44 16 13
21 45 49 45
21 46 17 59
21 47 1 98
21 48 88 82
21 49 29 89
21 50 31 8
21 51 76 100
21 52 13 89
21 53 80 54
21 54 28 53
21 55 86 25
21 56 89 82
21 57 45 66
21 58 89 23
21 59 21 11
21 60 42 85
21 61 14 39
21 62 46 85
21 63 67 67
21 64 32 1
21 65 27 95
21 66 13 75
21 67 91 89
21 68 60 58
21 69 46 51
21 70 14 87
21 71 73 86
21 72 5 32
21 73 67 74
21 74 12 86
21 75 93 83
21 76 41 61
21 77 98 57
21 78 49 59
21 79 50 90
21 80 90 100
21 81 4 77
21 82 48 7
21 83 80 93
21 84 54 26
21 85 30 46
21 86 34 18
21 87 86 46
21 88 17 48
21 89 38 15
21 90 81 88
21 91 50 53
21 92 9 18
21 93 33 50
21 94 89 25
21 95 41 30
21 96 51 30
21 97 64 24
21 98 65 92
21 99 5 66
21 100 71 61
22 23 91 5
22 24 70 39
22 25 89 37
22 26 64 40
22 27 26 42
22 28 70 56
22 29 38 32
22 30 37 13
22 31 39 79
22 32 50 93
22 33 84 79
22 34 9 5
22 35 22 62
22 36 44 43
22 37 52 3
22 38 23 63
22 39 21 51
22 40 74 74
22 41 71 40
22 42 54 86
22 43 35 16
22 44 98 75
22 45 73 28
22 46 96 18
22 47 33 53
22 48 4 99
22 49 7 46
22 50 31 64
22 51 12 90
22 52 37 66
22 53 88 21
22 54 47 83
22 55 93 31
22 56 24 86
22 57 56 98
22 58 12 31
22 59 4 59
22 60 53 31
22 61 27 34
22 62 36 36
22 63 71 82
22 64 90 86
22 65 13 93
22 66 91 1
22 67 87 97
22 68 84 44
22 69 78 50
22 70 36 56
22 71 53 68
22 72 51 92
22 73 57 71
22 74 8 86
22 75 73 74
22 76 84 51
22 77 38 57
22 78 67 94
22 79 31 96
22 80 96 83
22 81 77 31
22 82 10 76
22 83 31 93
22 84 7 74
22 85 82 13
22 86 45 66
22 87 81 85
22 88 40 9
22 89 26 77
22 90 44 48
22 91 81 30
22 92 38 99
22 93 8 99
22 94 61 11
22 95 70 6
22 96 41 75
22 97 13 25
22 98 31 82
22 99 60 53
22 100 17 73
23 24 97 92
23 25 57 42
23 26 6 89
23 27 20 93
23 28 41 17
23 29 85 45
23 30 99 23
23 31 26 10
23 32 75 7
23 33 23 50
23 34 3 81
23 35 59 24
23 36 45 53
23 37 27 13
23 38 25 15
23 39 54 31
23 40 12 37
23 41 34 94
23 42 6 29
23 43 37 77
23 44 4 89
23 45 55 79
23 46 41 71
23 47 80 29
23 48 87 6
23 49 43 49
23 50 76 83
23 51 89 55
23 52 18 69
23 53 75 73
23 54 61 90
23 55 20 99
23 56 11 85
23 57 53 4
23 58 77 53
23 59 71 45
23 60 11 89
23 61 12 52
23 62 44 94
23 63 50 49
23 64 7 44
23 65 93 63
23 66 67 31
23 67 59 29
23 68 60 24
23 69 44 15
23 70 30 88
23 71 66 39
23 72 84 20
23 73 30 5
23 74 6 68
23 75 89 22
23 76 62 45
23 77 92 10
23 78 5 91
23 79 5 14
23 80 41 83
23 81 100 69
23 82 96 40
23 83 84 7
23 84 98 60
23 85 48 78
23 86 26 46
23 87 92 18
23 88 51 32
23 89 93 72
23 90 85 64
23 91 22 41
23 92 79 91
23 93 97 15
23 94 24 85
23 95 68 31
23 96 72 62
23 97 21 46
23 98 48 40
23 99 31 9
23 100 13 6
24 25 28 39
24 26 84 86
24 27 30 65
24 28 93 74
24 29 42 37
24 30 6 38
24 31 92 57
24 32 86 24
24 33 57 30
24 34 23 30
24 35 9 58
24 36 37 49
24 37 73 93
24 38 6 96
24 39 59 54
24 40 56 38
24 41 38 36
24 42 18 64
24 43 1 25
24 44 45 51
24 45 25 26
24 46 9 26
24 47 39 74
24 48 43 95
24 49 44 21
24 50 74 42
24 51 84 99
24 52 100 76
24 53 3 48
24 54 10 15
24 55 69 58
24 56 41 76
24 57 100 65
24 58 30 79
24 59 82 62
24 60 15 77
24 61 80 94
24 62 47 43
24 63 51 64
24 64 36 58
24 65 63 29
24 66 57 16
24 67 34 92
24 68 19 48
24 69 79 31
24 70 20 39
24 71 7 2
24 72 75 25
24 73 95 12
24 74 71 60
24 75 25 16
24 76 57 16
24 77 45 74
24 78 61 12
24 79 91 74
24 80 15 20
24 81 99 74
24 82 8 96
24 83 46 74
24 84 43 61
24 85 35 100
24 86 98 31
24 87 48 35
24 88 58 49
24 89 62 15
24 90 82 85
24 91 100 66
24 92 65 8
24 93 80 6
24 94 80 98
24 95 27 76
24 96 54 91
24 97 82 88
24 98 57 84
24 99 51 66
24 100 34 44
25 26 35 64
25 27 31 94
25 28 72 19
25 29 41 27
25 30 62 38
25 31 70 44
25 32 3 14
25 33 30 66
25 34 32 88
25 35 88 59
25 36 69 4
25 37 3 13
25 38 1 84
25 39 9 86
25 40 52 71
25 41 72 23
25 42 16 61
25 43 30 85
25 44 95 39
25 45 46 92
25 46 100 81
25 47 38 26
25 48 89 31
25 49 26 56
25 50 4 62
25 51 35 67
25 52 56 39
25 53 40 87
25 54 28 56
25 55 71 27
25 56 56 90
25 57 78 78
25 58 47 77
25 59 15 45
25 60 72 31
25 61 39 11
25 62 79 73
25 63 46 75
25 64 97 70
25 65 86 96
25 66 85 16
25 67 78 23
25 68 57 58
25 69 50 45
25 70 73 4
25 71 73 87
25 72 81 50
25 73 56 91
25 74 32 79
25 75 96 97
25 76 3 43
25 77 87 26
25 78 87 22
25 79 93 37
25 80 24 40
25 81 2 21
25 82 28 4
25 83 41 65
25 84 8 100
25 85 90 19
25 86 51 75
25 87 82 13
25 88 46 63
25 89 74 4
25 90 89 48
25 91 99 75
25 92 81 56
25 93 97 99
25 94 36 24
25 95 91 12
25 96 40 26
25 97 50 72
25 98 41 72
25 99 76 81
25 100 11 76
26 27 79 70
26 28 21 66
26 29 36 39
26 30 61 42
26 31 88 13
26 32 17 90
26 33 86 28
26 34 87 60
26 35 98 26
26 36 45 34
26 37 60 92
26 38 27 50
26 39 43 48
26 40 9 76
26 41 79 58
26 42 84 19
26 43 96 4
26 44 21 38
26 45 90 50
26 46 28 13
26 47 67 98
26 48 20 3
26 49 13 97
26 50 55 80
26 51 3 18
26 52 21 77
26 53 48 61
26 54 66 5
26 55 96 45
26 56 94 82
26 57 19 44
26 58 73 95
26 59 66 22
26 60 93 99
26 61 39 3
26 62 54 19
26 63 32 17
26 64 52 97
26 65 23 34
26 66 81 87
26 67 1 5
26 68 46 33
26 69 20 87
26 70 57 39
26 71 14 86
26 72 62 4
26 73 27 55
26 74 95 60
26 75 29 11
26 76 2 81
26 77 32 42
26 78 73 36
26 79 99 63
26 80 17 72
26 81 58 55
26 82 26 62
26 83 4 93
26 84 27 18
26 85 4 33
26 86 59 48
26 87 48 87
26 88 16 87
26 89 68 83
26 90 39 31
26 91 34 6
26 92 65 96
26 93 79 32
26 94 92 73
26 95 30 13
26 96 96 36
26 97 64 45
26 98 98 48
26 99 18 22
26 100 62 50
27 28 87 30
27 29 69 9
27 30 85 88
27 31 1 42
27 32 7 56
27 33 43 82
27 34 96 81
27 35 18 58
27 36 30 78
27 37 95 84
27 38 83 20
27 39 19 18
27 40 61 14
27 41 85 69
27 42 25 17
27 43 14 9
27 44 80 51
27 45 5 23
27 46 48 26
27 47 99 26
27 48 37 76
27 49 43 50
27 50 53 2
27 51 2 60
27 52 89 32
27 53 93 94
27 54 96 81
27 55 63 53
27 56 68 98
27 57 58 44
27 58 68 92
27 59 18 15
27 60 22 33
27 61 27 50
27 62 63 23
27 63 75 54
27 64 13 7
27 65 84 62
27 66 25 67
27 67 31 91
27 68 43 31
27 69 22 54
27 70 44 83
27 71 78 53
27 72 70 29
27 73 96 4
27 74 63 88
27 75 40 82
27 76 1 15
27 77 82 5
27 78 58 82
27 79 24 78
27 80 6 82
27 81 8 24
27 82 42 79
27 83 28 85
27 84 49 69
27 85 64 78
27 86 74 20
27 87 63 77
27 88 87 89
27 89 89 86
27 90 92 52
27 91 83 6
27 92 75 54
27 93 12 52
27 94 51 21
27 95 5 6
27 96 2 29
27 97 80 61
27 98 32 86
27 99 19 97
27 100 19 55
28 29 16 17
28 30 43 10
28 31 36 73
28 32 84 8
28 33 80 82
28 34 96 15
28 35 98 4
28 36 2 67
28 37 52 18
28 38 32 27
28 39 40 9
28 40 19 12
28 41 21 43
28 42 52 44
28 43 41 68
28 44 98 25
28 45 15 80
28 46 58 85
28 47 46 65
28 48 16 60
28 49 31 97
28 50 40 27
28 51 41 13
28 52 73 87
28 53 69 91
28 54 46 25
28 55 21 53
28 56 3 97
28 57 80 78
28 58 44 57
28 59 79 10
28 60 71 61
28 61 26 24
28 62 89 80
28 63 91 23
28 64 51 81
28 65 83 12
28 66 29 67
28 67 6 94
28 68 59 92
28 69 74 31
28 70 21 65
28 71 82 30
28 72 99 27
28 73 27 88
28 74 68 38
28 75 21 37
28 76 48 76
28 77 26 62
28 78 49 41
28 79 28 25
28 80 78 15
28 81 12 5
28 82 10 17
28 83 78 72
28 84 48 48
28 85 46 77
28 86 88 10
28 87 55 73
28 88 91 8
28 89 65 35
28 90 15 47
28 91 89 80
28 92 89 10
28 93 7 89
28 94 95 80
28 95 80 56
28 96 90 37
28 97 7 22
28 98 44 13
28 99 42 30
28 100 45 68
29 30 50 38
29 31 79 89
29 32 68 99
29 33 24 9
29 34 23 52
29 35 2 60
29 36 79 74
29 37 13 81
29 38 1 55
29 39 70 1
29 40 55 23
29 41 81 71
29 42 22 42
29 43 72 46
29 44 34 59
29 45 89 92
29 46 41 25
29 47 90 33
29 48 66 71
29 49 20 84
29 50 62 91
29 51 42 10
29 52 44 7
29 53 28 40
29 54 42 17
29 55 70 66
29 56 34 94
29 57 92 85
29 58 75 29
29 59 23 86
29 60 80 43
29 61 18 7
29 62 6 21
29 63 74 38
29 64 95 66
29 65 43 27
29 66 89 89
29 67 91 40
29 68 23 19
29 69 3 92
29 70 51 11
29 71 28 56
29 72 21 76
29 73 30 17
29 74 40 92
29 75 88 54
29 76 60 5
29 77 87 41
29 78 29 97
29 79 19 45
29 80 58 51
29 81 98 20
29 82 76 13
29 83 98 7
29 84 44 25
29 85 93 91
29 86 70 69
29 87 74 83
29 88 98 72
29 89 68 71
29 90 62 73
29 91 14 62
29 92 89 99
29 93 68 37
29 94 63 84
29 95 99 28
29 96 10 1
29 97 49 93
29 98 63 68
29 99 45 71
29 100 32 84
30 31 75 46
30 32 93 53
30 33 9 7
30 34 40 43
30 35 26 67
30 36 36 3
30 37 39 84
30 38 4 13
30 39 21 73
30 40 52 67
30 41 100 32
30 42 54 39
30 43 49 9
30 44 92 27
30 45 18 30
30 46 47 98
30 47 87 93
30 48 65 65
30 49 66 17
30 50 100 35
30 51 48 99
30 52 64 48
30 53 56 38
30 54 11 100
30 55 35 64
30 56 39 2
30 57 52 50
30 58 26 18
30 59 71 15
30 60 98 14
30 61 64 35
30 62 61 83
30 63 48 20
30 64 52 29
30 65 13 26
30 66 68 44
30 67 40 67
30 68 9 7
30 69 64 31
30 70 95 3
30 71 18 36
30 72 26 84
30 73 30 16
30 74 74 14
30 75 38 3
30 76 25 12
30 77 28 33
30 78 72 53
30 79 9 77
30 80 48 11
30 81 63 29
30 82 20 9
30 83 86 41
30 84 1 4
30 85 13 52
30 86 53 86
30 87 40 18
30 88 12 89
30 89 55 4
30 90 84 17
30 91 82 6
30 92 49 7
30 93 23 85
30 94 31 76
30 95 19 17
30 96 11 87
30 97 51 46
30 98 48 26
30 99 19 76
30 100 20 77
31 32 59 99
31 33 66 95
31 34 31 84
31 35 30 33
31 36 34 12
31 37 5 62
31 38 29 95
31 39 64 23
31 40 3 27
31 41 32 88
31 42 93 94
31 43 55 53
31 44 94 97
31 45 35 78
31 46 26 11
31 47 18 79
31 48 21 61
31 49 91 98
31 50 18 67
31 51 40 25
31 52 42 1
31 53 15 18
31 54 24 71
31 55 70 48
31 56 62 80
31 57 23 55
31 58 19 86
31 59 4 38
31 60 61 100
31 61 97 22
31 62 75 18
31 63 83 74
31 64 78 74
31 65 15 88
31 66 64 65
31 67 22 67
31 68 51 48
31 69 15 42
31 70 15 17
31 71 18 75
31 72 22 79
31 73 91 88
31 74 58 95
31 75 73 36
31 76 77 84
31 77 83 77
31 78 85 3
31 79 2 71
31 80 32 86
31 81 96 29
31 82 39 42
31 83 66 90
31 84 10 30
31 85 78 50
31 86 42 54
31 87 15 42
31 88 5 25
31 89 46 73
31 90 85 17
31 91 79 41
31 92 25 68
31 93 45 84
31 94 63 5
31 95 1 18
31 96 66 29
31 97 35 51
31 98 80 44
31 99 52 61
31 100 45 57
32 33 47 70
32 34 22 90
32 35 36 14
32 36 39 45
32 37 55 65
32 38 51 87
32 39 72 50
32 40 54 19
32 41 52 61
32 42 26 25
32 43 35 61
32 44 77 62
32 45 2 32
32 46 92 84
32 47 3 40
32 48 85 17
32 49 9 84
32 50 55 95
32 51 85 8
32 52 50 34
32 53 73 14
32 54 43 8
32 55 43 58
32 56 4 63
32 57 23 30
32 58 39 34
32 59 60 10
32 60 14 23
32 61 54 22
32 62 60 58
32 63 31 47
32 64 40 53
32 65 34 29
32 66 28 14
32 67 87 19
32 68 36 39
32 69 70 82
32 70 58 83
32 71 41 59
32 72 80 56
32 73 72 6
32 74 51 52
32 75 30 63
32 76 7 70
32 77 75 30
32 78 2 81
32 79 81 33
32 80 11 83
32 81 39 92
32 82 47 77
32 83 12 15
32 84 7 49
32 85 77 67
32 86 11 88
32 87 61 59
32 88 63 67
32 89 98 80
32 90 92 33
32 91 69 16
32 92 76 98
32 93 32 25
32 94 72 87
32 95 45 50
32 96 44 43
32 97 9 83
32 98 29 37
32 99 60 86
32 100 75 96
33 34 73 99
33 35 95 83
33 36 23 29
33 37 8 23
33 38 5 15
33 39 41 5
33 40 56 54
33 41 3 99
33 42 65 12
33 43 59 62
33 44 76 67
33 45 75 37
33 46 7 8
33 47 28 92
33 48 16 44
33 49 18 86
33 50 6 52
33 51 53 36
33 52 74 73
33 53 32 3
33 54 45 52
33 55 80 46
33 56 5 39
33 57 82 74
33 58 75 57
33 59 94 18
33 60 84 5
33 61 60 12
33 62 66 65
33 63 18 54
33 64 69 7
33 65 67 18
33 66 23 8
33 67 86 93
33 68 86 58
33 69 16 1
33 70 5 96
33 71 37 29
33 72 92 96
33 73 2 36
33 74 64 42
33 75 18 28
33 76 32 14
33 77 16 9
33 78 53 88
33 79 44 50
33 80 60 44
33 81 55 29
33 82 18 42
33 83 96 70
33 84 32 18
33 85 33 4
33 86 86 41
33 87 20 28
33 88 22 44
33 89 76 72
33 90 33 47
33 91 49 59
33 92 92 3
33 93 1 80
33 94 77 31
33 95 74 10
33 96 59 32
33 97 60 5
33 98 9 10
33 99 85 65
33 100 72 61
34 35 73 80
34 36 78 57
34 37 62 4
34 38 92 89
34 39 9 23
34 40 27 28
34 41 48 38
34 42 26 42
34 43 36 57
34 44 62 72
34 45 79 96
34 46 65 45
34 47 84 57
34 48 29 58
34 49 18 42
34 50 84 10
34 51 24 79
34 52 16 14
34 53 66 40
34 54 31 73
34 55 13 12
34 56 41 40
34 57 87 37
34 58 34 61
34 59 60 6
34 60 51 44
34 61 4 54
34 62 88 83
34 63 47 41
34 64 28 44
34 65 35 60
34 66 30 91
34 67 53 24
34 68 6 54
34 69 64 54
34 70 63 60
34 71 56 91
34 72 66 56
34 73 88 84
34 74 42 60
34 75 79 69
34 76 69 18
34 77 31 68
34 78 60 51
34 79 100 13
34 80 53 83
34 81 27 97
34 82 71 19
34 83 25 17
34 84 14 33
34 85 47 83
34 86 11 85
34 87 20 86
34 88 22 93
34 89 56 8
34 90 90 60
34 91 94 23
34 92 40 42
34 93 57 99
34 94 28 8
34 95 67 22
34 96 89 35
34 97 89 39
34 98 67 76
34 99 22 6
34 100 48 80
35 36 53 23
35 37 26 30
35 38 74 58
35 39 63 28
35 40 20 29
35 41 70 35
35 42 6 28
35 43 23 98
35 44 39 73
35 45 3 5
35 46 6 39
35 47 24 78
35 48 8 9
35 49 54 16
35 50 57 14
35 51 6 82
35 52 79 62
35 53 76 98
35 54 82 48
35 55 4 50
35 56 55 68
35 57 44 61
35 58 93 33
35 59 91 96
35 60 6 83
35 61 7 73
35 62 58 20
35 63 30 70
35 64 57 72
35 65 23 96
35 66 8 80
35 67 71 29
35 68 70 36
35 69 30 7
35 70 97 13
35 71 64 90
35 72 37 52
35 73 21 60
35 74 87 18
35 75 90 56
35 76 65 75
35 77 77 39
35 78 14 7
35 79 96 67
35 80 99 14
35 81 42 71
35 82 94 74
35 83 41 78
35 84 5 68
35 85 53 63
35 86 10 31
35 87 7 91
35 88 43 89
35 89 87 99
35 90 51 70
35 91 26 72
35 92 95 83
35 93 69 54
35 94 60 18
35 95 1 36
35 96 89 27
35 97 15 73
35 98 29 85
35 99 30 14
35 100 50 85
36 37 41 65
36 38 56 32
36 39 33 79
36 40 76 67
36 41 74 52
36 42 39 21
36 43 9 34
36 44 90 85
36 45 43 42
36 46 34 71
36 47 61 85
36 48 16 25
36 49 99 57
36 50 87 32
36 51 98 17
36 52 41 87
36 53 56 59
36 54 23 65
36 55 95 38
36 56 95 54
36 57 59 44
36 58 15 13
36 59 33 34
36 60 74 100
36 61 29 94
36 62 4 74
36 63 81 40
36 64 35 82
36 65 1 5
36 66 94 39
36 67 13 13
36 68 9 42
36 69 26 25
36 70 13 88
36 71 53 89
36 72 51 69
36 73 89 52
36 74 51 41
36 75 74 72
36 76 52 27
36 77 17 88
36 78 38 75
36 79 20 88
36 80 47 24
36 81 11 48
36 82 57 67
36 83 98 5
36 84 58 93
36 85 7 96
36 86 21 73
36 87 64 39
36 88 50 54
36 89 73 59
36 90 11 87
36 91 11 28
36 92 47 71
36 93 42 23
36 94 82 50
36 95 33 34
36 96 41 17
36 97 95 59
36 98 14 97
36 99 37 33
36 100 48 60
37 38 47 95
37 39 79 35
37 40 74 64
37 41 21 64
37 42 46 93
37 43 20 50
37 44 11 9
37 45 79 68
37 46 8 50
37 47 90 76
37 48 11 46
37 49 13 10
37 50 94 34
37 51 57 45
37 52 38 46
37 53 16 83
37 54 99 47
37 55 60 10
37 56 21 80
37 57 20 34
37 58 58 53
37 59 23 59
37 60 75 3
37 61 56 70
37 62 4 61
37 63 30 53
37 64 17 48
37 65 28 75
37 66 95 3
37 67 33 57
37 68 49 67
37 69 37 69
37 70 23 27
37 71 79 83
37 72 3 61
37 73 34 62
37 74 40 94
37 75 84 86
37 76 12 21
37 77 46 82
37 78 3 33
37 79 90 3
37 80 31 98
37 81 32 99
37 82 66 36
37 83 98 49
37 84 47 1
37 85 79 62
37 86 92 54
37 87 15 49
37 88 3 84
37 89 77 62
37 90 7 77
37 91 7 38
37 92 68 32
37 93 62 22
37 94 37 96
37 95 70 37
37 96 21 45
37 97 24 70
37 98 5 34
37 99 40 90
37 100 9 90
38 39 60 89
38 40 13 98
38 41 20 37
38 42 71 19
38 43 18 68
38 44 84 74
38 45 76 75
38 46 72 73
38 47 69 26
38 48 17 25
38 49 12 77
38 50 84 82
38 51 74 86
38 52 51 4
38 53 9 90
38 54 86 10
38 55 3 90
38 56 44 41
38 57 66 12
38 58 28 60
38 59 97 2
38 60 36 23
38 61 43 32
38 62 54 94
38 63 45 23
38 64 45 94
38 65 14 80
38 66 31 15
38 67 94 51
38 68 74 63
38 69 87 17
38 70 43 12
38 71 40 55
38 72 41 32
38 73 66 60
38 74 52 18
38 75 18 89
38 76 80 5
38 77 78 66
38 78 96 76
38 79 83 15
38 80 87 79
38 81 36 74
38 82 98 9
38 83 88 65
38 84 99 13
38 85 18 67
38 86 44 96
38 87 99 77
38 88 1 21
38 89 55 5
38 90 99 74
38 91 95 77
38 92 13 17
38 93 96 47
38 94 7 78
38 95 3 39
38 96 92 89
38 97 35 57
38 98 71 89
38 99 26 97
38 100 76 89
39 40 46 90
39 41 29 53
39 42 50 17
39 43 71 53
39 44 84 18
39 45 74 41
39 46 64 88
39 47 88 67
39 48 18 27
39 49 81 12
39 50 97 68
39 51 72 61
39 52 65 41
39 53 75 14
39 54 47 51
39 55 92 84
39 56 96 81
39 57 50 21
39 58 84 33
39 59 15 73
39 60 54 99
39 61 50 87
39 62 22 16
39 63 71 89
39 64 67 64
39 65 24 55
39 66 71 23
39 67 8 2
39 68 74 71
39 69 53 76
39 70 72 94
39 71 31 40
39 72 8 85
39 73 10 80
39 74 80 73
39 75 16 1
39 76 3 69
39 77 1 26
39 78 59 23
39 79 16 16
39 80 32 34
39 81 83 42
39 82 65 70
39 83 44 55
39 84 10 91
39 85 82 52
39 86 10 96
39 87 84 12
39 88 32 8
39 89 82 30
39 90 97 91
39 91 77 66
39 92 63 39
39 93 3 27
39 94 13 28
39 95 66 76
39 96 55 79
39 97 43 54
39 98 54 72
39 99 58 34
39 100 72 90
40 41 17 66
40 42 73 6
40 43 56 55
40 44 10 76
40 45 33 53
40 46 71 71
40 47 38 39
40 48 32 1
40 49 92 1
40 50 17 13
40 51 75 43
40 52 53 4
40 53 83 23
40 54 44 26
40 55 84 98
40 56 23 94
40 57 52 92
40 58 60 21
40 59 83 43
40 60 16 15
40 61 88 29
40 62 93 92
40 63 37 60
40 64 70 84
40 65 91 81
40 66 27 49
40 67 75 45
40 68 26 10
40 69 31 34
40 70 6 64
40 71 56 28
40 72 5 49
40 73 67 24
40 74 45 23
40 75 97 24
40 76 83 47
40 77 34 6
40 78 94 64
40 79 56 95
40 80 73 98
40 81 100 49
40 82 39 58
40 83 98 41
40 84 21 17
40 85 99 60
40 86 21 37
40 87 82 16
40 88 100 22
40 89 52 66
40 90 97 100
40 91 21 58
40 92 18 71
40 93 2 77
40 94 16 93
40 95 13 52
40 96 17 73
40 97 18 44
40 98 16 58
40 99 70 100
40 100 18 85
41 42 82 11
41 43 75 16
41 44 65 52
41 45 11 88
41 46 25 93
41 47 69 11
41 48 90 1
41 49 23 38
41 50 14 25
41 51 24 18
41 52 98 36
41 53 74 33
41 54 94 57
41 55 88 67
41 56 20 5
41 57 33 75
41 58 22 9
41 59 7 76
41 60 62 63
41 61 42 44
41 62 23 71
41 63 36 15
41 64 65 21
41 65 35 3
41 66 52 96
41 67 37 1
41 68 44 71
41 69 15 7
41 70 24 25
41 71 28 7
41 72 64 24
41 73 19 17
41 74 40 73
41 75 59 75
41 76 14 85
41 77 44 32
41 78 46 98
41 79 76 63
41 80 96 100
41 81 30 55
41 82 99 5
41 83 11 15
41 84 75 91
41 85 10 26
41 86 37 29
41 87 3 12
41 88 61 99
41 89 37 41
41 90 3 20
41 91 2 58
41 92 51 67
41 93 51 99
41 94 15 91
41 95 87 46
41 96 79 59
41 97 57 8
41 98 63 87
41 99 22 51
41 100 12 84
42 43 80 58
42 44 43 38
42 45 68 97
42 46 61 10
42 47 94 12
42 48 69 76
42 49 14 37
42 50 12 64
42 51 50 15
42 52 85 63
42 53 73 22
42 54 57 24
42 55 14 8
42 56 39 81
42 57 46 24
42 58 81 18
42 59 1 25
42 60 47 94
42 61 46 28
42 62 60 74
42 63 54 37
42 64 80 46
42 65 27 100
42 66 42 70
42 67 40 99
42 68 19 2
42 69 84 71
42 70 80 14
42 71 40 85
42 72 80 84
42 73 25 55
42 74 98 78
42 75 72 8
42 76 55 89
42 77 58 98
42 78 23 97
42 79 42 82
42 80 22 81
42 81 62 19
42 82 86 50
42 83 20 66
42 84 6 61
42 85 13 24
42 86 80 66
42 87 51 45
42 88 41 59
42 89 37 18
42 90 70 51
42 91 59 51
42 92 86 64
42 93 69 63
42 94 40 23
42 95 32 11
42 96 58 29
42 97 26 3
42 98 50 27
42 99 31 6
42 100 14 18
43 44 41 45
43 45 75 87
43 46 37 77
43 47 45 55
43 48 98 75
43 49 52 90
43 50 13 5
43 51 28 33
43 52 15 85
43 53 66 96
43 54 13 22
43 55 87 21
43 56 22 50
43 57 75 95
43 58 48 66
43 59 31 84
43 60 10 8
43 61 93 83
43 62 23 88
43 63 75 58
43 64 27 78
43 65 91 85
43 66 87 18
43 67 22 29
43 68 68 46
43 69 42 18
43 70 73 50
43 71 12 63
43 72 1 5
43 73 32 7
43 74 54 78
43 75 31 88
43 76 10 9
43 77 66 6
43 78 74 98
43 79 29 56
43 80 25 21
43 81 23 68
43 82 46 69
43 83 95 60
43 84 51 87
43 85 53 31
43 86 74 78
43 87 35 39
43 88 52 71
43 89 78 97
43 90 65 30
43 91 67 78
43 92 46 32
43 93 79 48
43 94 92 76
43 95 43 98
43 96 16 50
43 97 37 64
43 98 48 47
43 99 56 84
43 100 80 21
44 45 21 78
44 46 30 87
44 47 5 51
44 48 80 85
44 49 61 30
44 50 55 2
44 51 38 67
44 52 20 1
44 53 63 34
44 54 70 1
44 55 67 65
44 56 90 48
44 57 85 99
44 58 100 5
44 59 100 20
44 60 51 100
44 61 31 81
44 62 92 16
44 63 49 85
44 64 61 44
44 65 41 33
44 66 88 6
44 67 72 4
44 68 44 13
44 69 20 52
44 70 63 2
44 71 49 54
44 72 52 71
44 73 89 12
44 74 61 49
44 75 30 61
44 76 11 47
44 77 73 58
44 78 84 3
44 79 84 35
44 80 47 90
44 81 91 42
44 82 77 27
44 83 11 45
44 84 19 65
44 85 5 99
44 86 58 71
44 87 26 68
44 88 63 6
44 89 81 81
44 90 26 13
44 91 15 12
44 92 71 54
44 93 56 77
44 94 40 44
44 95 18 89
44 96 90 90
44 97 25 52
44 98 12 61
44 99 20 100
44 100 32 87
45 46 53 96
45 47 36 9
45 48 84 100
45 49 75 6
45 50 79 80
45 51 58 40
45 52 3 27
45 53 71 18
45 54 87 68
45 55 52 64
45 56 67 22
45 57 86 26
45 58 75 65
45 59 66 97
45 60 74 13
45 61 42 2
45 62 69 50
45 63 59 28
45 64 93 32
45 65 62 24
45 66 43 2
45 67 59 76
45 68 38 28
45 69 18 39
45 70 83 52
45 71 9 71
45 72 61 7
45 73 23 70
45 74 73 58
45 75 42 32
45 76 38 58
45 77 37 23
45 78 6 94
45 79 87 33
45 80 62 28
45 81 2 76
45 82 19 95
45 83 20 25
45 84 77 11
45 85 73 97
45 86 67 25
45 87 83 41
45 88 7 80
45 89 43 25
45 90 36 74
45 91 60 55
45 92 75 91
45 93 61 62
45 94 63 68
45 95 98 20
45 96 39 84
45 97 98 99
45 98 20 29
45 99 77 92
45 100 40 11
46 47 42 87
46 48 86 1
46 49 40 21
46 50 96 12
46 51 92 86
46 52 67 92
46 53 30 85
46 54 69 53
46 55 63 72
46 56 80 42
46 57 85 58
46 58 65 29
46 59 9 86
46 60 7 50
46 61 70 43
46 62 35 70
46 63 95 29
46 64 54 7
46 65 66 37
46 66 16 23
46 67 7 67
46 68 8 24
46 69 18 71
46 70 45 42
46 71 11 10
46 72 35 20
46 73 29 4
46 74 81 84
46 75 37 61
46 76 36 17
46 77 72 37
46 78 94 42
46 79 95 69
46 80 11 86
46 81 33 44
46 82 87 57
46 83 36 87
46 84 31 14
46 85 85 31
46 86 90 94
46 87 26 80
46 88 11 46
46 89 50 85
46 90 82 81
46 91 12 49
46 92 24 85
46 93 19 46
46 94 37 15
46 95 8 39
46 96 41 22
46 97 96 29
46 98 89 58
46 99 57 66
46 100 16 70
47 48 51 1
47 49 64 48
47 50 26 60
47 51 88 53
47 52 8 22
47 53 93 56
47 54 32 2
47 55 25 58
47 56 6 33
47 57 45 18
47 58 33 43
47 59 59 96
47 60 30 28
47 61 96 58
47 62 61 22
47 63 82 47
47 64 94 65
47 65 5 88
47 66 60 1
47 67 72 80
47 68 40 76
47 69 55 92
47 70 57 3
47 71 64 80
47 72 31 6
47 73 20 91
47 74 40 58
47 75 99 71
47 76 43 58
47 77 69 100
47 78 19 62
47 79 21 81
47 80 91 29
47 81 72 23
47 82 39 78
47 83 70 74
47 84 75 29
47 85 94 99
47 86 66 99
47 87 83 65
47 88 15 23
47 89 30 69
47 90 98 16
47 91 82 78
47 92 46 29
47 93 31 47
47 94 23 13
47 95 10 95
47 96 79 95
47 97 7 18
47 98 5 56
47 99 63 96
47 100 14 41
48 49 68 64
48 50 17 35
48 51 38 37
48 52 5 54
48 53 52 31
48 54 45 52
48 55 74 19
48 56 66 27
48 57 82 22
48 58 98 59
48 59 13 16
48 60 54 98
48 61 48 42
48 62 98 20
48 63 35 63
48 64 29 76
48 65 84 80
48 66 45 6
48 67 30 94
48 68 3 97
48 69 96 71
48 70 39 89
48 71 32 10
48 72 39 67
48 73 64 31
48 74 67 15
48 75 57 83
48 76 13 68
48 77 58 45
48 78 71 2
48 79 7 58
48 80 98 77
48 81 21 17
48 82 92 22
48 83 53 44
48 84 44 17
48 85 62 42
48 86 83 19
48 87 3 48
48 88 47 26
48 89 10 40
48 90 85 85
48 91 68 57
48 92 14 69
48 93 44 82
48 94 37 10
48 95 24 21
48 96 68 33
48 97 76 84
48 98 21 87
48 99 20 71
48 100 28 29
49 50 28 20
49 51 91 9
49 52 47 68
49 53 82 12
49 54 42 57
49 55 70 2
49 56 60 66
49 57 56 46
49 58 92 97
49 59 35 60
49 60 61 31
49 61 57 77
49 62 55 48
49 63 53 53
49 64 10 69
49 65 6 84
49 66 56 27
49 67 84 57
49 68 2 74
49 69 65 83
49 70 65 91
49 71 47 100
49 72 90 31
49 73 40 14
49 74 15 28
49 75 49 98
49 76 86 52
49 77 80 52
49 78 76 90
49 79 70 97
49 80 21 51
49 81 55 84
49 82 75 72
49 83 66 30
49 84 16 11
49 85 17 95
49 86 97 78
49 87 56 27
49 88 47 80
49 89 3 80
49 90 77 44
49 91 21 80
49 92 41 78
49 93 79 14
49 94 99 83
49 95 84 99
49 96 63 97
49 97 65 15
49 98 14 30
49 99 14 86
49 100 73 67
50 51 23 83
50 52 39 63
50 53 96 13
50 54 7 69
50 55 71 21
50 56 72 40
50 57 87 1
50 58 16 96
50 59 40 50
50 60 65 4
50 61 64 4
50 62 23 9
50 63 14 33
50 64 88 82
50 65 89 30
50 66 58 61
50 67 27 40
50 68 63 20
50 69 71 14
50 70 11 68
50 71 81 9
50 72 38 88
50 73 33 92
50 74 18 77
50 75 59 27
50 76 3 24
50 77 22 8
50 78 98 17
50 79 88 23
50 80 88 14
50 81 66 70
50 82 88 89
50 83 88 56
50 84 13 71
50 85 18 80
50 86 84 72
50 87 50 35
50 88 87 12
50 89 99 16
50 90 77 65
50 91 71 56
50 92 62 5
50 93 33 93
50 94 91 3
50 95 21 23
50 96 99 36
50 97 42 43
50 98 99 12
50 99 56 14
50 100 68 55
51 52 54 5
51 53 49 66
51 54 92 8
51 55 54 50
51 56 67 97
51 57 87 68
51 58 28 4
51 59 16 63
51 60 25 40
51 61 22 57
51 62 11 58
51 63 88 54
51 64 50 35
51 65 70 64
51 66 25 82
51 67 52 34
51 68 19 40
51 69 39 9
51 70 35 84
51 71 57 80
51 72 87 35
51 73 11 31
51 74 82 82
51 75 20 48
51 76 80 32
51 77 98 37
51 78 28 28
51 79 21 54
51 80 94 38
51 81 55 96
51 82 81 62
51 83 59 100
51 84 52 69
51 85 23 27
51 86 79 46
51 87 50 24
51 88 19 85
51 89 58 25
51 90 89 53
51 91 77 19
51 92 9 67
51 93 94 36
51 94 12 61
51 95 82 53
51 96 2 78
51 97 25 49
51 98 32 36
51 99 69 30
51 100 96 37
52 53 28 13
52 54 35 28
52 55 64 58
52 56 48 42
52 57 31 75
52 58 90 50
52 59 2 34
52 60 3 33
52 61 47 53
52 62 6 13
52 63 71 29
52 64 55 16
52 65 71 77
52 66 37 58
52 67 87 56
52 68 46 10
52 69 44 28
52 70 22 6
52 71 95 96
52 72 96 79
52 73 50 1
52 74 36 100
52 75 45 86
52 76 20 81
52 77 75 41
52 78 97 55
52 79 40 49
52 80 15 19
52 81 47 39
52 82 94 9
52 83 69 60
52 84 25 28
52 85 31 78
52 86 44 3
52 87 80 62
52 88 79 82
52 89 93 20
52 90 68 54
52 91 59 99
52 92 89 31
52 93 64 35
52 94 51 63
52 95 88 63
52 96 98 5
52 97 73 22
52 98 39 43
52 99 93 75
52 100 7 49
53 54 54 44
53 55 81 28
53 56 77 55
53 57 17 49
53 58 91 81
53 59 91 97
53 60 16 44
53 61 35 55
53 62 13 98
53 63 87 8
53 64 100 99
53 65 9 29
53 66 53 33
53 67 62 35
53 68 24 23
53 69 48 91
53 70 70 45
53 71 74 99
53 72 24 33
53 73 97 58
53 74 44 71
53 75 94 41
53 76 34 11
53 77 72 71
53 78 11 9
53 79 82 46
53 80 11 93
53 81 6 85
53 82 61 61
53 83 19 73
53 84 72 4
53 85 20 49
53 86 87 11
53 87 74 30
53 88 18 1
53 89 55 51
53 90 30 90
53 91 46 15
53 92 44 58
53 93 61 82
53 94 98 61
53 95 48 25
53 96 89 33
53 97 100 44
53 98 46 7
53 99 17 19
53 100 58 49
54 55 56 2
54 56 86 58
54 57 36 30
54 58 44 90
54 59 85 33
54 60 25 38
54 61 13 8
54 62 30 1
54 63 11 44
54 64 56 75
54 65 25 4
54 66 88 93
54 67 24 100
54 68 89 26
54 69 53 99
54 70 15 28
54 71 62 23
54 72 31 34
54 73 39 60
54 74 96 43
54 75 4 88
54 76 67 61
54 77 13 4
54 78 52 81
54 79 28 96
54 80 88 4
54 81 27 50
54 82 95 33
54 83 67 64
54 84 93 75
54 85 45 18
54 86 40 10
54 87 59 60
54 88 7 23
54 89 54 48
54 90 34 70
54 91 34 1
54 92 44 81
54 93 4 74
54 94 84 30
54 95 96 47
54 96 58 61
54 97 93 33
54 98 55 93
54 99 39 53
54 100 90 29
55 56 81 27
55 57 8 88
55 58 47 27
55 59 100 7
55 60 62 24
55 61 38 17
55 62 17 80
55 63 69 1
55 64 49 86
55 65 23 24
55 66 42 71
55 67 19 64
55 68 73 52
55 69 68 30
55 70 34 59
55 71 37 40
55 72 4 11
55 73 46 79
55 74 31 11
55 75 62 12
55 76 42 48
55 77 67 39
55 78 90 54
55 79 96 70
55 80 14 55
55 81 62 58
55 82 58 2
55 83 10 37
55 84 21 4
55 85 95 67
55 86 69 57
55 87 47 26
55 88 75 10
55 89 65 89
55 90 98 28
55 91 81 2
55 92 99 42
55 93 83 39
55 94 27 45
55 95 75 76
55 96 11 31
55 97 2 28
55 98 12 46
55 99 85 57
55 100 22 1
56 57 24 82
56 58 93 47
56 59 32 15
56 60 15 38
56 61 45 56
56 62 69 85
56 63 51 31
56 64 75 86
56 65 21 17
56 66 73 39
56 67 95 11
56 68 10 94
56 69 52 79
56 70 25 36
56 71 86 89
56 72 39 16
56 73 76 66
56 74 43 56
56 75 73 43
56 76 97 2
56 77 82 40
56 78 43 51
56 79 53 48
56 80 52 94
56 81 54 52
56 82 93 68
56 83 78 89
56 84 73 49
56 85 66 60
56 86 24 15
56 87 86 4
56 88 71 51
56 89 18 51
56 90 47 40
56 91 66 51
56 92 3 19
56 93 12 80
56 94 14 52
56 95 20 23
56 96 82 24
56 97 68 92
56 98 77 15
56 99 60 93
56 100 72 100
57 58 94 61
57 59 10 3
57 60 69 18
57 61 29 23
57 62 70 22
57 63 31 2
57 64 50 4
57 65 59 91
57 66 78 15
57 67 93 62
57 68 87 80
57 69 61 87
57 70 66 21
57 71 46 77
57 72 63 9
57 73 15 50
57 74 60 97
57 75 50 12
57 76 95 2
57 77 82 47
57 78 54 71
57 79 15 49
57 80 40 74
57 81 50 67
57 82 30 1
57 83 63 32
57 84 72 78
57 85 92 7
57 86 12 74
57 87 60 58
57 88 3 7
57 89 75 35
57 90 27 6
57 91 47 41
57 92 6 1
57 93 38 61
57 94 23 56
57 95 66 96
57 96 78 78
57 97 80 36
57 98 8 87
57 99 18 81
57 100 75 30
58 59 47 11
58 60 81 44
58 61 30 85
58 62 85 57
58 63 55 82
58 64 12 53
58 65 34 30
58 66 44 43
58 67 24 89
58 68 42 31
58 69 95 75
58 70 37 18
58 71 76 69
58 72 48 81
58 73 59 9
58 74 45 80
58 75 30 30
58 76 5 16
58 77 59 90
58 78 90 45
58 79 56 92
58 80 67 17
58 81 29 73
58 82 76 55
58 83 24 8
58 84 68 42
58 85 66 16
58 86 3 17
58 87 43 23
58 88 77 90
58 89 12 9
58 90 20 80
58 91 71 34
58 92 25 41
58 93 9 46
58 94 94 17
58 95 49 48
58 96 18 40
58 97 74 71
58 98 13 1
58 99 21 10
58 100 84 69
59 60 74 72
59 61 11 73
59 62 40 90
59 63 69 3
59 64 73 5
59 65 31 50
59 66 17 67
59 67 26 62
59 68 34 63
59 69 22 60
59 70 55 62
59 71 39 26
59 72 75 73
59 73 54 88
59 74 76 64
59 75 44 78
59 76 71 4
59 77 22 96
59 78 65 85
59 79 64 66
59 80 73 48
59 81 100 13
59 82 48 38
59 83 75 63
59 84 59 95
59 85 33 92
59 86 79 33
59 87 98 13
59 88 26 95
59 89 6 15
59 90 46 34
59 91 21 83
59 92 98 76
59 93 39 7
59 94 57 13
59 95 5 98
59 96 11 71
59 97 35 80
59 98 64 75
59 99 32 80
59 100 55 25
60 61 74 32
60 62 67 45
60 63 9 84
60 64 90 26
60 65 73 35
60 66 64 82
60 67 75 21
60 68 3 82
60 69 72 56
60 70 84 54
60 71 57 13
60 72 45 87
60 73 82 28
60 74 66 50
60 75 44 57
60 76 83 9
60 77 43 19
60 78 96 27
60 79 51 28
60 80 14 5
60 81 90 24
60 82 61 41
60 83 95 12
60 84 94 13
60 85 11 84
60 86 79 5
60 87 59 37
60 88 38 17
60 89 82 28
60 90 16 70
60 91 35 6
60 92 90 16
60 93 68 75
60 94 45 32
60 95 85 15
60 96 15 10
60 97 4 2
60 98 60 82
60 99 55 14
60 100 42 34
61 62 57 89
61 63 53 78
61 64 52 21
61 65 26 15
61 66 35 59
61 67 83 2
61 68 61 93
61 69 82 68
61 70 8 66
61 71 10 35
61 72 98 19
61 73 19 78
61 74 25 47
61 75 84 57
61 76 65 2
61 77 40 100
61 78 96 18
61 79 26 85
61 80 67 43
61 81 86 73
61 82 79 32
61 83 25 50
61 84 77 37
61 85 59 44
61 86 16 63
61 87 81 45
61 88 99 37
61 89 1 68
61 90 39 3
61 91 30 2
61 92 87 10
61 93 26 99
61 94 87 96
61 95 56 73
61 96 24 37
61 97 82 48
61 98 80 4
61 99 11 82
61 100 13 90
62 63 42 30
62 64 16 40
62 65 67 15
62 66 86 11
62 67 72 62
62 68 45 71
62 69 79 17
62 70 48 97
62 71 65 9
62 72 27 72
62 73 62 67
62 74 60 49
62 75 58 78
62 76 67 13
62 77 38 8
62 78 29 70
62 79 51 29
62 80 37 43
62 81 2 45
62 82 13 8
62 83 90 36
62 84 29 31
62 85 78 19
62 86 45 98
62 87 21 46
62 88 96 59
62 89 13 75
62 90 29 28
62 91 5 80
62 92 3 40
62 93 85 82
62 94 52 66
62 95 25 53
62 96 14 2
62 97 28 27
62 98 42 41
62 99 84 36
62 100 6 57
63 64 58 4
63 65 86 65
63 66 52 89
63 67 85 61
63 68 76 100
63 69 77 24
63 70 29 75
63 71 25 98
63 72 52 5
63 73 38 37
63 74 38 52
63 75 88 17
63 76 89 17
63 77 11 40
63 78 53 29
63 79 43 35
63 80 92 61
63 81 3 75
63 82 89 36
63 83 16 83
63 84 94 13
63 85 38 36
63 86 35 14
63 87 90 13
63 88 91 92
63 89 90 78
63 90 12 27
63 91 15 53
63 92 20 9
63 93 76 86
63 94 98 72
63 95 80 40
63 96 97 90
63 97 56 62
63 98 51 37
63 99 92 12
63 100 27 59
64 65 36 42
64 66 22 96
64 67 67 3
64 68 60 50
64 69 37 74
64 70 97 82
64 71 73 44
64 72 21 48
64 73 75 36
64 74 74 47
64 75 86 12
64 76 46 87
64 77 16 100
64 78 51 1
64 79 24 41
64 80 45 25
64 81 31 30
64 82 27 85
64 83 9 98
64 84 17 63
64 85 53 16
64 86 40 35
64 87 4 43
64 88 8 44
64 89 76 50
64 90 22 45
64 91 14 19
64 92 39 75
64 93 6 7
64 94 85 19
64 95 16 86
64 96 48 30
64 97 34 9
64 98 95 84
64 99 74 37
64 100 24 38
65 66 10 66
65 67 13 1
65 68 44 93
65 69 48 46
65 70 49 75
65 71 68 88
65 72 61 14
65 73 35 68
65 74 3 41
65 75 10 81
65 76 61 77
65 77 36 78
65 78 82 58
65 79 73 35
65 80 2 70
65 81 22 47
65 82 80 10
65 83 84 70
65 84 85 46
65 85 64 53
65 86 91 5
65 87 13 28
65 88 92 34
65 89 98 38
65 90 62 36
65 91 62 25
65 92 58 85
65 93 8 90
65 94 25 90
65 95 91 45
65 96 55 5
65 97 97 70
65 98 95 6
65 99 40 85
65 100 1 62
66 67 57 60
66 68 17 65
66 69 44 15
66 70 86 91
66 71 47 30
66 72 100 17
66 73 74 34
66 74 75 82
66 75 97 90
66 76 13 69
66 77 7 68
66 78 86 65
66 79 8 85
66 80 36 53
66 81 22 96
66 82 87 90
66 83 76 75
66 84 23 62
66 85 27 34
66 86 55 77
66 87 65 60
66 88 74 82
66 89 18 48
66 90 38 17
66 91 45 66
66 92 43 100
66 93 20 34
66 94 1 17
66 95 89 46
66 96 63 3
66 97 99 35
66 98 44 51
66 99 8 87
66 100 4 19
67 68 64 10
67 69 17 66
67 70 44 63
67 71 70 6
67 72 65 8
67 73 4 12
67 74 54 90
67 75 80 32
67 76 18 86
67 77 44 30
67 78 34 2
67 79 46 60
67 80 86 79
67 81 38 46
67 82 60 36
67 83 44 14
67 84 2 89
67 85 38 93
67 86 73 68
67 87 36 85
67 88 62 12
67 89 19 8
67 90 18 13
67 91 36 26
67 92 43 21
67 93 96 39
67 94 31 20
67 95 94 16
67 96 87 87
67 97 68 43
67 98 7 45
67 99 87 26
67 100 25 40
68 69 59 28
68 70 90 85
68 71 38 85
68 72 94 1
68 73 5 35
68 74 89 38
68 75 100 6
68 76 54 26
68 77 39 41
68 78 76 81
68 79 10 61
68 80 92 67
68 81 3 28
68 82 37 29
68 83 63 39
68 84 81 95
68 85 14 81
68 86 100 92
68 87 62 18
68 88 34 90
68 89 29 40
68 90 73 76
68 91 82 20
68 92 21 3
68 93 3 28
68 94 18 71
68 95 62 65
68 96 11 52
68 97 16 26
68 98 51 27
68 99 47 60
68 100 77 18
69 70 24 14
69 71 76 68
69 72 40 44
69 73 6 42
69 74 68 75
69 75 34 61
69 76 89 25
69 77 52 24
69 78 8 55
69 79 95 4
69 80 84 83
69 81 16 71
69 82 70 74
69 83 12 19
69 84 9 69
69 85 16 12
69 86 67 90
69 87 68 52
69 88 26 24
69 89 94 70
69 90 43 41
69 91 20 71
69 92 16 54
69 93 32 95
69 94 18 10
69 95 28 96
69 96 33 21
69 97 24 84
69 98 17 53
69 99 19 61
69 100 14 33
70 71 68 61
70 72 52 56
70 73 76 98
70 74 72 92
70 75 28 7
70 76 60 33
70 77 92 93
70 78 7 39
70 79 27 87
70 80 48 21
70 81 69 1
70 82 56 65
70 83 90 16
70 84 61 4
70 85 28 61
70 86 41 78
70 87 86 64
70 88 45 66
70 89 65 91
70 90 18 62
70 91 91 8
70 92 80 31
70 93 67 51
70 94 69 66
70 95 76 3
70 96 26 84
70 97 57 29
70 98 48 16
70 99 20 58
70 100 100 41
71 72 30 53
71 73 97 73
71 74 72 18
71 75 83 19
71 76 86 13
71 77 1 2
71 78 51 13
71 79 21 68
71 80 17 40
71 81 95 7
71 82 48 17
71 83 33 61
71 84 53 87
71 85 25 67
71 86 1 64
71 87 8 72
71 88 98 84
71 89 17 49
71 90 71 47
71 91 94 6
71 92 90 43
71 93 81 67
71 94 94 73
71 95 46 11
71 96 78 7
71 97 51 33
71 98 73 87
71 99 56 57
71 100 79 93
72 73 72 72
72 74 12 29
72 75 91 46
72 76 86 59
72 77 73 52
72 78 67 76
72 79 72 44
72 80 19 40
72 81 50 9
72 82 71 27
72 83 46 60
72 84 70 89
72 85 30 68
72 86 23 73
72 87 4 93
72 88 36 19
72 89 21 83
72 90 80 36
72 91 65 91
72 92 31 43
72 93 25 19
72 94 48 53
72 95 84 75
72 96 75 31
72 97 17 89
72 98 15 99
72 99 81 93
72 100 8 53
73 74 3 56
73 75 93 48
73 76 46 32
73 77 31 10
73 78 8 50
73 79 75 78
73 80 29 95
73 81 43 36
73 82 37 87
73 83 37 42
73 84 94 82
73 85 70 15
73 86 71 23
73 87 58 62
73 88 62 52
73 89 96 38
73 90 12 88
73 91 22 1
73 92 78 33
73 93 39 6
73 94 56 36
73 95 30 93
73 96 13 67
73 97 41 85
73 98 69 46
73 99 33 71
73 100 65 26
74 75 3 75
74 76 29 11
74 77 61 41
74 78 18 45
74 79 91 12
74 80 72 80
74 81 91 77
74 82 81 16
74 83 5 92
74 84 23 48
74 85 55 44
74 86 78 86
74 87 98 65
74 88 93 81
74 89 42 64
74 90 2 15
74 91 4 34
74 92 31 6
74 93 52 69
74 94 68 20
74 95 81 86
74 96 91 66
74 97 42 13
74 98 61 33
74 99 86 14
74 100 4 56
75 76 9 64
75 77 21 35
75 78 33 12
75 79 42 68
75 80 72 99
75 81 20 56
75 82 4 86
75 83 61 21
75 84 79 73
75 85 67 16
75 86 4 58
75 87 97 55
75 88 65 82
75 89 42 12
75 90 38 62
75 91 59 88
75 92 47 35
75 93 28 13
75 94 16 15
75 95 25 2
75 96 35 31
75 97 24 79
75 98 69 97
75 99 61 55
75 100 92 82
76 77 54 67
76 78 95 13
76 79 61 90
76 80 17 20
76 81 54 92
76 82 24 44
76 83 17 41
76 84 66 31
76 85 45 6
76 86 32 48
76 87 68 89
76 88 68 76
76 89 11 46
76 90 95 74
76 91 54 97
76 92 83 16
76 93 25 2
76 94 43 43
76 95 7 38
76 96 36 91
76 97 4 66
76 98 53 33
76 99 63 42
76 100 38 4
77 78 85 84
77 79 37 70
77 80 5 18
77 81 100 80
77 82 77 13
77 83 44 56
77 84 16 64
77 85 31 35
77 86 12 10
77 87 81 2
77 88 66 67
77 89 54 60
77 90 45 17
77 91 86 8
77 92 47 54
77 93 72 33
77 94 12 63
77 95 34 48
77 96 95 43
77 97 50 27
77 98 81 81
77 99 41 78
77 100 8 3
78 79 82 43
78 80 52 71
78 81 53 47
78 82 46 93
78 83 30 27
78 84 67 3
78 85 72 3
78 86 75 38
78 87 79 78
78 88 84 55
78 89 83 84
78 90 34 30
78 91 76 71
78 92 78 3
78 93 93 98
78 94 73 67
78 95 85 87
78 96 67 22
78 97 97 49
78 98 52 37
78 99 69 90
78 100 23 55
79 80 85 22
79 81 61 65
79 82 43 32
79 83 81 5
79 84 10 39
79 85 31 46
79 86 64 63
79 87 60 86
79 88 80 67
79 89 77 98
79 90 44 51
79 91 37 48
79 92 29 46
79 93 97 100
79 94 51 62
79 95 80 6
79 96 86 39
79 97 76 99
79 98 10 3
79 99 31 14
79 100 19 57
80 81 77 62
80 82 44 35
80 83 19 13
80 84 39 27
80 85 45 28
80 86 47 59
80 87 12 68
80 88 30 13
80 89 85 80
80 90 9 26
80 91 49 20
80 92 77 83
80 93 67 92
80 94 64 11
80 95 19 88
80 96 10 66
80 97 66 24
80 98 36 12
80 99 7 74
80 100 9 79
81 82 84 48
81 83 100 31
81 84 48 36
81 85 100 83
81 86 10 3
81 87 4 54
81 88 40 38
81 89 35 27
81 90 22 54
81 91 2 48
81 92 81 82
81 93 18 20
81 94 48 83
81 95 19 88
81 96 25 63
81 97 19 66
81 98 39 90
81 99 86 15
81 100 84 72
82 83 96 14
82 84 71 93
82 85 21 9
82 86 56 17
82 87 72 66
82 88 24 58
82 89 15 98
82 90 90 43
82 91 94 8
82 92 52 54
82 93 74 16
82 94 49 42
82 95 56 53
82 96 20 74
82 97 65 63
82 98 57 17
82 99 99 75
82 100 2 69
83 84 86 80
83 85 48 59
83 86 66 57
83 87 37 100
83 88 67 54
83 89 54 50
83 90 70 17
83 91 62 45
83 92 8 44
83 93 2 14
83 94 14 1
83 95 93 27
83 96 82 80
83 97 95 68
83 98 100 72
83 99 7 18
83 100 49 7
84 85 5 92
84 86 93 87
84 87 58 99
84 88 91 94
84 89 20 60
84 90 72 8
84 91 4 87
84 92 78 87
84 93 36 71
84 94 11 31
84 95 12 79
84 96 14 20
84 97 8 79
84 98 34 58
84 99 89 15
84 100 58 73
85 86 51 12
85 87 82 6
85 88 44 85
85 89 67 11
85 90 53 31
85 91 64 87
85 92 48 72
85 93 80 17
85 94 75 34
85 95 68 93
85 96 44 64
85 97 25 49
85 98 71 20
85 99 97 66
85 100 47 86
86 87 69 98
86 88 96 34
86 89 18 55
86 90 8 49
86 91 25 39
86 92 42 55
86 93 97 15
86 94 40 24
86 95 63 62
86 96 50 28
86 97 80 5
86 98 45 59
86 99 19 46
86 100 49 24
87 88 27 25
87 89 8 48
87 90 4 96
87 91 66 86
87 92 1 58
87 93 96 74
87 94 77 56
87 95 68 75
87 96 59 60
87 97 60 63
87 98 35 100
87 99 92 52
87 100 47 9
88 89 50 44
88 90 67 47
88 91 40 88
88 92 74 73
88 93 37 15
88 94 30 23
88 95 19 82
88 96 49 2
88 97 41 16
88 98 96 28
88 99 48 41
88 100 65 96
89 90 57 42
89 91 89 71
89 92 69 94
89 93 10 80
89 94 89 78
89 95 6 100
89 96 14 36
89 97 38 21
89 98 43 17
89 99 81 52
89 100 13 43
90 91 11 78
90 92 38 82
90 93 80 94
90 94 51 76
90 95 85 10
90 96 57 5
90 97 8 60
90 98 53 1
90 99 76 45
90 100 19 53
91 92 26 28
91 93 59 73
91 94 6 59
91 95 34 69
91 96 39 40
91 97 78 24
91 98 21 71
91 99 61 25
91 100 27 88
92 93 92 61
92 94 9 15
92 95 92 49
92 96 29 27
92 97 12 70
92 98 70 69
92 99 24 87
92 100 57 28
93 94 83 5
93 95 74 2
93 96 50 31
93 97 79 91
93 98 84 91
93 99 41 52
93 100 14 50
94 95 9 83
94 96 8 20
94 97 5 85
94 98 22 8
94 99 71 11
94 100 87 95
95 96 65 53
95 97 37 33
95 98 98 19
95 99 59 21
95 100 30 39
96 97 90 36
96 98 52 70
96 99 29 63
96 100 98 95
97 98 11 20
97 99 96 17
97 100 61 11
98 99 74 67
98 100 28 39
99 100 15 41