100
10
7
10
37
19
52
23
92
95
75
62
14
87
20
29
76
60
8
43
55
28
96
97
1
83
49
94
88
72
86
2
78
39
71
1 2 92 11
1 3 100 5
1 4 2 87
1 5 70 34
1 6 82 78
1 7 40 15
1 8 25 69
1 9 1 17
1 10 7 23
1 11 79 97
1 12 66 27
1 13 31 28
1 14 26 92
1 15 83 60
1 16 3 47
1 17 62 24
1 18 89 47
1 19 48 84
1 20 85 93
1 21 19 89
1 22 45 83
1 23 91 85
1 24 71 2
1 25 55 69
1 26 80 29
1 27 9 39
1 28 22 28
1 29 9 86
1 30 77 62
1 31 100 57
1 32 81 12
1 33 42 69
1 34 79 75
1 35 64 6
1 36 31 48
1 37 29 70
1 38 34 32
1 39 44 67
1 40 91 27
1 41 25 42
1 42 86 41
1 43 62 65
1 44 52 36
1 45 63 86
1 46 83 46
1 47 64 75
1 48 9 36
1 49 6 14
1 50 28 4
1 51 77 25
1 52 14 87
1 53 78 67
1 54 53 90
1 55 35 25
1 56 44 95
1 57 82 90
1 58 63 84
1 59 93 74
1 60 95 98
1 61 72 20
1 62 47 83
1 63 93 92
1 64 13 15
1 65 63 68
1 66 47 62
1 67 32 42
1 68 27 53
1 69 19 81
1 70 93 57
1 71 48 63
1 72 43 6
1 73 52 12
1 74 38 86
1 75 34 37
1 76 11 9
1 77 61 44
1 78 63 25
1 79 65 22
1 80 70 24
1 81 38 73
1 82 96 13
1 83 87 71
1 84 35 99
1 85 4 58
1 86 24 45
1 87 91 72
1 88 87 36
1 89 3 26
1 90 82 27
1 91 86 10
1 92 26 23
1 93 97 5
1 94 50 25
1 95 94 96
1 96 89 98
1 97 21 27
1 98 66 56
1 99 84 96
1 100 57 24
2 3 3 84
2 4 64 25
2 5 30 76
2 6 7 56
2 7 20 87
2 8 39 41
2 9 39 57
2 10 9 90
2 11 91 45
2 12 65 52
2 13 85 29
2 14 55 74
2 15 99 41
2 16 62 47
2 17 32 22
2 18 12 76
2 19 54 19
2 20 32 84
2 21 55 61
2 22 97 32
2 23 46 88
2 24 64 18
2 25 35 17
2 26 34 67
2 27 24 33
2 28 46 17
2 29 87 35
2 30 80 9
2 31 86 60
2 32 46 50
2 33 10 18
2 34 23 31
2 35 58 19
2 36 19 81
2 37 77 41
2 38 17 81
2 39 21 100
2 40 46 14
2 41 38 80
2 42 77 29
2 43 4 79
2 44 84 100
2 45 94 63
2 46 9 31
2 47 60 86
2 48 77 87
2 49 68 74
2 50 88 50
2 51 32 83
2 52 34 43
2 53 8 30
2 54 81 35
2 55 59 99
2 56 98 27
2 57 78 41
2 58 39 97
2 59 80 53
2 60 97 58
2 61 35 87
2 62 70 72
2 63 29 91
2 64 68 22
2 65 38 38
2 66 95 67
2 67 9 7
2 68 81 17
2 69 81 80
2 70 36 2
2 71 31 27
2 72 18 59
2 73 17 59
2 74 15 91
2 75 73 42
2 76 71 37
2 77 36 40
2 78 15 50
2 79 7 25
2 80 21 47
2 81 13 21
2 82 90 36
2 83 26 74
2 84 24 49
2 85 98 62
2 86 61 42
2 87 90 57
2 88 85 6
2 89 71 22
2 90 42 23
2 91 9 80
2 92 30 2
2 93 86 40
2 94 33 82
2 95 7 97
2 96 54 18
2 97 85 14
2 98 74 27
2 99 38 28
2 100 33 31
3 4 91 78
3 5 31 14
3 6 27 23
3 7 42 64
3 8 93 20
3 9 97 58
3 10 57 97
3 11 32 55
3 12 2 49
3 13 92 75
3 14 84 16
3 15 90 77
3 16 16 60
3 17 47 47
3 18 69 17
3 19 84 7
3 20 32 83
3 21 32 81
3 22 8 54
3 23 7 23
3 24 41 72
3 25 8 70
3 26 32 57
3 27 19 18
3 28 68 18
3 29 94 68
3 30 13 46
3 31 67 15
3 32 97 76
3 33 76 7
3 34 77 56
3 35 89 42
3 36 83 80
3 37 27 67
3 38 73 51
3 39 6 94
3 40 78 12
3 41 48 96
3 42 24 64
3 43 58 41
3 44 21 59
3 45 33 19
3 46 17 91
3 47 43 74
3 48 42 42
3 49 59 14
3 50 40 25
3 51 79 48
3 52 95 63
3 53 79 93
3 54 10 23
3 55 91 99
3 56 95 49
3 57 44 89
3 58 21 28
3 59 11 73
3 60 84 95
3 61 34 40
3 62 24 54
3 63 7 63
3 64 98 16
3 65 97 30
3 66 12 79
3 67 6 7
3 68 34 17
3 69 56 80
3 70 11 94
3 71 57 31
3 72 97 42
3 73 5 2
3 74 75 32
3 75 84 92
3 76 28 85
3 77 24 69
3 78 77 6
3 79 100 58
3 80 49 70
3 81 80 63
3 82 40 94
3 83 88 53
3 84 51 64
3 85 62 18
3 86 58 50
3 87 65 80
3 88 55 38
3 89 75 21
3 90 48 92
3 91 93 17
3 92 12 68
3 93 12 7
3 94 25 32
3 95 54 81
3 96 88 16
3 97 38 30
3 98 89 58
3 99 84 29
3 100 78 41
4 5 99 61
4 6 39 99
4 7 58 14
4 8 67 67
4 9 46 58
4 10 2 100
4 11 86 98
4 12 15 74
4 13 38 80
4 14 73 100
4 15 91 41
4 16 86 84
4 17 23 8
4 18 11 100
4 19 52 40
4 20 69 55
4 21 37 47
4 22 4 76
4 23 51 35
4 24 55 44
4 25 100 62
4 26 6 98
4 27 42 59
4 28 37 78
4 29 55 19
4 30 18 85
4 31 15 4
4 32 89 33
4 33 26 97
4 34 70 66
4 35 30 38
4 36 29 71
4 37 64 9
4 38 18 11
4 39 38 100
4 40 81 2
4 41 10 7
4 42 25 2
4 43 29 78
4 44 14 67
4 45 17 34
4 46 67 22
4 47 28 49
4 48 75 53
4 49 6 50
4 50 12 79
4 51 8 70
4 52 41 4
4 53 27 9
4 54 77 71
4 55 1 5
4 56 35 9
4 57 71 70
4 58 74 2
4 59 97 24
4 60 68 10
4 61 96 53
4 62 7 65
4 63 98 65
4 64 62 92
4 65 94 46
4 66 57 99
4 67 16 19
4 68 60 57
4 69 21 69
4 70 40 52
4 71 69 2
4 72 21 35
4 73 82 27
4 74 74 93
4 75 30 23
4 76 30 32
4 77 35 91
4 78 29 1
4 79 18 91
4 80 84 58
4 81 89 32
4 82 75 81
4 83 84 41
4 84 45 99
4 85 65 30
4 86 69 88
4 87 13 28
4 88 43 26
4 89 86 26
4 90 43 44
4 91 65 23
4 92 96 3
4 93 76 50
4 94 48 97
4 95 99 44
4 96 12 72
4 97 8 67
4 98 4 65
4 99 53 62
4 100 7 66
5 6 96 13
5 7 53 62
5 8 73 21
5 9 34 90
5 10 6 18
5 11 62 86
5 12 56 41
5 13 72 37
5 14 46 13
5 15 83 1
5 16 58 60
5 17 77 5
5 18 19 18
5 19 49 56
5 20 66 98
5 21 70 13
5 22 37 22
5 23 83 25
5 24 79 84
5 25 7 95
5 26 57 67
5 27 71 66
5 28 11 11
5 29 28 77
5 30 96 76
5 31 20 18
5 32 26 18
5 33 51 60
5 34 33 49
5 35 86 69
5 36 79 89
5 37 46 92
5 38 10 27
5 39 1 28
5 40 40 11
5 41 14 85
5 42 46 84
5 43 59 53
5 44 71 19
5 45 83 13
5 46 46 60
5 47 58 71
5 48 35 88
5 49 4 50
5 50 85 88
5 51 91 17
5 52 76 97
5 53 69 41
5 54 80 99
5 55 35 65
5 56 22 70
5 57 100 82
5 58 95 90
5 59 65 78
5 60 89 47
5 61 8 26
5 62 81 19
5 63 34 21
5 64 22 73
5 65 77 45
5 66 11 47
5 67 33 25
5 68 76 11
5 69 14 93
5 70 46 19
5 71 92 94
5 72 55 27
5 73 57 6
5 74 57 83
5 75 84 61
5 76 16 64
5 77 42 75
5 78 99 36
5 79 21 90
5 80 94 66
5 81 87 14
5 82 77 65
5 83 87 95
5 84 13 81
5 85 20 84
5 86 87 78
5 87 30 35
5 88 13 16
5 89 51 94
5 90 42 56
5 91 38 37
5 92 89 54
5 93 40 47
5 94 41 80
5 95 46 93
5 96 9 43
5 97 59 65
5 98 66 7
5 99 27 93
5 100 39 93
6 7 57 37
6 8 87 48
6 9 70 61
6 10 42 66
6 11 65 48
6 12 91 51
6 13 48 4
6 14 4 17
6 15 93 27
6 16 90 4
6 17 11 47
6 18 12 92
6 19 97 73
6 20 96 79
6 21 98 64
6 22 78 64
6 23 14 7
6 24 34 2
6 25 26 45
6 26 99 90
6 27 44 90
6 28 44 92
6 29 31 80
6 30 48 38
6 31 89 97
6 32 95 58
6 33 57 72
6 34 81 12
6 35 49 60
6 36 13 50
6 37 94 97
6 38 47 75
6 39 32 57
6 40 96 4
6 41 4 91
6 42 5 90
6 43 97 61
6 44 47 17
6 45 80 25
6 46 25 19
6 47 29 65
6 48 90 62
6 49 90 94
6 50 55 17
6 51 22 75
6 52 75 42
6 53 85 21
6 54 45 60
6 55 46 67
6 56 85 14
6 57 2 65
6 58 67 4
6 59 87 80
6 60 8 19
6 61 70 57
6 62 50 44
6 63 92 56
6 64 11 22
6 65 5 71
6 66 27 41
6 67 100 21
6 68 69 78
6 69 25 79
6 70 69 29
6 71 55 60
6 72 55 59
6 73 28 37
6 74 97 71
6 75 75 4
6 76 35 97
6 77 99 27
6 78 73 77
6 79 78 69
6 80 28 17
6 81 11 98
6 82 28 70
6 83 60 94
6 84 15 14
6 85 45 58
6 86 20 28
6 87 87 92
6 88 60 73
6 89 30 14
6 90 21 51
6 91 27 60
6 92 45 28
6 93 84 4
6 94 36 17
6 95 75 79
6 96 71 10
6 97 70 96
6 98 4 20
6 99 74 100
6 100 24 36
7 8 10 51
7 9 72 87
7 10 38 12
7 11 87 2
7 12 77 89
7 13 33 55
7 14 87 89
7 15 71 13
7 16 38 69
7 17 7 1
7 18 99 29
7 19 36 84
7 20 39 82
7 21 1 1
7 22 28 13
7 23 46 19
7 24 30 82
7 25 78 1
7 26 76 59
7 27 91 32
7 28 2 54
7 29 59 25
7 30 25 54
7 31 73 56
7 32 56 70
7 33 68 22
7 34 82 97
7 35 72 44
7 36 85 44
7 37 24 73
7 38 60 43
7 39 38 45
7 40 37 48
7 41 11 28
7 42 74 76
7 43 69 7
7 44 7 58
7 45 90 68
7 46 36 64
7 47 78 54
7 48 44 59
7 49 88 84
7 50 12 35
7 51 46 27
7 52 86 58
7 53 16 14
7 54 38 63
7 55 38 57
7 56 93 4
7 57 54 89
7 58 30 9
7 59 81 14
7 60 32 69
7 61 5 86
7 62 90 16
7 63 88 93
7 64 41 53
7 65 66 17
7 66 86 26
7 67 25 26
7 68 51 74
7 69 72 50
7 70 83 62
7 71 34 9
7 72 43 60
7 73 58 88
7 74 77 78
7 75 10 76
7 76 84 38
7 77 62 52
7 78 95 8
7 79 1 98
7 80 63 72
7 81 3 84
7 82 44 91
7 83 48 74
7 84 38 29
7 85 50 92
7 86 4 85
7 87 74 85
7 88 37 87
7 89 26 6
7 90 39 81
7 91 48 42
7 92 96 72
7 93 41 43
7 94 79 60
7 95 71 15
7 96 17 12
7 97 13 35
7 98 72 67
7 99 2 42
7 100 21 22
8 9 62 33
8 10 35 68
8 11 16 51
8 12 72 82
8 13 58 38
8 14 16 91
8 15 36 84
8 16 69 63
8 17 20 71
8 18 39 79
8 19 6 8
8 20 87 15
8 21 34 21
8 22 10 43
8 23 23 1
8 24 33 6
8 25 54 57
8 26 16 35
8 27 54 75
8 28 66 82
8 29 50 25
8 30 60 74
8 31 63 33
8 32 48 51
8 33 46 40
8 34 68 78
8 35 24 80
8 36 48 9
8 37 12 37
8 38 55 29
8 39 36 24
8 40 91 70
8 41 54 9
8 42 21 34
8 43 17 97
8 44 49 81
8 45 78 74
8 46 39 74
8 47 7 47
8 48 89 47
8 49 16 66
8 50 39 42
8 51 2 91
8 52 27 37
8 53 32 100
8 54 3 42
8 55 36 78
8 56 21 43
8 57 52 41
8 58 2 19
8 59 18 52
8 60 67 80
8 61 10 29
8 62 89 17
8 63 39 7
8 64 79 14
8 65 75 94
8 66 78 50
8 67 29 17
8 68 7 42
8 69 90 67
8 70 6 27
8 71 39 38
8 72 40 60
8 73 60 84
8 74 45 70
8 75 54 15
8 76 20 2
8 77 55 27
8 78 42 81
8 79 18 32
8 80 32 32
8 81 58 36
8 82 68 75
8 83 22 80
8 84 13 84
8 85 30 71
8 86 77 43
8 87 82 9
8 88 13 97
8 89 92 48
8 90 40 14
8 91 67 90
8 92 34 70
8 93 73 76
8 94 23 42
8 95 99 37
8 96 52 34
8 97 79 27
8 98 31 72
8 99 63 58
8 100 26 17
9 10 97 1
9 11 26 30
9 12 74 14
9 13 99 83
9 14 47 72
9 15 29 94
9 16 49 85
9 17 27 49
9 18 8 84
9 19 38 89
9 20 44 83
9 21 28 25
9 22 50 60
9 23 79 26
9 24 52 33
9 25 44 57
9 26 25 4
9 27 100 86
9 28 39 9
9 29 81 78
9 30 14 51
9 31 19 60
9 32 50 81
9 33 3 18
9 34 89 46
9 35 45 76
9 36 35 23
9 37 70 69
9 38 65 54
9 39 51 91
9 40 32 62
9 41 82 4
9 42 76 18
9 43 17 76
9 44 70 10
9 45 1 53
9 46 78 41
9 47 53 8
9 48 69 3
9 49 7 44
9 50 24 72
9 51 42 73
9 52 87 43
9 53 41 42
9 54 67 4
9 55 33 77
9 56 2 55
9 57 27 42
9 58 83 64
9 59 65 46
9 60 49 25
9 61 52 25
9 62 58 44
9 63 31 17
9 64 54 72
9 65 44 82
9 66 12 64
9 67 1 20
9 68 1 76
9 69 45 36
9 70 19 63
9 71 12 83
9 72 20 87
9 73 36 15
9 74 38 1
9 75 57 46
9 76 21 58
9 77 52 99
9 78 37 74
9 79 2 43
9 80 15 98
9 81 29 40
9 82 72 76
9 83 10 28
9 84 79 4
9 85 50 82
9 86 40 99
9 87 60 56
9 88 8 87
9 89 40 88
9 90 74 51
9 91 62 93
9 92 96 60
9 93 31 15
9 94 80 61
9 95 78 39
9 96 94 46
9 97 98 58
9 98 11 59
9 99 53 41
9 100 100 81
10 11 82 93
10 12 65 19
10 13 99 98
10 14 19 53
10 15 68 94
10 16 78 33
10 17 58 44
10 18 42 19
10 19 12 62
10 20 64 95
10 21 56 47
10 22 38 46
10 23 81 54
10 24 11 60
10 25 40 24
10 26 98 53
10 27 80 75
10 28 46 5
10 29 49 16
10 30 65 41
10 31 81 52
10 32 76 6
10 33 51 23
10 34 36 100
10 35 66 70
10 36 16 90
10 37 20 46
10 38 7 47
10 39 70 35
10 40 41 69
10 41 14 78
10 42 15 75
10 43 44 76
10 44 54 91
10 45 95 46
10 46 96 79
10 47 85 13
10 48 46 97
10 49 12 29
10 50 21 37
10 51 98 24
10 52 55 30
10 53 88 30
10 54 24 7
10 55 87 73
10 56 99 96
10 57 24 61
10 58 47 41
10 59 38 48
10 60 39 8
10 61 33 73
10 62 95 5
10 63 87 64
10 64 78 1
10 65 25 8
10 66 28 7
10 67 73 72
10 68 97 36
10 69 16 91
10 70 90 94
10 71 54 10
10 72 69 35
10 73 5 36
10 74 12 94
10 75 35 55
10 76 21 29
10 77 89 89
10 78 4 97
10 79 20 84
10 80 31 80
10 81 1 99
10 82 76 1
10 83 54 12
10 84 19 49
10 85 30 67
10 86 44 88
10 87 100 32
10 88 67 10
10 89 36 86
10 90 48 15
10 91 15 29
10 92 40 87
10 93 86 37
10 94 86 42
10 95 73 65
10 96 14 95
10 97 68 48
10 98 91 96
10 99 38 33
10 100 46 11
11 12 36 6
11 13 66 11
11 14 30 46
11 15 7 70
11 16 12 29
11 17 40 9
11 18 43 3
11 19 60 40
11 20 74 83
11 21 38 67
11 22 27 83
11 23 14 40
11 24 63 80
11 25 64 10
11 26 91 65
11 27 99 13
11 28 78 32
11 29 84 55
11 30 37 97
11 31 50 9
11 32 91 36
11 33 17 81
11 34 41 55
11 35 51 6
11 36 67 17
11 37 11 34
11 38 55 86
11 39 94 6
11 40 41 11
11 41 15 26
11 42 81 89
11 43 78 70
11 44 97 92
11 45 73 4
11 46 30 92
11 47 88 5
11 48 25 89
11 49 39 49
11 50 41 88
11 51 62 60
11 52 39 27
11 53 12 52
11 54 41 93
11 55 37 88
11 56 56 89
11 57 91 57
11 58 42 32
11 59 53 9
11 60 29 16
11 61 72 99
11 62 38 12
11 63 99 13
11 64 53 21
11 65 25 27
11 66 93 69
11 67 43 70
11 68 94 37
11 69 85 70
11 70 69 92
11 71 27 51
11 72 83 18
11 73 9 64
11 74 25 4
11 75 75 72
11 76 88 26
11 77 1 10
11 78 86 71
11 79 8 1
11 80 78 92
11 81 77 96
11 82 29 95
11 83 77 73
11 84 43 74
11 85 69 91
11 86 58 63
11 87 48 16
11 88 94 43
11 89 62 75
11 90 81 87
11 91 30 97
11 92 12 21
11 93 61 33
11 94 64 43
11 95 25 42
11 96 73 51
11 97 34 52
11 98 95 2
11 99 42 28
11 100 6 97
12 13 53 65
12 14 85 91
12 15 60 46
12 16 21 12
12 17 4 63
12 18 68 84
12 19 3 4
12 20 13 5
12 21 24 48
12 22 32 69
12 23 73 94
12 24 68 65
12 25 9 17
12 26 85 57
12 27 80 62
12 28 75 45
12 29 50 54
12 30 72 81
12 31 41 24
12 32 37 17
12 33 9 29
12 34 31 25
12 35 69 1
12 36 15 72
12 37 76 92
12 38 55 61
12 39 3 37
12 40 7 4
12 41 95 75
12 42 18 87
12 43 47 19
12 44 30 11
12 45 39 54
12 46 23 39
12 47 67 39
12 48 12 30
12 49 1 57
12 50 93 85
12 51 23 79
12 52 40 86
12 53 24 61
12 54 49 12
12 55 56 26
12 56 76 47
12 57 56 89
12 58 98 60
12 59 90 64
12 60 99 56
12 61 70 98
12 62 99 57
12 63 87 24
12 64 87 98
12 65 92 49
12 66 56 35
12 67 26 79
12 68 8 4
12 69 61 25
12 70 38 71
12 71 83 10
12 72 59 9
12 73 88 3
12 74 98 31
12 75 63 17
12 76 46 21
12 77 70 58
12 78 61 62
12 79 10 92
12 80 62 19
12 81 28 88
12 82 93 84
12 83 22 10
12 84 16 44
12 85 63 30
12 86 42 79
12 87 74 55
12 88 65 52
12 89 69 7
12 90 82 79
12 91 40 60
12 92 23 50
12 93 30 1
12 94 59 64
12 95 81 43
12 96 76 100
12 97 9 46
12 98 48 67
12 99 40 45
12 100 79 81
13 14 9 94
13 15 40 80
13 16 66 58
13 17 11 96
13 18 29 98
13 19 35 36
13 20 15 38
13 21 53 35
13 22 93 92
13 23 33 93
13 24 15 87
13 25 52 56
13 26 56 17
13 27 84 21
13 28 53 41
13 29 21 54
13 30 77 90
13 31 48 37
13 32 54 55
13 33 95 80
13 34 59 3
13 35 47 9
13 36 44 32
13 37 19 95
13 38 47 30
13 39 61 90
13 40 23 27
13 41 74 50
13 42 90 67
13 43 87 45
13 44 50 86
13 45 61 67
13 46 5 39
13 47 42 27
13 48 1 22
13 49 61 70
13 50 91 42
13 51 31 83
13 52 98 27
13 53 86 4
13 54 64 69
13 55 3 39
13 56 63 34
13 57 17 100
13 58 17 77
13 59 55 20
13 60 22 63
13 61 14 40
13 62 29 37
13 63 65 52
13 64 68 3
13 65 2 56
13 66 52 6
13 67 80 1
13 68 79 11
13 69 62 65
13 70 3 1
13 71 66 83
13 72 40 37
13 73 3 95
13 74 25 79
13 75 74 29
13 76 81 100
13 77 9 64
13 78 99 15
13 79 89 10
13 80 79 2
13 81 71 78
13 82 18 30
13 83 77 98
13 84 92 18
13 85 24 60
13 86 30 78
13 87 80 45
13 88 96 30
13 89 33 49
13 90 90 87
13 91 27 75
13 92 45 35
13 93 12 72
13 94 12 46
13 95 70 62
13 96 34 42
13 97 77 81
13 98 30 3
13 99 23 82
13 100 47 38
14 15 75 32
14 16 18 65
14 17 48 35
14 18 27 85
14 19 18 41
14 20 42 64
14 21 99 15
14 22 39 47
14 23 53 84
14 24 17 47
14 25 70 25
14 26 64 26
14 27 39 57
14 28 31 50
14 29 65 100
14 30 74 87
14 31 96 9
14 32 53 91
14 33 75 30
14 34 75 43
14 35 76 88
14 36 50 13
14 37 80 11
14 38 45 85
14 39 35 19
14 40 94 18
14 41 93 68
14 42 83 29
14 43 84 52
14 44 67 37
14 45 37 94
14 46 20 90
14 47 32 92
14 48 30 45
14 49 44 94
14 50 19 18
14 51 81 2
14 52 1 7
14 53 29 11
14 54 75 52
14 55 79 29
14 56 65 50
14 57 75 30
14 58 13 31
14 59 6 86
14 60 83 48
14 61 66 22
14 62 47 53
14 63 4 97
14 64 29 97
14 65 39 97
14 66 1 82
14 67 87 40
14 68 93 32
14 69 13 71
14 70 10 24
14 71 86 63
14 72 19 40
14 73 1 39
14 74 79 40
14 75 75 85
14 76 50 30
14 77 9 30
14 78 42 50
14 79 37 34
14 80 32 41
14 81 92 100
14 82 88 24
14 83 41 62
14 84 95 14
14 85 12 25
14 86 66 98
14 87 96 96
14 88 42 10
14 89 62 64
14 90 94 85
14 91 1 52
14 92 3 93
14 93 85 26
14 94 11 83
14 95 29 100
14 96 84 47
14 97 22 25
14 98 18 42
14 99 67 9
14 100 95 92
15 16 43 52
15 17 50 89
15 18 93 72
15 19 32 76
15 20 66 92
15 21 30 24
15 22 73 98
15 23 47 80
15 24 74 8
15 25 99 81
15 26 21 98
15 27 73 90
15 28 36 21
15 29 5 67
15 30 6 98
15 31 36 30
15 32 24 63
15 33 71 100
15 34 20 4
15 35 93 59
15 36 74 97
15 37 58 69
15 38 25 31
15 39 90 24
15 40 29 25
15 41 59 42
15 42 85 99
15 43 59 21
15 44 32 1
15 45 56 92
15 46 99 7
15 47 22 25
15 48 15 8
15 49 65 18
15 50 77 34
15 51 8 41
15 52 43 65
15 53 82 65
15 54 55 22
15 55 56 76
15 56 8 96
15 57 25 63
15 58 43 37
15 59 100 94
15 60 14 1
15 61 55 35
15 62 16 2
15 63 58 26
15 64 25 59
15 65 90 58
15 66 42 33
15 67 2 4
15 68 12 86
15 69 1 70
15 70 26 24
15 71 28 7
15 72 82 38
15 73 28 11
15 74 87 68
15 75 5 16
15 76 28 42
15 77 57 27
15 78 63 86
15 79 3 44
15 80 55 18
15 81 88 13
15 82 60 95
15 83 73 80
15 84 43 3
15 85 76 50
15 86 84 64
15 87 57 2
15 88 88 94
15 89 64 25
15 90 95 25
15 91 77 99
15 92 48 36
15 93 82 71
15 94 54 56
15 95 44 77
15 96 15 37
15 97 25 92
15 98 14 74
15 99 80 78
15 100 1 84
16 17 100 75
16 18 21 100
16 19 53 92
16 20 12 72
16 21 47 90
16 22 43 72
16 23 23 68
16 24 47 20
16 25 37 13
16 26 13 31
16 27 6 2
16 28 97 66
16 29 6 88
16 30 98 4
16 31 94 65
16 32 62 67
16 33 30 50
16 34 78 85
16 35 81 63
16 36 8 60
16 37 9 73
16 38 83 67
16 39 31 37
16 40 32 86
16 41 95 61
16 42 29 95
16 43 50 45
16 44 68 98
16 45 60 96
16 46 82 66
16 47 100 72
16 48 15 52
16 49 82 50
16 50 64 46
16 51 7 52
16 52 100 47
16 53 14 34
16 54 83 8
16 55 9 63
16 56 68 77
16 57 3 66
16 58 37 41
16 59 54 3
16 60 99 66
16 61 87 41
16 62 94 42
16 63 48 21
16 64 44 89
16 65 9 50
16 66 69 3
16 67 70 73
16 68 47 46
16 69 10 80
16 70 44 47
16 71 90 29
16 72 19 35
16 73 75 92
16 74 92 17
16 75 100 67
16 76 42 12
16 77 52 55
16 78 73 46
16 79 16 61
16 80 33 70
16 81 86 95
16 82 50 15
16 83 84 62
16 84 89 12
16 85 20 17
16 86 32 2
16 87 97 100
16 88 43 72
16 89 2 1
16 90 16 98
16 91 38 42
16 92 23 92
16 93 5 35
16 94 81 93
16 95 77 86
16 96 17 40
16 97 24 17
16 98 11 74
16 99 39 57
16 100 74 2
17 18 44 80
17 19 58 10
17 20 91 73
17 21 28 84
17 22 18 64
17 23 92 21
17 24 62 79
17 25 73 31
17 26 49 23
17 27 33 53
17 28 85 33
17 29 99 6
17 30 2 13
17 31 67 95
17 32 59 29
17 33 85 21
17 34 19 11
17 35 87 34
17 36 100 22
17 37 18 69
17 38 52 66
17 39 35 70
17 40 60 63
17 41 38 97
17 42 95 30
17 43 70 19
17 44 68 4
17 45 87 3
17 46 2 57
17 47 60 71
17 48 5 21
17 49 8 52
17 50 45 20
17 51 31 71
17 52 28 6
17 53 26 18
17 54 61 86
17 55 57 25
17 56 8 82
17 57 4 51
17 58 26 96
17 59 7 60
17 60 60 65
17 61 89 97
17 62 32 67
17 63 7 35
17 64 63 99
17 65 100 73
17 66 85 52
17 67 47 19
17 68 10 17
17 69 6 79
17 70 94 57
17 71 59 89
17 72 60 55
17 73 79 10
17 74 14 34
17 75 44 42
17 76 35 42
17 77 68 37
17 78 63 92
17 79 64 42
17 80 24 94
17 81 41 3
17 82 100 19
17 83 16 42
17 84 48 92
17 85 8 62
17 86 88 41
17 87 51 51
17 88 97 81
17 89 74 86
17 90 10 3
17 91 43 66
17 92 23 84
17 93 100 46
17 94 43 44
17 95 25 42
17 96 35 48
17 97 80 80
17 98 100 77
17 99 84 78
17 100 41 60
18 19 77 63
18 20 71 39
18 21 85 68
18 22 68 91
18 23 23 48
18 24 70 3
18 25 77 11
18 26 91 56
18 27 19 64
18 28 23 4
18 29 28 98
18 30 24 68
18 31 33 11
18 32 24 78
18 33 28 24
18 34 91 62
18 35 36 77
18 36 70 19
18 37 20 78
18 38 48 37
18 39 91 37
18 40 86 58
18 41 63 49
18 42 76 77
18 43 39 84
18 44 65 60
18 45 54 84
18 46 42 59
18 47 43 58
18 48 45 52
18 49 3 57
18 50 99 65
18 51 64 53
18 52 39 33
18 53 71 16
18 54 70 75
18 55 74 70
18 56 26 67
18 57 32 59
18 58 23 84
18 59 99 16
18 60 82 75
18 61 39 12
18 62 32 41
18 63 12 8
18 64 77 61
18 65 40 87
18 66 35 84
18 67 11 2
18 68 2 43
18 69 37 50
18 70 61 79
18 71 50 46
18 72 56 65
18 73 15 41
18 74 51 79
18 75 62 81
18 76 71 58
18 77 83 41
18 78 17 30
18 79 64 24
18 80 73 55
18 81 81 67
18 82 24 94
18 83 9 44
18 84 40 21
18 85 99 18
18 86 78 38
18 87 62 16
18 88 19 74
18 89 62 68
18 90 83 59
18 91 67 89
18 92 55 1
18 93 73 39
18 94 75 97
18 95 70 56
18 96 93 57
18 97 80 51
18 98 33 79
18 99 54 10
18 100 84 42
19 20 76 81
19 21 97 32
19 22 1 26
19 23 60 6
19 24 2 75
19 25 65 26
19 26 80 57
19 27 38 62
19 28 44 55
19 29 17 88
19 30 83 1
19 31 25 43
19 32 4 63
19 33 25 4
19 34 54 38
19 35 60 11
19 36 50 14
19 37 98 92
19 38 94 6
19 39 72 27
19 40 79 71
19 41 50 83
19 42 89 14
19 43 31 31
19 44 11 47
19 45 18 20
19 46 99 20
19 47 69 55
19 48 5 85
19 49 20 33
19 50 11 20
19 51 53 23
19 52 7 31
19 53 16 18
19 54 89 90
19 55 36 2
19 56 18 89
19 57 17 86
19 58 95 91
19 59 32 96
19 60 19 94
19 61 85 61
19 62 14 29
19 63 93 46
19 64 9 55
19 65 14 18
19 66 69 96
19 67 67 58
19 68 63 56
19 69 34 10
19 70 33 29
19 71 86 27
19 72 7 84
19 73 62 24
19 74 37 69
19 75 64 64
19 76 1 45
19 77 36 21
19 78 39 33
19 79 43 95
19 80 50 86
19 81 96 80
19 82 68 52
19 83 59 16
19 84 87 69
19 85 71 49
19 86 72 84
19 87 20 46
19 88 56 45
19 89 63 8
19 90 70 86
19 91 3 97
19 92 75 86
19 93 43 68
19 94 53 63
19 95 61 38
19 96 27 40
19 97 76 26
19 98 1 36
19 99 42 95
19 100 21 23
20 21 63 14
20 22 89 68
20 23 75 30
20 24 93 56
20 25 4 40
20 26 38 10
20 27 29 67
20 28 23 45
20 29 21 77
20 30 57 7
20 31 97 89
20 32 21 6
20 33 44 28
20 34 27 57
20 35 72 84
20 36 5 21
20 37 94 71
20 38 43 85
20 39 16 19
20 40 5 96
20 41 74 77
20 42 25 52
20 43 24 29
20 44 19 84
20 45 61 37
20 46 49 83
20 47 9 86
20 48 7 72
20 49 3 35
20 50 99 87
20 51 42 56
20 52 34 49
20 53 51 24
20 54 42 100
20 55 26 85
20 56 42 48
20 57 73 68
20 58 22 41
20 59 71 71
20 60 49 50
20 61 58 34
20 62 74 92
20 63 72 50
20 64 61 93
20 65 94 8
20 66 66 32
20 67 33 25
20 68 39 30
20 69 2 77
20 70 67 83
20 71 68 55
20 72 27 43
20 73 85 12
20 74 38 9
20 75 20 92
20 76 74 7
20 77 93 82
20 78 76 78
20 79 57 38
20 80 79 70
20 81 81 56
20 82 12 81
20 83 93 73
20 84 27 98
20 85 99 25
20 86 87 75
20 87 52 37
20 88 61 11
20 89 38 99
20 90 69 82
20 91 60 97
20 92 90 67
20 93 29 39
20 94 93 2
20 95 65 68
20 96 38 69
20 97 67 35
20 98 33 68
20 99 28 18
20 100 74 56
21 22 19 33
21 23 16 21
21 24 58 56
21 25 37 67
21 26 30 63
21 27 21 65
21 28 99 45
21 29 51 97
21 30 11 61
21 31 5 77
21 32 27 12
21 33 30 72
21 34 17 86
21 35 31 18
21 36 36 52
21 37 8 67
21 38 68 41
21 39 56 25
21 40 95 21
21 41 82 12
21 42 56 58
21 43 13 77
21 44 62 2
21 45 82 46
21 46 60 30
21 47 62 58
21 48 66 36
21 49 50 91
21 50 30 25
21 51 5 11
21 52 16 79
21 53 9 12
21 54 42 15
21 55 28 80
21 56 41 71
21 57 17 14
21 58 89 77
21 59 44 58
21 60 68 48
21 61 46 81
21 62 23 74
21 63 37 84
21 64 51 60
21 65 53 39
21 66 97 30
21 67 63 42
21 68 2 67
21 69 89 86
21 70 35 52
21 71 33 98
21 72 69 45
21 73 69 22
21 74 17 17
21 75 11 17
21 76 89 20
21 77 42 5
21 78 54 20
21 79 60 36
21 80 99 90
21 81 22 37
21 82 67 81
21 83 34 8
21 84 63 83
21 85 88 89
21 86 45 47
21 87 95 2
21 88 25 45
21 89 34 86
21 90 54 35
21 91 64 53
21 92 97 75
21 93 63 71
21 94 92 44
21 95 24 76
21 96 45 48
21 97 70 62
21 98 13 18
21 99 41 29
21 100 67 37
22 23 82 2
22 24 95 96
22 25 38 6
22 26 51 78
22 27 18 99
22 28 54 82
22 29 69 46
22 30 24 24
22 31 14 64
22 32 20 56
22 33 49 69
22 34 33 71
22 35 55 56
22 36 90 17
22 37 61 63
22 38 44 12
22 39 5 51
22 40 22 100
22 41 69 46
22 42 45 56
22 43 88 31
22 44 20 45
22 45 39 98
22 46 13 70
22 47 9 48
22 48 34 84
22 49 84 21
22 50 36 6
22 51 6 99
22 52 6 70
22 53 42 85
22 54 55 43
22 55 93 40
22 56 32 93
22 57 6 17
22 58 95 75
22 59 57 93
22 60 16 78
22 61 4 100
22 62 38 23
22 63 62 99
22 64 41 76
22 65 42 79
22 66 31 82
22 67 50 65
22 68 59 70
22 69 31 27
22 70 18 66
22 71 34 66
22 72 75 61
22 73 96 35
22 74 64 19
22 75 89 87
22 76 89 5
22 77 32 99
22 78 15 92
22 79 17 85
22 80 85 38
22 81 65 28
22 82 55 41
22 83 80 50
22 84 64 58
22 85 98 25
22 86 39 97
22 87 87 13
22 88 20 81
22 89 93 69
22 90 19 66
22 91 21 77
22 92 1 68
22 93 30 12
22 94 77 77
22 95 27 24
22 96 17 30
22 97 91 90
22 98 44 41
22 99 51 96
22 100 51 63
23 24 64 8
23 25 94 93
23 26 4 64
23 27 70 43
23 28 58 50
23 29 86 12
23 30 68 1
23 31 57 33
23 32 32 22
23 33 25 46
23 34 31 4
23 35 69 47
23 36 87 78
23 37 86 93
23 38 88 21
23 39 35 58
23 40 76 47
23 41 46 64
23 42 15 69
23 43 100 62
23 44 60 54
23 45 46 55
23 46 14 26
23 47 55 83
23 48 97 35
23 49 8 69
23 50 30 68
23 51 28 52
23 52 29 34
23 53 18 13
23 54 27 79
23 55 73 58
23 56 13 2
23 57 30 79
23 58 41 68
23 59 48 82
23 60 66 72
23 61 81 65
23 62 87 73
23 63 25 26
23 64 67 70
23 65 51 24
23 66 55 50
23 67 54 58
23 68 16 34
23 69 50 93
23 70 65 53
23 71 68 69
23 72 5 59
23 73 18 31
23 74 56 27
23 75 31 57
23 76 63 53
23 77 58 63
23 78 46 68
23 79 73 61
23 80 59 68
23 81 93 7
23 82 45 54
23 83 67 42
23 84 82 20
23 85 24 25
23 86 21 2
23 87 61 55
23 88 64 16
23 89 93 4
23 90 2 27
23 91 55 92
23 92 81 77
23 93 66 90
23 94 58 42
23 95 93 89
23 96 39 32
23 97 68 63
23 98 100 62
23 99 98 47
23 100 74 99
24 25 46 38
24 26 2 91
24 27 17 70
24 28 54 54
24 29 38 27
24 30 82 39
24 31 44 27
24 32 58 1
24 33 40 41
24 34 48 19
24 35 49 84
24 36 81 59
24 37 52 47
24 38 32 67
24 39 6 44
24 40 32 90
24 41 80 33
24 42 36 35
24 43 75 89
24 44 91 77
24 45 66 45
24 46 77 52
24 47 52 63
24 48 11 6
24 49 68 71
24 50 12 79
24 51 32 24
24 52 43 62
24 53 23 57
24 54 59 26
24 55 30 84
24 56 44 75
24 57 55 5
24 58 73 78
24 59 34 35
24 60 47 88
24 61 5 31
24 62 48 42
24 63 91 7
24 64 44 48
24 65 56 17
24 66 35 41
24 67 54 65
24 68 58 14
24 69 40 53
24 70 12 81
24 71 19 96
24 72 44 12
24 73 81 80
24 74 83 10
24 75 24 35
24 76 10 62
24 77 74 55
24 78 1 33
24 79 72 5
24 80 9 33
24 81 16 42
24 82 82 21
24 83 56 28
24 84 96 93
24 85 25 62
24 86 67 24
24 87 66 7
24 88 8 41
24 89 68 86
24 90 16 80
24 91 42 60
24 92 78 30
24 93 42 33
24 94 88 72
24 95 87 54
24 96 29 95
24 97 52 88
24 98 53 33
24 99 60 71
24 100 12 42
25 26 24 6
25 27 87 57
25 28 61 41
25 29 30 18
25 30 17 18
25 31 100 20
25 32 82 57
25 33 12 97
25 34 30 11
25 35 2 88
25 36 85 58
25 37 15 7
25 38 64 77
25 39 5 3
25 40 75 18
25 41 31 36
25 42 92 58
25 43 79 31
25 44 10 6
25 45 44 25
25 46 4 42
25 47 32 42
25 48 20 34
25 49 74 93
25 50 14 82
25 51 54 44
25 52 9 88
25 53 23 38
25 54 40 9
25 55 25 34
25 56 73 23
25 57 34 88
25 58 74 58
25 59 7 59
25 60 27 78
25 61 37 38
25 62 87 36
25 63 39 72
25 64 54 84
25 65 1 60
25 66 46 57
25 67 28 43
25 68 37 49
25 69 58 11
25 70 52 53
25 71 31 8
25 72 19 20
25 73 93 20
25 74 65 50
25 75 56 44
25 76 98 40
25 77 34 39
25 78 48 8
25 79 63 41
25 80 52 5
25 81 15 51
25 82 1 59
25 83 92 29
25 84 89 43
25 85 87 99
25 86 54 75
25 87 98 32
25 88 40 81
25 89 20 61
25 90 16 84
25 91 65 74
25 92 77 1
25 93 67 71
25 94 96 82
25 95 8 5
25 96 2 80
25 97 12 43
25 98 100 6
25 99 50 94
25 100 28 45
26 27 93 6
26 28 84 80
26 29 98 25
26 30 21 44
26 31 16 5
26 32 65 34
26 33 94 48
26 34 95 65
26 35 31 84
26 36 98 94
26 37 46 70
26 38 66 52
26 39 40 29
26 40 38 85
26 41 23 60
26 42 72 66
26 43 11 50
26 44 77 15
26 45 96 14
26 46 27 100
26 47 66 78
26 48 57 51
26 49 26 85
26 50 47 23
26 51 81 13
26 52 97 86
26 53 49 55
26 54 4 9
26 55 41 17
26 56 74 33
26 57 55 71
26 58 15 77
26 59 9 59
26 60 100 44
26 61 2 14
26 62 85 35
26 63 10 68
26 64 80 73
26 65 93 29
26 66 76 13
26 67 58 100
26 68 84 39
26 69 93 99
26 70 82 58
26 71 99 61
26 72 24 53
26 73 59 20
26 74 87 31
26 75 23 72
26 76 100 55
26 77 88 70
26 78 63 75
26 79 78 53
26 80 17 8
26 81 81 64
26 82 36 94
26 83 80 47
26 84 60 22
26 85 57 65
26 86 51 46
26 87 50 79
26 88 24 44
26 89 50 15
26 90 15 32
26 91 89 2
26 92 70 34
26 93 26 46
26 94 8 21
26 95 50 76
26 96 100 71
26 97 56 83
26 98 91 63
26 99 82 31
26 100 2 10
27 28 48 4
27 29 50 10
27 30 31 60
27 31 76 91
27 32 80 41
27 33 32 83
27 34 90 92
27 35 84 87
27 36 57 99
27 37 93 21
27 38 30 44
27 39 21 99
27 40 23 37
27 41 81 83
27 42 56 84
27 43 48 5
27 44 57 29
27 45 15 62
27 46 48 60
27 47 33 66
27 48 8 73
27 49 36 64
27 50 37 37
27 51 91 20
27 52 28 79
27 53 35 67
27 54 74 45
27 55 75 20
27 56 81 20
27 57 5 36
27 58 81 74
27 59 51 99
27 60 8 28
27 61 78 12
27 62 98 76
27 63 61 96
27 64 98 38
27 65 29 71
27 66 70 39
27 67 18 88
27 68 55 85
27 69 97 69
27 70 93 11
27 71 29 77
27 72 52 40
27 73 54 96
27 74 74 56
27 75 19 49
27 76 87 7
27 77 10 72
27 78 54 29
27 79 25 29
27 80 56 54
27 81 84 30
27 82 50 96
27 83 58 8
27 84 45 65
27 85 82 100
27 86 78 87
27 87 68 59
27 88 80 60
27 89 68 19
27 90 97 64
27 91 38 5
27 92 25 16
27 93 64 43
27 94 92 86
27 95 8 12
27 96 84 11
27 97 30 7
27 98 32 100
27 99 31 81
27 100 72 60
28 29 29 41
28 30 43 49
28 31 82 56
28 32 68 18
28 33 77 2
28 34 86 83
28 35 67 4
28 36 98 76
28 37 73 5
28 38 15 17
28 39 49 17
28 40 71 76
28 41 27 95
28 42 60 30
28 43 53 66
28 44 26 14
28 45 48 91
28 46 15 90
28 47 5 12
28 48 53 15
28 49 32 46
28 50 18 60
28 51 17 81
28 52 91 98
28 53 88 76
28 54 50 64
28 55 2 51
28 56 74 2
28 57 39 51
28 58 31 80
28 59 74 67
28 60 55 57
28 61 28 34
28 62 54 64
28 63 59 43
28 64 75 76
28 65 12 22
28 66 68 71
28 67 34 14
28 68 69 35
28 69 73 89
28 70 54 59
28 71 5 52
28 72 72 8
28 73 98 26
28 74 69 1
28 75 38 89
28 76 60 96
28 77 88 34
28 78 87 19
28 79 51 13
28 80 41 89
28 81 30 25
28 82 35 14
28 83 79 96
28 84 67 44
28 85 4 12
28 86 23 53
28 87 64 97
28 88 58 70
28 89 66 36
28 90 29 100
28 91 46 16
28 92 63 33
28 93 91 39
28 94 18 57
28 95 58 93
28 96 73 11
28 97 46 20
28 98 91 57
28 99 55 86
28 100 36 1
29 30 44 72
29 31 79 72
29 32 62 1
29 33 76 7
29 34 74 6
29 35 100 52
29 36 97 45
29 37 21 77
29 38 67 41
29 39 20 65
29 40 73 3
29 41 54 36
29 42 13 53
29 43 45 97
29 44 85 3
29 45 25 24
29 46 65 82
29 47 36 14
29 48 64 36
29 49 20 42
29 50 7 14
29 51 46 23
29 52 23 66
29 53 38 12
29 54 24 9
29 55 76 7
29 56 89 31
29 57 32 77
29 58 20 28
29 59 48 18
29 60 64 13
29 61 23 10
29 62 48 82
29 63 18 40
29 64 49 55
29 65 51 9
29 66 69 29
29 67 70 30
29 68 79 52
29 69 57 28
29 70 36 88
29 71 86 27
29 72 6 21
29 73 41 89
29 74 8 15
29 75 76 80
29 76 17 45
29 77 97 70
29 78 37 11
29 79 60 83
29 80 20 66
29 81 89 82
29 82 89 33
29 83 21 79
29 84 40 10
29 85 41 48
29 86 49 40
29 87 17 79
29 88 53 54
29 89 68 18
29 90 23 3
29 91 1 54
29 92 37 2
29 93 12 13
29 94 22 66
29 95 18 75
29 96 64 41
29 97 36 54
29 98 78 75
29 99 12 11
29 100 54 17
30 31 98 57
30 32 27 63
30 33 91 17
30 34 81 77
30 35 20 59
30 36 44 35
30 37 55 58
30 38 79 16
30 39 52 18
30 40 16 4
30 41 31 6
30 42 19 53
30 43 43 74
30 44 1 96
30 45 100 35
30 46 12 78
30 47 82 97
30 48 46 73
30 49 18 42
30 50 73 24
30 51 53 93
30 52 80 57
30 53 58 94
30 54 10 96
30 55 32 24
30 56 12 85
30 57 2 44
30 58 82 51
30 59 75 49
30 60 9 78
30 61 80 88
30 62 59 39
30 63 12 34
30 64 12 75
30 65 11 4
30 66 29 40
30 67 39 27
30 68 78 18
30 69 5 44
30 70 75 2
30 71 47 7
30 72 86 26
30 73 57 37
30 74 58 38
30 75 9 92
30 76 94 96
30 77 36 38
30 78 35 63
30 79 51 86
30 80 12 32
30 81 47 13
30 82 12 45
30 83 18 47
30 84 90 39
30 85 88 61
30 86 1 24
30 87 66 62
30 88 31 63
30 89 68 18
30 90 98 15
30 91 85 41
30 92 21 19
30 93 14 79
30 94 53 13
30 95 68 29
30 96 3 92
30 97 6 18
30 98 48 91
30 99 76 19
30 100 40 73
31 32 34 27
31 33 12 93
31 34 90 53
31 35 23 23
31 36 5 51
31 37 48 64
31 38 80 96
31 39 70 86
31 40 28 77
31 41 48 33
31 42 13 22
31 43 51 24
31 44 65 68
31 45 89 26
31 46 62 25
31 47 75 69
31 48 88 15
31 49 96 82
31 50 85 97
31 51 44 75
31 52 8 71
31 53 40 95
31 54 43 57
31 55 6 55
31 56 26 84
31 57 69 16
31 58 10 83
31 59 42 68
31 60 80 77
31 61 78 78
31 62 27 80
31 63 49 49
31 64 84 23
31 65 21 13
31 66 59 31
31 67 52 69
31 68 10 74
31 69 77 16
31 70 34 57
31 71 81 47
31 72 39 10
31 73 23 87
31 74 51 44
31 75 24 59
31 76 81 55
31 77 35 72
31 78 61 47
31 79 42 67
31 80 75 22
31 81 65 92
31 82 36 60
31 83 30 74
31 84 18 21
31 85 6 43
31 86 57 86
31 87 87 90
31 88 81 33
31 89 50 26
31 90 15 53
31 91 1 8
31 92 90 14
31 93 19 27
31 94 7 70
31 95 87 26
31 96 30 85
31 97 41 16
31 98 38 98
31 99 74 6
31 100 38 24
32 33 10 8
32 34 58 42
32 35 26 72
32 36 39 82
32 37 36 81
32 38 65 64
32 39 81 15
32 40 28 53
32 41 31 9
32 42 68 8
32 43 30 58
32 44 8 14
32 45 67 43
32 46 72 4
32 47 1 52
32 48 74 98
32 49 40 40
32 50 61 68
32 51 26 83
32 52 78 41
32 53 65 37
32 54 3 79
32 55 48 68
32 56 37 83
32 57 56 82
32 58 84 49
32 59 23 1
32 60 4 70
32 61 98 27
32 62 30 85
32 63 83 91
32 64 73 48
32 65 24 23
32 66 85 86
32 67 69 74
32 68 69 24
32 69 24 83
32 70 84 66
32 71 33 97
32 72 21 81
32 73 59 77
32 74 20 17
32 75 33 82
32 76 25 93
32 77 50 70
32 78 73 26
32 79 19 91
32 80 23 2
32 81 99 73
32 82 4 30
32 83 11 57
32 84 86 64
32 85 94 69
32 86 69 92
32 87 6 84
32 88 88 93
32 89 51 50
32 90 63 71
32 91 84 88
32 92 31 23
32 93 40 69
32 94 69 26
32 95 55 40
32 96 21 20
32 97 35 57
32 98 89 79
32 99 6 13
32 100 61 38
33 34 32 84
33 35 47 68
33 36 9 89
33 37 5 40
33 38 38 99
33 39 42 53
33 40 91 43
33 41 72 65
33 42 32 12
33 43 26 38
33 44 48 66
33 45 51 49
33 46 82 20
33 47 55 52
33 48 15 76
33 49 68 54
33 50 91 71
33 51 72 79
33 52 28 24
33 53 36 88
33 54 33 90
33 55 14 3
33 56 42 15
33 57 66 13
33 58 12 69
33 59 36 21
33 60 51 56
33 61 84 72
33 62 16 46
33 63 46 47
33 64 77 54
33 65 61 90
33 66 9 20
33 67 11 88
33 68 13 31
33 69 18 78
33 70 81 33
33 71 76 62
33 72 37 56
33 73 74 41
33 74 81 51
33 75 28 60
33 76 53 51
33 77 87 66
33 78 11 25
33 79 12 69
33 80 32 63
33 81 63 82
33 82 97 80
33 83 69 72
33 84 27 3
33 85 67 56
33 86 74 47
33 87 28 37
33 88 14 26
33 89 1 51
33 90 45 95
33 91 66 14
33 92 63 89
33 93 8 22
33 94 92 9
33 95 84 12
33 96 16 2
33 97 51 58
33 98 11 72
33 99 45 74
33 100 85 73
34 35 96 42
34 36 74 41
34 37 32 83
34 38 51 56
34 39 7 13
34 40 92 4
34 41 72 40
34 42 12 95
34 43 62 13
34 44 40 31
34 45 94 97
34 46 65 91
34 47 86 28
34 48 2 100
34 49 54 45
34 50 3 96
34 51 93 99
34 52 15 49
34 53 1 89
34 54 40 90
34 55 71 32
34 56 4 4
34 57 33 86
34 58 88 65
34 59 20 48
34 60 85 1
34 61 22 58
34 62 29 81
34 63 63 96
34 64 96 29
34 65 34 11
34 66 44 8
34 67 75 99
34 68 34 80
34 69 88 49
34 70 33 78
34 71 59 78
34 72 77 31
34 73 62 68
34 74 43 43
34 75 28 27
34 76 87 30
34 77 76 30
34 78 82 54
34 79 84 90
34 80 68 64
34 81 91 66
34 82 10 4
34 83 89 42
34 84 8 88
34 85 20 65
34 86 48 15
34 87 14 100
34 88 18 12
34 89 67 47
34 90 18 30
34 91 58 81
34 92 98 28
34 93 63 4
34 94 41 16
34 95 73 62
34 96 89 15
34 97 47 40
34 98 80 29
34 99 41 65
34 100 68 38
35 36 57 77
35 37 15 37
35 38 96 73
35 39 63 51
35 40 62 64
35 41 100 25
35 42 50 19
35 43 79 90
35 44 90 31
35 45 17 88
35 46 95 46
35 47 2 33
35 48 5 40
35 49 49 28
35 50 79 99
35 51 79 33
35 52 30 60
35 53 44 17
35 54 60 14
35 55 77 68
35 56 6 69
35 57 74 36
35 58 40 16
35 59 27 69
35 60 89 71
35 61 54 70
35 62 40 41
35 63 81 3
35 64 42 9
35 65 34 54
35 66 30 94
35 67 10 96
35 68 11 22
35 69 28 75
35 70 86 56
35 71 13 69
35 72 52 71
35 73 51 29
35 74 53 18
35 75 79 55
35 76 1 9
35 77 29 33
35 78 30 25
35 79 77 83
35 80 3 66
35 81 75 3
35 82 70 9
35 83 24 16
35 84 52 33
35 85 25 6
35 86 99 43
35 87 29 80
35 88 91 18
35 89 100 74
35 90 2 83
35 91 97 93
35 92 84 25
35 93 78 37
35 94 89 49
35 95 65 100
35 96 44 9
35 97 73 29
35 98 87 21
35 99 48 42
35 100 78 82
36 37 43 66
36 38 12 72
36 39 11 56
36 40 67 9
36 41 76 50
36 42 46 64
36 43 65 17
36 44 92 93
36 45 64 51
36 46 33 39
36 47 15 81
36 48 93 60
36 49 71 95
36 50 6 46
36 51 70 74
36 52 75 48
36 53 99 23
36 54 62 94
36 55 21 80
36 56 30 11
36 57 37 59
36 58 45 78
36 59 99 17
36 60 85 31
36 61 89 4
36 62 34 81
36 63 5 12
36 64 16 7
36 65 77 30
36 66 87 61
36 67 44 58
36 68 75 21
36 69 87 6
36 70 62 40
36 71 8 17
36 72 90 82
36 73 84 57
36 74 17 67
36 75 10 65
36 76 64 57
36 77 74 46
36 78 59 90
36 79 86 86
36 80 11 94
36 81 45 41
36 82 46 81
36 83 85 56
36 84 24 44
36 85 66 68
36 86 52 89
36 87 23 52
36 88 84 98
36 89 19 49
36 90 13 62
36 91 28 76
36 92 63 28
36 93 87 61
36 94 27 52
36 95 18 3
36 96 66 16
36 97 58 66
36 98 51 47
36 99 84 91
36 100 39 91
37 38 40 65
37 39 64 6
37 40 56 29
37 41 90 92
37 42 93 100
37 43 38 91
37 44 8 29
37 45 56 37
37 46 37 8
37 47 96 33
37 48 47 10
37 49 73 47
37 50 66 74
37 51 93 13
37 52 13 50
37 53 15 46
37 54 44 9
37 55 95 57
37 56 82 56
37 57 8 23
37 58 62 62
37 59 79 11
37 60 30 17
37 61 1 36
37 62 57 9
37 63 26 52
37 64 4 85
37 65 54 82
37 66 82 42
37 67 26 89
37 68 88 77
37 69 73 68
37 70 6 52
37 71 91 98
37 72 3 70
37 73 42 99
37 74 19 93
37 75 61 67
37 76 41 37
37 77 65 68
37 78 100 77
37 79 23 48
37 80 66 87
37 81 73 95
37 82 52 76
37 83 95 25
37 84 77 98
37 85 44 20
37 86 13 83
37 87 6 1
37 88 38 70
37 89 96 67
37 90 86 47
37 91 4 90
37 92 57 8
37 93 50 9
37 94 31 62
37 95 41 27
37 96 71 95
37 97 15 22
37 98 2 75
37 99 39 37
37 100 74 26
38 39 34 90
38 40 78 39
38 41 38 2
38 42 59 60
38 43 98 2
38 44 74 44
38 45 64 77
38 46 57 91
38 47 75 56
38 48 37 58
38 49 56 34
38 50 28 80
38 51 18 37
38 52 25 99
38 53 48 30
38 54 20 19
38 55 16 21
38 56 83 99
38 57 58 39
38 58 29 27
38 59 31 13
38 60 23 33
38 61 26 24
38 62 75 53
38 63 56 98
38 64 19 79
38 65 14 78
38 66 28 38
38 67 26 74
38 68 33 86
38 69 39 7
38 70 26 98
38 71 51 60
38 72 88 33
38 73 72 91
38 74 38 59
38 75 1 74
38 76 43 28
38 77 99 81
38 78 90 85
38 79 97 89
38 80 9 1
38 81 56 91
38 82 66 100
38 83 95 5
38 84 100 82
38 85 68 14
38 86 98 23
38 87 70 46
38 88 66 99
38 89 60 19
38 90 38 63
38 91 26 41
38 92 70 62
38 93 22 67
38 94 57 88
38 95 31 55
38 96 67 30
38 97 9 16
38 98 56 82
38 99 52 93
38 100 37 45
39 40 51 33
39 41 77 52
39 42 98 57
39 43 79 54
39 44 46 86
39 45 84 95
39 46 42 81
39 47 45 41
39 48 4 26
39 49 28 30
39 50 72 54
39 51 26 60
39 52 27 59
39 53 17 5
39 54 37 27
39 55 49 32
39 56 11 15
39 57 30 37
39 58 81 45
39 59 70 33
39 60 18 94
39 61 22 81
39 62 49 18
39 63 15 11
39 64 1 100
39 65 5 47
39 66 25 32
39 67 77 41
39 68 37 46
39 69 29 66
39 70 41 25
39 71 45 48
39 72 19 9
39 73 89 82
39 74 69 81
39 75 97 81
39 76 80 52
39 77 65 20
39 78 16 51
39 79 97 39
39 80 21 17
39 81 95 26
39 82 50 4
39 83 40 35
39 84 43 47
39 85 85 77
39 86 18 25
39 87 32 2
39 88 6 27
39 89 86 2
39 90 6 58
39 91 99 83
39 92 31 43
39 93 61 64
39 94 90 36
39 95 31 20
39 96 88 52
39 97 12 55
39 98 94 30
39 99 49 36
39 100 4 71
40 41 74 11
40 42 58 16
40 43 22 27
40 44 83 14
40 45 33 51
40 46 21 17
40 47 70 30
40 48 6 95
40 49 98 27
40 50 35 82
40 51 60 60
40 52 80 85
40 53 40 35
40 54 40 64
40 55 49 9
40 56 58 49
40 57 22 69
40 58 67 27
40 59 64 64
40 60 39 63
40 61 14 67
40 62 9 22
40 63 60 55
40 64 32 53
40 65 90 51
40 66 26 98
40 67 30 9
40 68 79 69
40 69 83 19
40 70 48 5
40 71 84 16
40 72 73 37
40 73 63 63
40 74 99 25
40 75 25 24
40 76 1 34
40 77 58 19
40 78 72 43
40 79 20 92
40 80 85 33
40 81 73 38
40 82 71 10
40 83 23 97
40 84 67 42
40 85 7 93
40 86 77 78
40 87 52 79
40 88 20 98
40 89 71 41
40 90 18 8
40 91 53 31
40 92 37 66
40 93 53 19
40 94 45 72
40 95 63 28
40 96 30 73
40 97 50 24
40 98 34 76
40 99 14 48
40 100 61 9
41 42 57 39
41 43 29 23
41 44 28 22
41 45 31 82
41 46 82 11
41 47 78 34
41 48 78 20
41 49 70 99
41 50 83 87
41 51 7 33
41 52 39 61
41 53 56 38
41 54 53 30
41 55 29 60
41 56 41 33
41 57 98 84
41 58 2 54
41 59 54 45
41 60 91 52
41 61 78 39
41 62 53 5
41 63 49 20
41 64 50 67
41 65 83 9
41 66 73 94
41 67 35 18
41 68 4 93
41 69 11 52
41 70 20 25
41 71 72 18
41 72 100 27
41 73 90 65
41 74 49 52
41 75 93 42
41 76 46 64
41 77 18 71
41 78 67 56
41 79 46 61
41 80 23 78
41 81 8 11
41 82 22 15
41 83 18 54
41 84 47 65
41 85 47 86
41 86 41 50
41 87 54 81
41 88 22 56
41 89 41 62
41 90 95 91
41 91 18 25
41 92 99 93
41 93 25 42
41 94 21 86
41 95 82 46
41 96 74 1
41 97 14 7
41 98 99 96
41 99 98 43
41 100 4 31
42 43 57 71
42 44 77 77
42 45 32 61
42 46 28 88
42 47 89 36
42 48 87 32
42 49 26 85
42 50 81 76
42 51 51 59
42 52 44 61
42 53 76 18
42 54 90 17
42 55 91 18
42 56 44 16
42 57 18 15
42 58 81 19
42 59 39 7
42 60 37 5
42 61 59 76
42 62 36 44
42 63 72 85
42 64 20 7
42 65 31 78
42 66 33 6
42 67 49 9
42 68 38 61
42 69 57 20
42 70 62 16
42 71 74 94
42 72 88 7
42 73 61 5
42 74 47 90
42 75 2 34
42 76 43 64
42 77 52 24
42 78 95 31
42 79 18 8
42 80 64 20
42 81 97 17
42 82 52 14
42 83 60 12
42 84 62 19
42 85 67 35
42 86 3 75
42 87 32 90
42 88 2 100
42 89 52 30
42 90 22 74
42 91 65 47
42 92 53 36
42 93 95 24
42 94 41 45
42 95 70 60
42 96 68 11
42 97 72 16
42 98 98 43
42 99 51 58
42 100 44 99
43 44 22 21
43 45 29 13
43 46 32 80
43 47 26 21
43 48 86 20
43 49 11 43
43 50 50 41
43 51 48 72
43 52 82 33
43 53 26 98
43 54 23 56
43 55 2 34
43 56 14 82
43 57 75 28
43 58 32 55
43 59 54 56
43 60 75 29
43 61 58 51
43 62 80 9
43 63 45 5
43 64 92 86
43 65 23 29
43 66 71 39
43 67 83 16
43 68 84 88
43 69 27 26
43 70 69 16
43 71 42 94
43 72 11 34
43 73 19 96
43 74 37 69
43 75 93 12
43 76 45 13
43 77 60 48
43 78 7 25
43 79 81 86
43 80 5 95
43 81 61 56
43 82 10 45
43 83 66 88
43 84 11 59
43 85 84 25
43 86 91 78
43 87 76 21
43 88 91 90
43 89 6 27
43 90 20 38
43 91 69 76
43 92 68 47
43 93 88 78
43 94 33 50
43 95 22 42
43 96 49 62
43 97 62 45
43 98 1 55
43 99 93 21
43 100 4 70
44 45 16 67
44 46 90 79
44 47 53 35
44 48 70 16
44 49 84 17
44 50 38 53
44 51 63 95
44 52 67 51
44 53 11 66
44 54 4 31
44 55 32 75
44 56 95 37
44 57 41 73
44 58 21 96
44 59 15 96
44 60 68 6
44 61 44 52
44 62 30 85
44 63 78 28
44 64 8 50
44 65 99 90
44 66 28 12
44 67 11 63
44 68 18 17
44 69 26 71
44 70 65 21
44 71 58 36
44 72 4 29
44 73 4 65
44 74 77 21
44 75 57 98
44 76 65 68
44 77 95 78
44 78 71 80
44 79 53 97
44 80 31 12
44 81 57 96
44 82 8 72
44 83 43 14
44 84 13 29
44 85 52 52
44 86 42 81
44 87 2 24
44 88 29 22
44 89 69 89
44 90 86 57
44 91 75 83
44 92 12 46
44 93 39 70
44 94 93 85
44 95 29 16
44 96 9 99
44 97 48 37
44 98 78 26
44 99 15 25
44 100 96 99
45 46 87 78
45 47 86 78
45 48 87 27
45 49 68 80
45 50 52 59
45 51 19 55
45 52 48 48
45 53 86 64
45 54 36 99
45 55 11 79
45 56 91 98
45 57 60 90
45 58 68 40
45 59 18 39
45 60 14 32
45 61 81 20
45 62 14 80
45 63 23 50
45 64 54 98
45 65 22 67
45 66 57 58
45 67 91 50
45 68 76 63
45 69 82 22
45 70 16 41
45 71 99 38
45 72 85 12
45 73 74 93
45 74 81 92
45 75 23 73
45 76 25 97
45 77 32 42
45 78 64 21
45 79 1 42
45 80 17 48
45 81 2 21
45 82 5 5
45 83 63 4
45 84 48 2
45 85 94 93
45 86 91 99
45 87 77 37
45 88 45 7
45 89 64 82
45 90 3 9
45 91 16 78
45 92 18 38
45 93 6 72
45 94 1 75
45 95 87 8
45 96 15 85
45 97 71 66
45 98 52 18
45 99 95 14
45 100 70 47
46 47 21 60
46 48 44 23
46 49 80 49
46 50 15 62
46 51 4 76
46 52 14 17
46 53 8 67
46 54 61 46
46 55 93 66
46 56 89 5
46 57 94 27
46 58 90 74
46 59 97 29
46 60 25 13
46 61 40 40
46 62 86 82
46 63 57 28
46 64 44 27
46 65 4 87
46 66 86 94
46 67 74 10
46 68 13 45
46 69 18 19
46 70 27 41
46 71 68 14
46 72 69 25
46 73 13 58
46 74 49 18
46 75 57 80
46 76 3 15
46 77 67 81
46 78 54 92
46 79 14 16
46 80 95 20
46 81 95 9
46 82 27 73
46 83 1 6
46 84 36 26
46 85 70 82
46 86 43 94
46 87 100 63
46 88 84 41
46 89 67 91
46 90 32 13
46 91 15 92
46 92 24 36
46 93 45 78
46 94 61 79
46 95 15 59
46 96 92 62
46 97 94 68
46 98 65 56
46 99 91 30
46 100 31 77
47 48 83 7
47 49 29 53
47 50 16 36
47 51 80 28
47 52 10 96
47 53 68 100
47 54 13 93
47 55 74 94
47 56 95 2
47 57 33 72
47 58 53 97
47 59 77 23
47 60 30 2
47 61 60 38
47 62 68 31
47 63 20 79
47 64 38 76
47 65 33 91
47 66 41 3
47 67 47 37
47 68 5 76
47 69 71 2
47 70 62 29
47 71 21 23
47 72 55 28
47 73 68 81
47 74 62 58
47 75 15 65
47 76 59 47
47 77 30 20
47 78 4 38
47 79 74 61
47 80 66 48
47 81 16 12
47 82 7 11
47 83 18 39
47 84 66 89
47 85 94 27
47 86 9 93
47 87 82 50
47 88 53 17
47 89 32 74
47 90 64 24
47 91 85 3
47 92 85 60
47 93 58 62
47 94 20 26
47 95 2 22
47 96 64 16
47 97 6 77
47 98 50 3
47 99 47 54
47 100 22 2
48 49 54 53
48 50 8 50
48 51 17 21
48 52 9 83
48 53 73 5
48 54 87 21
48 55 53 64
48 56 7 50
48 57 97 88
48 58 92 57
48 59 4 83
48 60 99 42
48 61 100 9
48 62 10 85
48 63 98 6
48 64 85 80
48 65 50 38
48 66 85 56
48 67 42 24
48 68 1 98
48 69 23 37
48 70 86 1
48 71 74 100
48 72 58 82
48 73 84 52
48 74 61 45
48 75 42 10
48 76 67 41
48 77 74 93
48 78 90 37
48 79 56 67
48 80 69 55
48 81 59 78
48 82 63 5
48 83 99 80
48 84 86 57
48 85 81 69
48 86 72 50
48 87 14 84
48 88 68 100
48 89 25 45
48 90 29 84
48 91 20 46
48 92 50 57
48 93 50 7
48 94 95 31
48 95 93 78
48 96 40 9
48 97 36 35
48 98 91 19
48 99 88 86
48 100 76 45
49 50 56 48
49 51 90 85
49 52 55 45
49 53 15 9
49 54 89 51
49 55 25 32
49 56 35 87
49 57 85 88
49 58 33 55
49 59 52 9
49 60 38 37
49 61 89 20
49 62 88 1
49 63 73 100
49 64 34 24
49 65 5 30
49 66 75 7
49 67 87 66
49 68 56 17
49 69 57 44
49 70 29 77
49 71 44 61
49 72 41 8
49 73 29 60
49 74 68 6
49 75 95 84
49 76 87 77
49 77 75 11
49 78 35 11
49 79 84 80
49 80 4 54
49 81 9 10
49 82 53 7
49 83 39 6
49 84 93 56
49 85 48 52
49 86 59 78
49 87 39 95
49 88 34 73
49 89 84 30
49 90 73 18
49 91 52 44
49 92 100 75
49 93 67 95
49 94 72 38
49 95 71 85
49 96 22 27
49 97 59 12
49 98 89 66
49 99 65 18
49 100 30 7
50 51 86 35
50 52 14 49
50 53 72 94
50 54 3 39
50 55 31 27
50 56 95 51
50 57 74 4
50 58 45 60
50 59 25 18
50 60 51 30
50 61 33 20
50 62 18 100
50 63 87 4
50 64 87 4
50 65 96 46
50 66 39 82
50 67 35 77
50 68 50 59
50 69 18 54
50 70 30 38
50 71 52 76
50 72 7 59
50 73 11 26
50 74 99 72
50 75 79 69
50 76 90 54
50 77 88 82
50 78 83 21
50 79 66 18
50 80 25 3
50 81 52 37
50 82 54 16
50 83 43 65
50 84 39 43
50 85 4 8
50 86 65 44
50 87 28 92
50 88 20 9
50 89 10 44
50 90 44 24
50 91 89 16
50 92 66 7
50 93 88 29
50 94 49 95
50 95 19 50
50 96 2 64
50 97 53 10
50 98 84 65
50 99 87 29
50 100 65 86
51 52 57 45
51 53 96 30
51 54 49 61
51 55 96 59
51 56 26 77
51 57 46 16
51 58 62 56
51 59 42 45
51 60 53 95
51 61 2 97
51 62 70 83
51 63 21 18
51 64 77 69
51 65 55 71
51 66 77 4
51 67 31 33
51 68 51 4
51 69 87 34
51 70 89 51
51 71 49 95
51 72 89 82
51 73 62 18
51 74 16 99
51 75 58 17
51 76 80 76
51 77 11 14
51 78 98 97
51 79 2 35
51 80 65 88
51 81 71 98
51 82 43 13
51 83 78 95
51 84 25 24
51 85 2 41
51 86 26 41
51 87 22 19
51 88 11 8
51 89 71 44
51 90 42 94
51 91 49 56
51 92 84 86
51 93 60 79
51 94 95 65
51 95 29 18
51 96 9 10
51 97 86 17
51 98 80 81
51 99 10 46
51 100 50 96
52 53 32 71
52 54 63 84
52 55 58 47
52 56 22 26
52 57 99 35
52 58 93 22
52 59 38 95
52 60 60 80
52 61 85 38
52 62 28 8
52 63 3 43
52 64 39 49
52 65 43 26
52 66 3 86
52 67 38 54
52 68 23 2
52 69 38 13
52 70 78 8
52 71 12 16
52 72 99 30
52 73 29 60
52 74 37 56
52 75 3 31
52 76 94 71
52 77 56 83
52 78 70 94
52 79 7 57
52 80 70 29
52 81 23 94
52 82 40 40
52 83 6 10
52 84 88 27
52 85 52 41
52 86 16 79
52 87 83 8
52 88 82 38
52 89 69 34
52 90 34 59
52 91 10 11
52 92 48 78
52 93 32 2
52 94 79 38
52 95 80 72
52 96 83 18
52 97 70 52
52 98 81 94
52 99 85 32
52 100 27 86
53 54 90 30
53 55 11 8
53 56 47 54
53 57 2 15
53 58 15 2
53 59 82 51
53 60 18 13
53 61 84 70
53 62 82 1
53 63 99 68
53 64 20 58
53 65 89 11
53 66 72 11
53 67 21 56
53 68 57 4
53 69 65 47
53 70 92 50
53 71 18 58
53 72 25 86
53 73 95 8
53 74 27 3
53 75 38 99
53 76 66 24
53 77 44 5
53 78 100 2
53 79 73 23
53 80 46 54
53 81 35 2
53 82 66 87
53 83 20 13
53 84 39 83
53 85 27 1
53 86 44 66
53 87 7 30
53 88 58 58
53 89 22 12
53 90 33 60
53 91 46 34
53 92 33 11
53 93 26 17
53 94 17 70
53 95 96 55
53 96 44 90
53 97 32 54
53 98 15 94
53 99 95 23
53 100 65 63
54 55 72 30
54 56 48 54
54 57 1 91
54 58 80 91
54 59 68 45
54 60 51 74
54 61 95 34
54 62 47 94
54 63 56 69
54 64 23 23
54 65 71 45
54 66 89 78
54 67 52 2
54 68 50 89
54 69 50 41
54 70 38 13
54 71 56 10
54 72 44 14
54 73 61 94
54 74 25 53
54 75 7 78
54 76 70 35
54 77 65 80
54 78 78 53
54 79 63 22
54 80 51 86
54 81 51 26
54 82 79 84
54 83 98 48
54 84 40 67
54 85 53 20
54 86 67 52
54 87 35 8
54 88 50 54
54 89 67 33
54 90 4 73
54 91 10 25
54 92 40 83
54 93 27 39
54 94 28 71
54 95 47 63
54 96 2 23
54 97 100 24
54 98 27 24
54 99 47 38
54 100 89 19
55 56 68 32
55 57 92 34
55 58 26 35
55 59 34 100
55 60 79 3
55 61 13 89
55 62 53 5
55 63 98 75
55 64 37 85
55 65 90 19
55 66 44 31
55 67 35 70
55 68 95 100
55 69 5 53
55 70 33 39
55 71 2 21
55 72 3 74
55 73 58 11
55 74 10 7
55 75 37 7
55 76 34 94
55 77 97 46
55 78 15 36
55 79 6 3
55 80 17 76
55 81 40 6
55 82 17 61
55 83 93 35
55 84 43 40
55 85 18 80
55 86 77 5
55 87 4 15
55 88 96 84
55 89 47 42
55 90 79 100
55 91 38 33
55 92 6 14
55 93 38 83
55 94 26 91
55 95 49 18
55 96 42 57
55 97 38 16
55 98 2 99
55 99 14 94
55 100 4 7
56 57 65 77
56 58 79 64
56 59 41 57
56 60 52 3
56 61 59 1
56 62 36 28
56 63 83 47
56 64 34 70
56 65 10 87
56 66 19 33
56 67 14 75
56 68 25 12
56 69 69 60
56 70 6 52
56 71 45 66
56 72 6 35
56 73 51 49
56 74 20 20
56 75 44 65
56 76 16 94
56 77 33 93
56 78 28 50
56 79 97 41
56 80 53 67
56 81 99 50
56 82 27 4
56 83 50 10
56 84 28 62
56 85 31 51
56 86 69 55
56 87 36 3
56 88 97 32
56 89 19 52
56 90 64 56
56 91 14 12
56 92 31 12
56 93 65 63
56 94 47 15
56 95 41 53
56 96 43 8
56 97 22 53
56 98 98 21
56 99 66 44
56 100 85 58
57 58 82 14
57 59 93 57
57 60 71 73
57 61 94 3
57 62 85 34
57 63 29 42
57 64 45 79
57 65 63 72
57 66 91 31
57 67 22 48
57 68 87 15
57 69 32 21
57 70 14 80
57 71 3 9
57 72 68 85
57 73 34 86
57 74 99 66
57 75 6 16
57 76 68 3
57 77 58 74
57 78 91 35
57 79 78 30
57 80 49 21
57 81 94 89
57 82 38 66
57 83 20 54
57 84 55 85
57 85 27 49
57 86 71 70
57 87 19 47
57 88 79 59
57 89 25 74
57 90 24 59
57 91 11 22
57 92 12 23
57 93 48 59
57 94 24 16
57 95 80 21
57 96 21 86
57 97 16 16
57 98 17 94
57 99 41 43
57 100 39 77
58 59 1 9
58 60 75 94
58 61 67 74
58 62 90 45
58 63 21 18
58 64 49 40
58 65 74 95
58 66 40 68
58 67 7 58
58 68 68 94
58 69 53 73
58 70 82 48
58 71 94 86
58 72 15 20
58 73 8 53
58 74 39 63
58 75 27 46
58 76 48 100
58 77 4 83
58 78 47 4
58 79 72 65
58 80 31 77
58 81 65 17
58 82 53 19
58 83 89 89
58 84 24 71
58 85 75 4
58 86 54 72
58 87 1 88
58 88 35 5
58 89 78 43
58 90 69 28
58 91 8 86
58 92 88 4
58 93 32 22
58 94 50 1
58 95 26 31
58 96 88 74
58 97 2 32
58 98 28 28
58 99 67 62
58 100 45 93
59 60 7 5
59 61 4 79
59 62 38 20
59 63 2 77
59 64 3 2
59 65 64 8
59 66 2 62
59 67 23 67
59 68 19 80
59 69 67 29
59 70 18 69
59 71 7 41
59 72 54 85
59 73 6 32
59 74 40 81
59 75 22 58
59 76 4 31
59 77 14 18
59 78 12 71
59 79 56 38
59 80 53 26
59 81 79 91
59 82 6 43
59 83 69 2
59 84 55 10
59 85 27 71
59 86 39 50
59 87 52 85
59 88 45 15
59 89 96 93
59 90 6 74
59 91 51 57
59 92 4 70
59 93 90 65
59 94 85 47
59 95 99 93
59 96 88 71
59 97 46 88
59 98 10 28
59 99 60 79
59 100 39 35
60 61 11 3
60 62 89 15
60 63 68 96
60 64 71 68
60 65 80 11
60 66 39 46
60 67 7 62
60 68 37 8
60 69 18 22
60 70 40 55
60 71 15 81
60 72 49 86
60 73 50 30
60 74 1 90
60 75 68 76
60 76 72 8
60 77 36 17
60 78 61 56
60 79 49 71
60 80 94 99
60 81 80 55
60 82 83 78
60 83 63 45
60 84 1 36
60 85 96 32
60 86 57 39
60 87 40 54
60 88 6 69
60 89 35 34
60 90 80 22
60 91 77 93
60 92 44 90
60 93 82 81
60 94 90 20
60 95 83 34
60 96 46 35
60 97 95 75
60 98 22 1
60 99 46 96
60 100 9 44
61 62 61 8
61 63 37 2
61 64 27 95
61 65 84 35
61 66 70 10
61 67 83 80
61 68 80 67
61 69 53 23
61 70 87 88
61 71 100 52
61 72 63 4
61 73 70 24
61 74 97 6
61 75 100 90
61 76 7 3
61 77 22 81
61 78 94 52
61 79 69 86
61 80 83 21
61 81 88 26
61 82 22 47
61 83 69 54
61 84 21 1
61 85 53 49
61 86 47 52
61 87 69 97
61 88 69 95
61 89 54 34
61 90 35 45
61 91 23 63
61 92 70 22
61 93 62 32
61 94 8 34
61 95 36 74
61 96 56 88
61 97 74 70
61 98 70 24
61 99 95 57
61 100 47 72
62 63 3 68
62 64 100 82
62 65 53 58
62 66 1 57
62 67 46 14
62 68 25 17
62 69 93 52
62 70 93 48
62 71 45 17
62 72 100 18
62 73 99 4
62 74 18 38
62 75 27 15
62 76 90 34
62 77 82 99
62 78 23 65
62 79 42 53
62 80 89 72
62 81 43 66
62 82 81 80
62 83 6 30
62 84 37 44
62 85 53 71
62 86 9 57
62 87 75 2
62 88 16 61
62 89 1 88
62 90 90 4
62 91 18 15
62 92 50 57
62 93 84 38
62 94 19 29
62 95 11 81
62 96 63 21
62 97 60 65
62 98 15 88
62 99 92 14
62 100 27 26
63 64 72 21
63 65 90 68
63 66 19 93
63 67 73 70
63 68 2 74
63 69 55 5
63 70 3 86
63 71 62 94
63 72 61 9
63 73 10 93
63 74 24 82
63 75 97 99
63 76 45 92
63 77 46 86
63 78 79 75
63 79 62 73
63 80 79 21
63 81 34 1
63 82 79 7
63 83 25 14
63 84 41 97
63 85 91 31
63 86 65 13
63 87 62 46
63 88 68 64
63 89 89 55
63 90 87 20
63 91 58 19
63 92 53 67
63 93 31 23
63 94 56 70
63 95 47 7
63 96 61 16
63 97 16 63
63 98 47 39
63 99 100 35
63 100 9 89
64 65 96 84
64 66 65 34
64 67 78 53
64 68 16 39
64 69 92 84
64 70 72 57
64 71 10 23
64 72 60 22
64 73 79 62
64 74 6 16
64 75 65 71
64 76 43 100
64 77 86 96
64 78 62 55
64 79 90 49
64 80 74 8
64 81 15 53
64 82 59 29
64 83 47 16
64 84 76 15
64 85 100 45
64 86 68 42
64 87 5 98
64 88 52 9
64 89 28 82
64 90 7 14
64 91 89 5
64 92 19 67
64 93 46 80
64 94 1 27
64 95 74 67
64 96 61 82
64 97 76 3
64 98 99 62
64 99 36 45
64 100 93 12
65 66 67 61
65 67 69 15
65 68 66 23
65 69 44 3
65 70 49 74
65 71 74 33
65 72 12 75
65 73 95 25
65 74 51 72
65 75 44 30
65 76 58 10
65 77 8 97
65 78 14 92
65 79 5 33
65 80 34 1
65 81 87 8
65 82 63 88
65 83 37 30
65 84 69 84
65 85 83 63
65 86 40 70
65 87 58 17
65 88 22 24
65 89 83 46
65 90 3 74
65 91 58 51
65 92 11 59
65 93 5 26
65 94 98 82
65 95 93 60
65 96 10 38
65 97 96 81
65 98 12 56
65 99 73 64
65 100 81 4
66 67 28 15
66 68 73 91
66 69 67 59
66 70 39 64
66 71 11 99
66 72 50 24
66 73 10 55
66 74 56 52
66 75 51 6
66 76 71 65
66 77 90 25
66 78 21 75
66 79 80 75
66 80 16 15
66 81 54 73
66 82 18 51
66 83 83 26
66 84 14 40
66 85 10 39
66 86 26 22
66 87 58 91
66 88 47 83
66 89 37 80
66 90 97 56
66 91 8 52
66 92 78 65
66 93 85 31
66 94 52 62
66 95 71 100
66 96 55 36
66 97 4 75
66 98 54 48
66 99 6 8
66 100 84 24
67 68 82 70
67 69 16 44
67 70 6 38
67 71 28 76
67 72 47 59
67 73 27 49
67 74 90 35
67 75 39 55
67 76 21 10
67 77 68 35
67 78 34 70
67 79 57 74
67 80 16 87
67 81 36 73
67 82 72 59
67 83 16 93
67 84 30 14
67 85 22 84
67 86 93 95
67 87 35 20
67 88 15 66
67 89 48 89
67 90 15 51
67 91 80 38
67 92 74 53
67 93 42 42
67 94 12 54
67 95 17 34
67 96 32 85
67 97 28 5
67 98 36 83
67 99 40 52
67 100 21 61
68 69 79 71
68 70 74 24
68 71 35 60
68 72 42 94
68 73 68 96
68 74 42 25
68 75 6 33
68 76 13 75
68 77 89 94
68 78 96 90
68 79 70 17
68 80 84 71
68 81 40 43
68 82 6 64
68 83 85 24
68 84 62 88
68 85 20 15
68 86 60 25
68 87 5 59
68 88 73 85
68 89 36 39
68 90 46 98
68 91 51 31
68 92 13 59
68 93 61 24
68 94 62 36
68 95 47 92
68 96 72 31
68 97 49 55
68 98 19 17
68 99 24 83
68 100 63 47
69 70 58 57
69 71 26 69
69 72 99 18
69 73 70 91
69 74 13 54
69 75 85 80
69 76 13 93
69 77 74 94
69 78 19 24
69 79 59 20
69 80 77 94
69 81 27 91
69 82 19 95
69 83 11 81
69 84 40 10
69 85 73 48
69 86 26 83
69 87 43 68
69 88 31 27
69 89 12 4
69 90 89 77
69 91 36 34
69 92 54 56
69 93 65 80
69 94 21 76
69 95 69 56
69 96 76 1
69 97 33 91
69 98 64 43
69 99 93 84
69 100 50 47
70 71 72 56
70 72 83 76
70 73 15 40
70 74 70 5
70 75 44 37
70 76 66 62
70 77 59 65
70 78 51 79
70 79 55 19
70 80 17 79
70 81 88 99
70 82 81 100
70 83 27 56
70 84 69 9
70 85 44 38
70 86 94 31
70 87 93 74
70 88 30 50
70 89 60 2
70 90 15 20
70 91 91 100
70 92 52 21
70 93 6 5
70 94 73 98
70 95 56 7
70 96 21 30
70 97 54 34
70 98 25 10
70 99 9 38
70 100 15 29
71 72 94 24
71 73 38 15
71 74 30 94
71 75 77 45
71 76 22 77
71 77 15 17
71 78 67 77
71 79 73 6
71 80 84 80
71 81 66 55
71 82 43 42
71 83 40 90
71 84 33 15
71 85 11 24
71 86 40 33
71 87 48 46
71 88 90 81
71 89 72 62
71 90 52 55
71 91 18 61
71 92 79 79
71 93 16 85
71 94 98 31
71 95 86 81
71 96 4 9
71 97 11 85
71 98 63 7
71 99 47 30
71 100 37 27
72 73 74 8
72 74 27 84
72 75 27 100
72 76 85 32
72 77 57 77
72 78 33 22
72 79 89 23
72 80 34 57
72 81 68 66
72 82 16 90
72 83 78 96
72 84 70 19
72 85 74 92
72 86 66 11
72 87 36 18
72 88 38 55
72 89 10 63
72 90 9 77
72 91 10 10
72 92 17 14
72 93 31 8
72 94 66 55
72 95 35 11
72 96 60 29
72 97 10 24
72 98 23 66
72 99 37 46
72 100 84 99
73 74 81 66
73 75 53 63
73 76 96 19
73 77 44 97
73 78 33 65
73 79 9 73
73 80 52 14
73 81 32 31
73 82 55 31
73 83 29 54
73 84 76 17
73 85 78 49
73 86 3 90
73 87 5 42
73 88 48 85
73 89 23 96
73 90 86 38
73 91 72 33
73 92 66 94
73 93 46 43
73 94 4 30
73 95 87 54
73 96 48 62
73 97 83 91
73 98 30 24
73 99 74 50
73 100 61 29
74 75 74 89
74 76 63 36
74 77 94 18
74 78 70 23
74 79 26 79
74 80 35 14
74 81 32 67
74 82 14 41
74 83 97 15
74 84 58 69
74 85 43 1
74 86 95 25
74 87 79 69
74 88 96 71
74 89 66 73
74 90 98 26
74 91 90 7
74 92 20 42
74 93 99 39
74 94 65 53
74 95 82 36
74 96 21 11
74 97 98 84
74 98 90 72
74 99 85 78
74 100 47 66
75 76 25 58
75 77 27 74
75 78 27 29
75 79 19 6
75 80 10 43
75 81 46 16
75 82 87 62
75 83 28 84
75 84 9 85
75 85 53 70
75 86 77 36
75 87 7 88
75 88 98 73
75 89 12 47
75 90 48 50
75 91 7 24
75 92 61 94
75 93 76 97
75 94 72 11
75 95 81 50
75 96 30 38
75 97 32 39
75 98 19 59
75 99 72 69
75 100 35 16
76 77 15 35
76 78 56 7
76 79 50 53
76 80 6 50
76 81 33 15
76 82 59 68
76 83 71 67
76 84 90 96
76 85 77 18
76 86 90 67
76 87 61 64
76 88 89 21
76 89 3 75
76 90 21 9
76 91 96 56
76 92 38 73
76 93 81 19
76 94 42 52
76 95 34 40
76 96 39 4
76 97 39 33
76 98 49 72
76 99 84 11
76 100 84 24
77 78 15 75
77 79 75 87
77 80 50 49
77 81 10 2
77 82 81 74
77 83 96 23
77 84 3 67
77 85 38 78
77 86 60 6
77 87 24 56
77 88 62 98
77 89 98 55
77 90 33 46
77 91 3 2
77 92 49 56
77 93 35 6
77 94 5 73
77 95 51 35
77 96 15 91
77 97 93 57
77 98 38 64
77 99 11 50
77 100 65 71
78 79 69 56
78 80 27 47
78 81 50 10
78 82 76 87
78 83 25 19
78 84 56 97
78 85 81 30
78 86 15 50
78 87 13 41
78 88 75 73
78 89 31 47
78 90 61 15
78 91 85 90
78 92 100 100
78 93 31 99
78 94 83 46
78 95 72 68
78 96 3 35
78 97 46 38
78 98 74 52
78 99 22 40
78 100 16 5
79 80 76 69
79 81 1 87
79 82 54 89
79 83 59 36
79 84 27 9
79 85 69 21
79 86 97 48
79 87 94 17
79 88 87 56
79 89 11 100
79 90 9 62
79 91 8 1
79 92 33 62
79 93 25 33
79 94 81 94
79 95 75 18
79 96 21 7
79 97 74 25
79 98 56 82
79 99 14 93
79 100 99 17
80 81 73 3
80 82 74 99
80 83 52 6
80 84 2 26
80 85 90 96
80 86 60 60
80 87 18 23
80 88 12 89
80 89 94 43
80 90 73 2
80 91 51 99
80 92 72 71
80 93 23 1
80 94 66 68
80 95 77 19
80 96 70 67
80 97 45 1
80 98 39 93
80 99 11 46
80 100 47 85
81 82 54 4
81 83 13 92
81 84 92 23
81 85 37 62
81 86 23 68
81 87 44 57
81 88 41 83
81 89 44 47
81 90 79 9
81 91 61 40
81 92 95 62
81 93 40 60
81 94 40 78
81 95 56 81
81 96 26 7
81 97 69 65
81 98 69 96
81 99 10 7
81 100 6 98
82 83 48 91
82 84 67 98
82 85 96 51
82 86 85 15
82 87 7 61
82 88 81 36
82 89 37 40
82 90 54 28
82 91 35 89
82 92 57 11
82 93 5 37
82 94 61 2
82 95 73 14
82 96 65 24
82 97 82 53
82 98 52 86
82 99 36 77
82 100 22 60
83 84 9 8
83 85 53 36
83 86 90 34
83 87 77 21
83 88 36 85
83 89 61 13
83 90 77 84
83 91 64 35
83 92 38 64
83 93 82 32
83 94 23 14
83 95 93 37
83 96 88 13
83 97 40 74
83 98 74 40
83 99 55 73
83 100 79 87
84 85 79 72
84 86 59 80
84 87 10 100
84 88 85 43
84 89 5 98
84 90 79 8
84 91 23 37
84 92 64 7
84 93 11 98
84 94 81 56
84 95 7 85
84 96 24 56
84 97 26 38
84 98 43 30
84 99 37 53
84 100 37 75
85 86 39 93
85 87 11 42
85 88 75 55
85 89 53 11
85 90 4 17
85 91 38 89
85 92 55 56
85 93 81 46
85 94 19 89
85 95 23 84
85 96 41 37
85 97 41 88
85 98 7 42
85 99 67 57
85 100 35 60
86 87 27 27
86 88 22 86
86 89 72 98
86 90 19 89
86 91 70 2
86 92 87 71
86 93 81 65
86 94 29 1
86 95 82 66
86 96 23 36
86 97 40 82
86 98 51 86
86 99 42 76
86 100 94 66
87 88 62 91
87 89 51 66
87 90 80 70
87 91 19 63
87 92 38 98
87 93 83 66
87 94 63 57
87 95 23 72
87 96 7 5
87 97 86 48
87 98 99 5
87 99 16 96
87 100 6 42
88 89 14 5
88 90 84 41
88 91 92 33
88 92 52 37
88 93 94 97
88 94 51 95
88 95 14 100
88 96 39 99
88 97 47 93
88 98 34 35
88 99 89 89
88 100 37 34
89 90 32 48
89 91 46 65
89 92 10 28
89 93 39 18
89 94 19 27
89 95 56 36
89 96 48 27
89 97 71 30
89 98 18 25
89 99 64 46
89 100 52 92
90 91 88 68
90 92 78 37
90 93 91 83
90 94 6 31
90 95 43 94
90 96 95 52
90 97 28 50
90 98 72 23
90 99 52 2
90 100 7 80
91 92 57 21
91 93 49 88
91 94 65 74
91 95 93 27
91 96 89 94
91 97 52 76
91 98 88 57
91 99 68 85
91 100 52 39
92 93 65 97
92 94 46 31
92 95 65 17
92 96 84 49
92 97 98 72
92 98 99 8
92 99 1 98
92 100 17 60
93 94 62 92
93 95 94 19
93 96 58 12
93 97 14 75
93 98 76 82
93 99 74 45
93 100 7 12
94 95 92 90
94 96 77 17
94 97 42 45
94 98 20 65
94 99 1 14
94 100 23 3
95 96 41 60
95 97 26 20
95 98 74 10
95 99 17 89
95 100 42 92
96 97 75 68
96 98 67 31
96 99 35 16
96 100 79 10
97 98 57 28
97 99 60 69
97 100 94 9
98 99 88 35
98 100 26 6
99 100 74 29