50
10
25
0
0
1 2 18 38
1 3 32 33
1 4 6 34
1 5 22 25
1 6 5 40
1 7 1 28
1 8 19 50
1 9 8 34
1 10 48 45
1 11 3 44
1 12 5 29
1 13 18 50
1 14 48 29
1 15 14 49
1 16 46 38
1 17 5 44
1 18 27 29
1 19 45 26
1 20 3 30
1 21 21 33
1 22 23 49
1 23 47 35
1 24 7 38
1 25 6 25
1 26 49 35
1 27 21 50
1 28 25 47
1 29 48 41
1 30 43 42
1 31 41 48
1 32 40 50
1 33 45 45
1 34 17 43
1 35 43 26
1 36 32 36
1 37 14 36
1 38 10 45
1 39 2 32
1 40 32 47
1 41 40 38
1 42 19 31
1 43 27 37
1 44 25 29
1 45 38 39
1 46 36 27
1 47 36 37
1 48 4 41
1 49 40 25
1 50 40 42
2 3 43 45
2 4 34 49
2 5 19 35
2 6 20 30
2 7 12 25
2 8 40 33
2 9 4 37
2 10 7 25
2 11 40 43
2 12 46 36
2 13 40 33
2 14 30 39
2 15 13 35
2 16 18 32
2 17 42 45
2 18 34 46
2 19 15 40
2 20 2 29
2 21 2 44
2 22 17 40
2 23 7 30
2 24 40 31
2 25 5 27
2 26 5 47
2 27 9 37
2 28 39 30
2 29 6 46
2 30 45 46
2 31 49 47
2 32 29 37
2 33 42 33
2 34 25 49
2 35 26 37
2 36 11 47
2 37 34 25
2 38 5 35
2 39 38 45
2 40 45 38
2 41 15 35
2 42 24 39
2 43 37 31
2 44 26 41
2 45 35 47
2 46 1 46
2 47 27 43
2 48 3 45
2 49 30 45
2 50 38 46
3 4 4 32
3 5 37 32
3 6 15 26
3 7 4 27
3 8 40 50
3 9 24 43
3 10 42 34
3 11 21 39
3 12 34 47
3 13 25 43
3 14 4 47
3 15 50 37
3 16 43 39
3 17 48 37
3 18 37 26
3 19 25 32
3 20 25 26
3 21 6 36
3 22 45 33
3 23 6 42
3 24 10 37
3 25 21 32
3 26 1 38
3 27 21 48
3 28 9 46
3 29 5 43
3 30 40 49
3 31 48 38
3 32 39 43
3 33 7 46
3 34 35 46
3 35 9 45
3 36 49 50
3 37 16 27
3 38 47 25
3 39 9 45
3 40 20 33
3 41 42 50
3 42 43 42
3 43 41 29
3 44 40 43
3 45 48 35
3 46 26 43
3 47 50 33
3 48 25 32
3 49 2 31
3 50 8 28
4 5 35 26
4 6 32 26
4 7 40 38
4 8 36 35
4 9 22 39
4 10 41 49
4 11 33 33
4 12 18 33
4 13 1 50
4 14 27 36
4 15 9 40
4 16 35 34
4 17 16 48
4 18 7 50
4 19 11 46
4 20 39 39
4 21 34 49
4 22 49 39
4 23 7 27
4 24 37 41
4 25 27 36
4 26 13 41
4 27 22 29
4 28 27 28
4 29 49 41
4 30 32 45
4 31 10 47
4 32 48 38
4 33 13 37
4 34 12 33
4 35 40 45
4 36 2 36
4 37 3 28
4 38 16 43
4 39 48 45
4 40 32 41
4 41 46 39
4 42 23 29
4 43 24 26
4 44 22 48
4 45 19 43
4 46 13 30
4 47 35 34
4 48 3 34
4 49 31 50
4 50 41 41
5 6 35 49
5 7 39 30
5 8 22 43
5 9 40 34
5 10 28 28
5 11 12 30
5 12 50 28
5 13 44 37
5 14 25 48
5 15 18 34
5 16 7 30
5 17 27 36
5 18 49 49
5 19 10 44
5 20 29 47
5 21 29 37
5 22 40 41
5 23 49 47
5 24 47 37
5 25 10 40
5 26 7 33
5 27 8 33
5 28 6 34
5 29 18 27
5 30 49 29
5 31 2 42
5 32 12 45
5 33 19 25
5 34 3 27
5 35 45 48
5 36 1 38
5 37 16 49
5 38 29 44
5 39 27 30
5 40 33 41
5 41 40 33
5 42 23 40
5 43 42 46
5 44 4 34
5 45 13 38
5 46 30 40
5 47 35 28
5 48 42 44
5 49 11 39
5 50 22 36
6 7 45 36
6 8 13 35
6 9 26 47
6 10 13 34
6 11 15 29
6 12 42 48
6 13 9 25
6 14 9 39
6 15 50 46
6 16 47 33
6 17 31 46
6 18 35 44
6 19 23 33
6 20 7 27
6 21 36 31
6 22 49 36
6 23 22 45
6 24 29 33
6 25 16 30
6 26 28 43
6 27 15 43
6 28 28 41
6 29 13 29
6 30 48 50
6 31 20 33
6 32 44 34
6 33 24 25
6 34 32 46
6 35 34 25
6 36 12 46
6 37 30 41
6 38 2 35
6 39 14 46
6 40 49 50
6 41 22 41
6 42 17 49
6 43 6 32
6 44 32 31
6 45 46 47
6 46 37 39
6 47 15 46
6 48 20 42
6 49 46 30
6 50 15 43
7 8 42 30
7 9 37 30
7 10 32 45
7 11 9 32
7 12 49 34
7 13 39 40
7 14 31 39
7 15 25 34
7 16 33 43
7 17 27 38
7 18 15 37
7 19 17 25
7 20 29 42
7 21 35 48
7 22 31 45
7 23 4 40
7 24 16 35
7 25 41 48
7 26 34 50
7 27 34 46
7 28 32 38
7 29 44 30
7 30 48 36
7 31 28 35
7 32 15 48
7 33 2 38
7 34 15 37
7 35 7 41
7 36 2 47
7 37 40 31
7 38 17 45
7 39 40 37
7 40 23 48
7 41 50 39
7 42 49 32
7 43 19 42
7 44 33 46
7 45 31 33
7 46 14 29
7 47 47 46
7 48 23 49
7 49 15 28
7 50 17 35
8 9 21 25
8 10 41 42
8 11 9 39
8 12 19 29
8 13 8 43
8 14 46 39
8 15 32 48
8 16 7 33
8 17 35 43
8 18 43 50
8 19 16 25
8 20 44 35
8 21 47 32
8 22 5 29
8 23 3 37
8 24 23 29
8 25 45 29
8 26 26 49
8 27 47 42
8 28 5 47
8 29 37 30
8 30 39 45
8 31 48 49
8 32 25 27
8 33 12 45
8 34 30 35
8 35 36 36
8 36 31 37
8 37 38 30
8 38 22 30
8 39 33 33
8 40 41 25
8 41 11 42
8 42 38 41
8 43 1 40
8 44 35 42
8 45 44 43
8 46 12 41
8 47 34 49
8 48 35 34
8 49 15 50
8 50 35 50
9 10 21 31
9 11 49 25
9 12 41 39
9 13 4 39
9 14 24 48
9 15 2 28
9 16 19 31
9 17 21 35
9 18 42 36
9 19 39 42
9 20 18 44
9 21 25 31
9 22 3 48
9 23 31 25
9 24 40 31
9 25 22 26
9 26 39 46
9 27 7 49
9 28 46 32
9 29 38 39
9 30 40 48
9 31 4 29
9 32 35 32
9 33 9 45
9 34 21 38
9 35 43 47
9 36 6 29
9 37 45 32
9 38 44 36
9 39 21 41
9 40 7 30
9 41 35 49
9 42 43 41
9 43 31 46
9 44 13 48
9 45 12 39
9 46 15 42
9 47 10 31
9 48 36 26
9 49 22 45
9 50 34 37
10 11 32 50
10 12 44 30
10 13 18 46
10 14 32 42
10 15 9 50
10 16 31 40
10 17 49 39
10 18 29 48
10 19 10 46
10 20 34 39
10 21 16 33
10 22 48 48
10 23 17 33
10 24 9 28
10 25 46 37
10 26 8 39
10 27 3 37
10 28 39 26
10 29 46 27
10 30 4 48
10 31 16 25
10 32 2 32
10 33 30 50
10 34 33 43
10 35 4 43
10 36 37 31
10 37 15 25
10 38 23 34
10 39 2 32
10 40 18 37
10 41 11 30
10 42 13 50
10 43 34 39
10 44 25 25
10 45 37 29
10 46 15 33
10 47 30 41
10 48 23 43
10 49 5 40
10 50 41 27
11 12 3 33
11 13 49 29
11 14 13 26
11 15 25 38
11 16 7 33
11 17 37 31
11 18 3 31
11 19 29 35
11 20 16 47
11 21 14 37
11 22 43 35
11 23 38 38
11 24 34 39
11 25 11 38
11 26 41 45
11 27 6 30
11 28 36 47
11 29 38 50
11 30 16 38
11 31 6 27
11 32 23 44
11 33 40 47
11 34 1 43
11 35 23 30
11 36 13 34
11 37 18 50
11 38 40 31
11 39 5 43
11 40 34 26
11 41 3 33
11 42 23 29
11 43 7 30
11 44 14 30
11 45 1 41
11 46 28 26
11 47 15 31
11 48 16 27
11 49 13 32
11 50 27 35
12 13 12 37
12 14 8 33
12 15 8 33
12 16 3 46
12 17 11 34
12 18 33 44
12 19 23 38
12 20 33 44
12 21 46 50
12 22 34 28
12 23 34 28
12 24 29 35
12 25 13 31
12 26 45 41
12 27 13 41
12 28 25 34
12 29 18 25
12 30 50 37
12 31 43 31
12 32 24 46
12 33 16 49
12 34 50 38
12 35 7 49
12 36 1 29
12 37 29 25
12 38 27 42
12 39 23 41
12 40 2 38
12 41 37 36
12 42 20 29
12 43 1 50
12 44 50 40
12 45 8 29
12 46 14 31
12 47 35 44
12 48 35 25
12 49 30 26
12 50 28 40
13 14 13 27
13 15 17 39
13 16 15 27
13 17 5 50
13 18 16 40
13 19 29 28
13 20 8 41
13 21 46 47
13 22 35 44
13 23 13 42
13 24 19 31
13 25 32 50
13 26 29 35
13 27 10 44
13 28 4 41
13 29 6 31
13 30 48 37
13 31 41 27
13 32 24 26
13 33 38 31
13 34 12 41
13 35 20 33
13 36 5 48
13 37 41 29
13 38 42 39
13 39 15 35
13 40 12 50
13 41 24 37
13 42 35 30
13 43 32 35
13 44 18 44
13 45 40 31
13 46 37 34
13 47 8 33
13 48 43 36
13 49 40 25
13 50 18 33
14 15 11 32
14 16 25 44
14 17 5 47
14 18 13 49
14 19 16 31
14 20 19 31
14 21 48 38
14 22 4 41
14 23 28 43
14 24 45 31
14 25 48 49
14 26 8 31
14 27 3 40
14 28 11 47
14 29 24 36
14 30 14 48
14 31 47 39
14 32 10 41
14 33 5 44
14 34 19 38
14 35 33 40
14 36 39 29
14 37 5 34
14 38 23 35
14 39 30 25
14 40 30 48
14 41 43 31
14 42 35 34
14 43 27 46
14 44 20 28
14 45 5 49
14 46 7 44
14 47 15 30
14 48 22 28
14 49 40 42
14 50 3 46
15 16 50 30
15 17 41 44
15 18 22 26
15 19 50 39
15 20 7 29
15 21 24 27
15 22 34 49
15 23 50 38
15 24 39 46
15 25 15 30
15 26 46 25
15 27 28 26
15 28 30 47
15 29 20 34
15 30 42 44
15 31 41 40
15 32 18 48
15 33 3 40
15 34 32 43
15 35 28 25
15 36 45 41
15 37 37 38
15 38 41 30
15 39 48 40
15 40 39 27
15 41 12 25
15 42 33 33
15 43 34 29
15 44 22 42
15 45 10 30
15 46 10 25
15 47 11 50
15 48 43 31
15 49 19 47
15 50 5 40
16 17 49 28
16 18 47 44
16 19 37 32
16 20 12 50
16 21 12 32
16 22 43 38
16 23 33 37
16 24 22 36
16 25 11 30
16 26 31 33
16 27 27 31
16 28 10 27
16 29 45 30
16 30 5 31
16 31 48 27
16 32 2 42
16 33 4 40
16 34 39 26
16 35 22 31
16 36 33 27
16 37 24 31
16 38 16 36
16 39 33 44
16 40 41 25
16 41 37 50
16 42 5 34
16 43 34 44
16 44 7 40
16 45 29 32
16 46 36 37
16 47 44 48
16 48 26 49
16 49 38 33
16 50 4 27
17 18 35 33
17 19 9 28
17 20 18 47
17 21 15 29
17 22 32 41
17 23 50 50
17 24 31 39
17 25 25 37
17 26 40 30
17 27 22 38
17 28 16 39
17 29 14 45
17 30 17 46
17 31 41 33
17 32 43 26
17 33 6 45
17 34 43 35
17 35 19 50
17 36 1 35
17 37 48 42
17 38 26 31
17 39 41 28
17 40 37 43
17 41 50 40
17 42 29 44
17 43 43 44
17 44 30 47
17 45 38 36
17 46 30 50
17 47 28 46
17 48 24 47
17 49 10 43
17 50 10 38
18 19 15 34
18 20 27 46
18 21 24 26
18 22 1 33
18 23 34 28
18 24 3 45
18 25 14 32
18 26 17 47
18 27 24 35
18 28 37 34
18 29 2 40
18 30 32 40
18 31 18 43
18 32 13 34
18 33 41 26
18 34 3 40
18 35 50 49
18 36 43 43
18 37 2 25
18 38 35 32
18 39 15 36
18 40 50 40
18 41 10 30
18 42 18 33
18 43 33 36
18 44 20 41
18 45 45 30
18 46 6 40
18 47 31 37
18 48 43 40
18 49 20 27
18 50 31 38
19 20 28 28
19 21 3 46
19 22 11 34
19 23 50 45
19 24 33 25
19 25 12 37
19 26 35 25
19 27 38 35
19 28 6 42
19 29 34 47
19 30 43 31
19 31 43 38
19 32 33 50
19 33 10 32
19 34 50 32
19 35 13 29
19 36 26 43
19 37 9 31
19 38 23 43
19 39 21 34
19 40 21 32
19 41 35 48
19 42 39 32
19 43 48 35
19 44 31 34
19 45 49 43
19 46 6 43
19 47 8 50
19 48 33 44
19 49 41 38
19 50 1 29
20 21 44 26
20 22 8 33
20 23 12 38
20 24 11 46
20 25 3 50
20 26 26 49
20 27 4 42
20 28 13 33
20 29 39 49
20 30 14 41
20 31 3 36
20 32 29 29
20 33 14 32
20 34 45 25
20 35 24 35
20 36 40 28
20 37 50 37
20 38 18 50
20 39 7 25
20 40 1 44
20 41 14 26
20 42 10 31
20 43 48 45
20 44 9 37
20 45 5 41
20 46 4 42
20 47 22 33
20 48 7 45
20 49 30 35
20 50 17 34
21 22 25 41
21 23 48 50
21 24 33 49
21 25 23 32
21 26 48 31
21 27 34 41
21 28 27 28
21 29 30 34
21 30 14 30
21 31 47 40
21 32 6 26
21 33 13 34
21 34 42 26
21 35 35 34
21 36 49 36
21 37 4 37
21 38 21 48
21 39 2 42
21 40 35 41
21 41 24 49
21 42 1 46
21 43 33 49
21 44 16 47
21 45 50 31
21 46 31 35
21 47 3 30
21 48 42 34
21 49 7 35
21 50 34 28
22 23 6 34
22 24 4 29
22 25 29 27
22 26 13 45
22 27 39 42
22 28 36 35
22 29 24 47
22 30 33 48
22 31 3 25
22 32 10 46
22 33 28 26
22 34 50 41
22 35 38 27
22 36 46 33
22 37 48 47
22 38 6 25
22 39 10 35
22 40 36 26
22 41 3 29
22 42 34 40
22 43 41 38
22 44 22 36
22 45 20 29
22 46 11 44
22 47 43 30
22 48 1 41
22 49 31 50
22 50 5 29
23 24 13 30
23 25 29 30
23 26 35 29
23 27 39 45
23 28 4 27
23 29 16 33
23 30 14 33
23 31 5 50
23 32 7 37
23 33 42 48
23 34 18 29
23 35 25 41
23 36 39 32
23 37 14 33
23 38 33 36
23 39 34 25
23 40 29 37
23 41 4 41
23 42 3 28
23 43 4 37
23 44 35 28
23 45 14 41
23 46 45 40
23 47 38 39
23 48 6 45
23 49 10 49
23 50 11 29
24 25 49 36
24 26 19 38
24 27 26 44
24 28 48 40
24 29 7 41
24 30 20 37
24 31 12 44
24 32 36 46
24 33 49 44
24 34 32 49
24 35 19 31
24 36 28 36
24 37 32 34
24 38 16 38
24 39 21 47
24 40 10 43
24 41 9 31
24 42 3 50
24 43 47 34
24 44 18 30
24 45 11 45
24 46 8 26
24 47 22 42
24 48 47 29
24 49 26 34
24 50 31 28
25 26 2 25
25 27 23 49
25 28 20 28
25 29 35 35
25 30 30 34
25 31 33 29
25 32 45 47
25 33 24 31
25 34 29 40
25 35 24 33
25 36 16 33
25 37 44 48
25 38 33 40
25 39 5 38
25 40 22 29
25 41 30 27
25 42 46 32
25 43 44 35
25 44 23 31
25 45 23 27
25 46 41 43
25 47 2 34
25 48 47 34
25 49 19 39
25 50 1 37
26 27 43 32
26 28 26 31
26 29 28 40
26 30 43 28
26 31 44 41
26 32 4 26
26 33 37 37
26 34 4 33
26 35 33 26
26 36 41 48
26 37 24 45
26 38 14 47
26 39 39 27
26 40 39 43
26 41 22 35
26 42 18 25
26 43 2 37
26 44 41 26
26 45 13 30
26 46 40 29
26 47 48 29
26 48 1 44
26 49 6 34
26 50 50 25
27 28 43 30
27 29 16 49
27 30 20 31
27 31 31 41
27 32 33 33
27 33 43 35
27 34 11 48
27 35 5 45
27 36 27 48
27 37 17 37
27 38 49 25
27 39 34 38
27 40 37 31
27 41 31 40
27 42 11 25
27 43 34 26
27 44 14 46
27 45 19 39
27 46 48 26
27 47 20 37
27 48 8 39
27 49 15 35
27 50 38 32
28 29 41 31
28 30 42 48
28 31 50 28
28 32 33 48
28 33 11 44
28 34 5 46
28 35 20 29
28 36 27 49
28 37 5 27
28 38 48 47
28 39 9 30
28 40 20 29
28 41 32 31
28 42 21 35
28 43 38 33
28 44 17 25
28 45 22 36
28 46 12 50
28 47 39 42
28 48 27 47
28 49 47 33
28 50 13 25
29 30 33 39
29 31 47 36
29 32 30 50
29 33 42 30
29 34 38 38
29 35 5 38
29 36 13 34
29 37 21 37
29 38 37 49
29 39 5 33
29 40 26 46
29 41 14 34
29 42 15 46
29 43 37 27
29 44 43 34
29 45 2 45
29 46 11 45
29 47 47 49
29 48 34 47
29 49 27 36
29 50 33 26
30 31 43 39
30 32 5 35
30 33 20 33
30 34 35 44
30 35 29 30
30 36 41 37
30 37 6 32
30 38 42 45
30 39 3 45
30 40 49 29
30 41 45 46
30 42 12 31
30 43 4 33
30 44 12 48
30 45 44 44
30 46 24 43
30 47 46 46
30 48 44 29
30 49 38 47
30 50 9 41
31 32 25 34
31 33 13 29
31 34 6 27
31 35 34 25
31 36 26 32
31 37 29 35
31 38 30 38
31 39 42 33
31 40 31 31
31 41 31 50
31 42 4 42
31 43 35 37
31 44 35 44
31 45 47 46
31 46 13 41
31 47 9 44
31 48 44 46
31 49 11 26
31 50 20 49
32 33 20 31
32 34 15 37
32 35 36 32
32 36 10 44
32 37 13 44
32 38 31 50
32 39 40 43
32 40 29 38
32 41 28 44
32 42 18 31
32 43 6 26
32 44 1 29
32 45 30 38
32 46 14 32
32 47 9 35
32 48 14 49
32 49 2 33
32 50 18 43
33 34 47 36
33 35 4 44
33 36 18 43
33 37 25 47
33 38 9 43
33 39 5 40
33 40 6 45
33 41 34 25
33 42 45 26
33 43 40 35
33 44 26 35
33 45 24 33
33 46 46 45
33 47 47 49
33 48 33 25
33 49 14 28
33 50 34 38
34 35 19 32
34 36 15 46
34 37 7 48
34 38 37 50
34 39 6 28
34 40 33 42
34 41 47 30
34 42 22 39
34 43 37 41
34 44 14 47
34 45 5 48
34 46 16 50
34 47 29 33
34 48 47 33
34 49 23 30
34 50 24 31
35 36 9 41
35 37 29 45
35 38 29 41
35 39 50 39
35 40 41 33
35 41 50 30
35 42 47 31
35 43 3 49
35 44 41 40
35 45 14 25
35 46 18 44
35 47 44 30
35 48 7 29
35 49 2 45
35 50 30 35
36 37 18 28
36 38 45 49
36 39 27 26
36 40 39 40
36 41 27 35
36 42 30 48
36 43 39 46
36 44 2 25
36 45 47 36
36 46 16 41
36 47 45 33
36 48 44 45
36 49 49 29
36 50 48 26
37 38 36 34
37 39 4 40
37 40 29 34
37 41 6 42
37 42 40 44
37 43 24 31
37 44 19 31
37 45 20 44
37 46 43 31
37 47 24 36
37 48 45 50
37 49 24 26
37 50 18 34
38 39 34 36
38 40 42 42
38 41 15 35
38 42 49 38
38 43 24 25
38 44 9 34
38 45 43 32
38 46 21 49
38 47 22 46
38 48 50 35
38 49 3 45
38 50 48 48
39 40 21 31
39 41 24 32
39 42 18 26
39 43 2 45
39 44 37 28
39 45 5 36
39 46 44 39
39 47 18 45
39 48 39 50
39 49 37 39
39 50 20 25
40 41 25 42
40 42 8 42
40 43 25 29
40 44 42 45
40 45 45 33
40 46 4 42
40 47 27 38
40 48 23 50
40 49 38 46
40 50 24 46
41 42 43 38
41 43 3 47
41 44 21 42
41 45 4 31
41 46 50 36
41 47 23 41
41 48 8 25
41 49 43 47
41 50 5 33
42 43 28 43
42 44 43 36
42 45 42 43
42 46 45 42
42 47 47 29
42 48 9 28
42 49 44 33
42 50 35 32
43 44 30 25
43 45 39 40
43 46 13 46
43 47 16 30
43 48 49 29
43 49 5 47
43 50 31 46
44 45 44 29
44 46 45 42
44 47 37 29
44 48 14 37
44 49 1 35
44 50 34 27
45 46 41 26
45 47 15 41
45 48 50 44
45 49 41 33
45 50 10 42
46 47 47 45
46 48 2 48
46 49 47 45
46 50 43 31
47 48 14 28
47 49 35 31
47 50 45 34
48 49 21 39
48 50 41 33
49 50 19 48