50
15
30
0
0
1 2 36 48
1 3 48 62
1 4 34 66
1 5 28 83
1 6 26 69
1 7 21 83
1 8 29 82
1 9 33 48
1 10 39 89
1 11 25 68
1 12 49 64
1 13 12 77
1 14 10 55
1 15 18 52
1 16 29 74
1 17 33 89
1 18 25 60
1 19 52 75
1 20 38 67
1 21 40 44
1 22 51 77
1 23 30 72
1 24 20 54
1 25 36 55
1 26 12 42
1 27 41 59
1 28 48 82
1 29 14 74
1 30 15 49
1 31 34 76
1 32 33 78
1 33 19 47
1 34 59 89
1 35 16 68
1 36 20 52
1 37 32 67
1 38 36 68
1 39 25 83
1 40 27 49
1 41 49 73
1 42 21 47
1 43 27 69
1 44 29 50
1 45 52 81
1 46 21 89
1 47 21 70
1 48 59 62
1 49 30 67
1 50 24 40
2 3 44 85
2 4 12 61
2 5 30 55
2 6 15 56
2 7 38 65
2 8 47 50
2 9 34 71
2 10 53 55
2 11 57 73
2 12 27 73
2 13 40 78
2 14 41 44
2 15 20 71
2 16 53 69
2 17 35 48
2 18 36 74
2 19 47 62
2 20 44 64
2 21 41 84
2 22 20 75
2 23 38 46
2 24 36 42
2 25 10 68
2 26 44 44
2 27 13 62
2 28 15 49
2 29 16 78
2 30 39 71
2 31 18 69
2 32 37 89
2 33 42 68
2 34 31 86
2 35 26 90
2 36 54 69
2 37 37 61
2 38 51 73
2 39 43 49
2 40 57 55
2 41 30 79
2 42 12 83
2 43 22 81
2 44 47 76
2 45 50 70
2 46 11 47
2 47 28 67
2 48 25 85
2 49 28 45
2 50 12 78
3 4 45 89
3 5 16 58
3 6 20 82
3 7 40 49
3 8 33 78
3 9 35 90
3 10 22 62
3 11 21 45
3 12 47 52
3 13 37 53
3 14 16 83
3 15 29 69
3 16 57 88
3 17 54 73
3 18 56 67
3 19 38 82
3 20 57 75
3 21 23 57
3 22 48 63
3 23 17 80
3 24 60 80
3 25 10 53
3 26 37 79
3 27 36 64
3 28 51 52
3 29 14 89
3 30 37 45
3 31 13 62
3 32 26 63
3 33 39 67
3 34 58 52
3 35 50 87
3 36 28 69
3 37 54 58
3 38 42 71
3 39 42 56
3 40 35 68
3 41 50 61
3 42 32 86
3 43 27 70
3 44 38 70
3 45 47 70
3 46 15 84
3 47 44 86
3 48 33 86
3 49 35 90
3 50 20 78
4 5 36 86
4 6 46 44
4 7 48 86
4 8 29 41
4 9 47 60
4 10 51 60
4 11 14 87
4 12 35 79
4 13 33 58
4 14 48 51
4 15 25 50
4 16 29 46
4 17 45 90
4 18 13 54
4 19 46 87
4 20 14 66
4 21 22 76
4 22 46 68
4 23 47 41
4 24 35 52
4 25 31 76
4 26 22 73
4 27 46 88
4 28 59 60
4 29 13 82
4 30 54 77
4 31 13 42
4 32 46 63
4 33 35 60
4 34 48 80
4 35 20 89
4 36 20 47
4 37 48 90
4 38 32 50
4 39 11 86
4 40 44 72
4 41 32 45
4 42 35 68
4 43 46 62
4 44 13 49
4 45 38 85
4 46 40 79
4 47 38 86
4 48 38 78
4 49 21 62
4 50 37 61
5 6 45 72
5 7 39 64
5 8 22 46
5 9 37 81
5 10 19 42
5 11 21 80
5 12 50 52
5 13 46 67
5 14 60 63
5 15 45 64
5 16 13 78
5 17 13 50
5 18 29 54
5 19 13 77
5 20 21 46
5 21 50 76
5 22 33 51
5 23 29 42
5 24 35 78
5 25 58 67
5 26 14 62
5 27 58 52
5 28 41 50
5 29 20 65
5 30 58 69
5 31 59 61
5 32 12 51
5 33 21 77
5 34 55 66
5 35 19 72
5 36 51 84
5 37 35 46
5 38 35 47
5 39 25 46
5 40 37 86
5 41 50 59
5 42 56 58
5 43 44 81
5 44 16 62
5 45 43 79
5 46 40 78
5 47 25 74
5 48 28 40
5 49 52 50
5 50 53 64
6 7 54 54
6 8 16 72
6 9 50 88
6 10 40 46
6 11 46 65
6 12 47 53
6 13 28 62
6 14 14 52
6 15 49 75
6 16 43 41
6 17 14 65
6 18 12 41
6 19 51 67
6 20 31 51
6 21 56 43
6 22 32 60
6 23 50 70
6 24 60 50
6 25 11 53
6 26 18 58
6 27 22 55
6 28 25 64
6 29 49 74
6 30 47 78
6 31 36 75
6 32 58 41
6 33 18 40
6 34 17 41
6 35 13 83
6 36 59 89
6 37 21 47
6 38 54 64
6 39 14 40
6 40 52 67
6 41 57 82
6 42 21 79
6 43 36 43
6 44 45 50
6 45 13 84
6 46 34 77
6 47 39 69
6 48 31 51
6 49 12 65
6 50 50 69
7 8 41 85
7 9 55 63
7 10 52 44
7 11 18 56
7 12 26 51
7 13 15 69
7 14 10 49
7 15 27 45
7 16 43 59
7 17 19 89
7 18 16 74
7 19 17 58
7 20 55 79
7 21 31 40
7 22 46 56
7 23 50 88
7 24 43 67
7 25 42 49
7 26 55 43
7 27 50 43
7 28 48 43
7 29 51 53
7 30 44 40
7 31 23 49
7 32 29 84
7 33 36 49
7 34 11 63
7 35 43 82
7 36 55 47
7 37 40 59
7 38 39 69
7 39 21 80
7 40 19 41
7 41 35 78
7 42 19 68
7 43 52 84
7 44 59 51
7 45 31 72
7 46 52 70
7 47 19 42
7 48 41 77
7 49 34 50
7 50 40 84
8 9 27 53
8 10 41 73
8 11 32 81
8 12 46 89
8 13 45 64
8 14 19 81
8 15 30 87
8 16 30 48
8 17 13 69
8 18 13 83
8 19 31 73
8 20 43 43
8 21 34 79
8 22 59 90
8 23 15 84
8 24 56 42
8 25 18 42
8 26 10 63
8 27 37 54
8 28 52 70
8 29 46 82
8 30 56 45
8 31 16 44
8 32 33 69
8 33 37 59
8 34 21 87
8 35 18 88
8 36 50 65
8 37 44 84
8 38 44 52
8 39 53 87
8 40 25 86
8 41 19 64
8 42 23 72
8 43 48 71
8 44 53 82
8 45 34 90
8 46 22 44
8 47 44 86
8 48 57 49
8 49 48 77
8 50 44 48
9 10 14 82
9 11 35 69
9 12 15 53
9 13 10 69
9 14 21 82
9 15 20 63
9 16 34 80
9 17 23 55
9 18 31 59
9 19 47 56
9 20 19 43
9 21 41 66
9 22 32 61
9 23 10 60
9 24 53 58
9 25 42 89
9 26 54 77
9 27 13 66
9 28 55 58
9 29 39 50
9 30 17 66
9 31 37 45
9 32 17 69
9 33 20 90
9 34 14 64
9 35 44 45
9 36 10 73
9 37 56 75
9 38 26 76
9 39 40 45
9 40 36 47
9 41 58 66
9 42 40 54
9 43 35 41
9 44 38 69
9 45 50 76
9 46 55 71
9 47 54 66
9 48 29 75
9 49 52 49
9 50 38 50
10 11 24 70
10 12 41 76
10 13 39 65
10 14 29 87
10 15 45 68
10 16 48 88
10 17 11 72
10 18 44 63
10 19 50 85
10 20 39 59
10 21 21 55
10 22 24 63
10 23 48 50
10 24 43 89
10 25 11 74
10 26 46 42
10 27 13 50
10 28 36 88
10 29 29 50
10 30 59 52
10 31 11 50
10 32 39 60
10 33 12 72
10 34 25 42
10 35 11 49
10 36 53 71
10 37 39 89
10 38 32 41
10 39 36 80
10 40 53 62
10 41 26 41
10 42 19 56
10 43 12 49
10 44 51 83
10 45 52 55
10 46 17 72
10 47 55 70
10 48 59 89
10 49 28 62
10 50 30 75
11 12 37 89
11 13 54 61
11 14 48 58
11 15 37 43
11 16 16 70
11 17 52 86
11 18 55 63
11 19 41 86
11 20 37 70
11 21 32 44
11 22 20 77
11 23 22 75
11 24 58 60
11 25 28 52
11 26 10 86
11 27 47 67
11 28 56 89
11 29 12 88
11 30 56 50
11 31 20 90
11 32 40 63
11 33 35 47
11 34 34 55
11 35 60 52
11 36 46 44
11 37 41 43
11 38 45 56
11 39 41 45
11 40 59 87
11 41 52 79
11 42 54 45
11 43 25 81
11 44 21 50
11 45 38 65
11 46 55 75
11 47 22 83
11 48 37 84
11 49 24 67
11 50 36 52
12 13 24 86
12 14 54 63
12 15 40 85
12 16 18 88
12 17 22 76
12 18 52 87
12 19 13 86
12 20 53 73
12 21 54 90
12 22 21 52
12 23 15 86
12 24 35 80
12 25 53 74
12 26 10 78
12 27 42 54
12 28 60 84
12 29 55 76
12 30 30 60
12 31 41 77
12 32 50 51
12 33 40 55
12 34 34 65
12 35 39 72
12 36 16 66
12 37 48 73
12 38 56 45
12 39 25 43
12 40 16 86
12 41 14 57
12 42 25 57
12 43 56 84
12 44 31 88
12 45 28 74
12 46 33 48
12 47 32 89
12 48 46 80
12 49 60 48
12 50 54 44
13 14 10 88
13 15 59 68
13 16 51 47
13 17 35 79
13 18 49 41
13 19 20 78
13 20 18 66
13 21 25 70
13 22 39 44
13 23 20 45
13 24 31 81
13 25 52 57
13 26 59 49
13 27 50 43
13 28 38 84
13 29 57 73
13 30 12 82
13 31 13 42
13 32 38 73
13 33 36 75
13 34 44 59
13 35 57 78
13 36 46 83
13 37 33 58
13 38 47 48
13 39 39 86
13 40 31 62
13 41 14 56
13 42 55 58
13 43 51 62
13 44 54 75
13 45 16 56
13 46 50 64
13 47 30 69
13 48 37 65
13 49 20 57
13 50 17 49
14 15 45 79
14 16 20 40
14 17 38 88
14 18 58 63
14 19 37 57
14 20 20 60
14 21 22 83
14 22 50 82
14 23 18 43
14 24 13 88
14 25 47 50
14 26 46 74
14 27 45 49
14 28 13 76
14 29 28 62
14 30 39 88
14 31 33 59
14 32 26 44
14 33 22 81
14 34 32 44
14 35 51 44
14 36 57 76
14 37 25 68
14 38 60 74
14 39 53 55
14 40 46 79
14 41 27 75
14 42 53 58
14 43 13 72
14 44 37 82
14 45 56 61
14 46 39 78
14 47 54 43
14 48 33 61
14 49 40 71
14 50 28 74
15 16 41 40
15 17 33 56
15 18 47 77
15 19 51 70
15 20 21 90
15 21 24 64
15 22 37 60
15 23 53 57
15 24 16 61
15 25 17 45
15 26 16 56
15 27 37 55
15 28 21 74
15 29 53 88
15 30 21 89
15 31 10 72
15 32 45 58
15 33 50 50
15 34 31 76
15 35 22 77
15 36 56 84
15 37 17 50
15 38 30 40
15 39 31 70
15 40 22 68
15 41 13 78
15 42 59 70
15 43 46 48
15 44 11 75
15 45 28 72
15 46 21 73
15 47 47 46
15 48 19 71
15 49 50 87
15 50 29 76
16 17 29 43
16 18 34 50
16 19 19 64
16 20 51 81
16 21 10 70
16 22 37 66
16 23 48 76
16 24 50 80
16 25 11 41
16 26 47 50
16 27 54 89
16 28 27 65
16 29 22 77
16 30 42 78
16 31 55 70
16 32 34 55
16 33 31 74
16 34 24 63
16 35 46 77
16 36 12 76
16 37 10 49
16 38 10 48
16 39 23 57
16 40 25 87
16 41 14 71
16 42 36 86
16 43 13 68
16 44 33 84
16 45 10 80
16 46 23 51
16 47 49 76
16 48 23 84
16 49 58 62
16 50 11 58
17 18 19 73
17 19 60 78
17 20 41 64
17 21 15 48
17 22 40 44
17 23 29 82
17 24 21 71
17 25 59 85
17 26 40 58
17 27 58 43
17 28 40 58
17 29 12 63
17 30 14 45
17 31 32 73
17 32 37 42
17 33 17 83
17 34 45 81
17 35 20 48
17 36 12 90
17 37 24 82
17 38 36 43
17 39 14 59
17 40 60 42
17 41 36 63
17 42 31 72
17 43 48 79
17 44 49 58
17 45 34 56
17 46 34 40
17 47 45 74
17 48 10 69
17 49 24 75
17 50 14 64
18 19 44 84
18 20 32 57
18 21 52 74
18 22 12 43
18 23 30 77
18 24 52 69
18 25 29 60
18 26 20 50
18 27 32 71
18 28 16 87
18 29 33 54
18 30 30 43
18 31 50 59
18 32 57 40
18 33 42 58
18 34 17 87
18 35 57 85
18 36 33 43
18 37 18 76
18 38 11 57
18 39 24 62
18 40 44 41
18 41 48 59
18 42 44 83
18 43 34 82
18 44 55 74
18 45 50 65
18 46 49 68
18 47 30 86
18 48 10 82
18 49 18 58
18 50 22 62
19 20 32 80
19 21 42 58
19 22 36 84
19 23 16 68
19 24 19 54
19 25 34 74
19 26 31 83
19 27 53 59
19 28 25 77
19 29 53 67
19 30 11 44
19 31 24 64
19 32 59 84
19 33 23 50
19 34 13 45
19 35 33 63
19 36 16 83
19 37 21 87
19 38 52 78
19 39 52 43
19 40 51 44
19 41 11 66
19 42 25 84
19 43 14 75
19 44 52 67
19 45 41 56
19 46 17 41
19 47 44 46
19 48 22 76
19 49 60 79
19 50 50 44
20 21 58 88
20 22 34 81
20 23 26 44
20 24 30 78
20 25 17 59
20 26 55 54
20 27 25 68
20 28 18 70
20 29 52 90
20 30 30 88
20 31 28 52
20 32 37 43
20 33 37 48
20 34 37 56
20 35 19 88
20 36 33 49
20 37 46 86
20 38 59 58
20 39 52 76
20 40 50 80
20 41 42 75
20 42 35 53
20 43 41 65
20 44 55 46
20 45 26 43
20 46 20 65
20 47 44 83
20 48 16 49
20 49 43 86
20 50 24 57
21 22 24 47
21 23 13 90
21 24 13 84
21 25 36 65
21 26 51 72
21 27 54 42
21 28 59 86
21 29 16 48
21 30 37 59
21 31 13 54
21 32 37 60
21 33 28 68
21 34 49 74
21 35 37 41
21 36 48 53
21 37 20 82
21 38 56 53
21 39 14 42
21 40 49 49
21 41 48 57
21 42 58 60
21 43 26 73
21 44 48 62
21 45 51 43
21 46 53 88
21 47 44 48
21 48 58 76
21 49 23 65
21 50 26 71
22 23 37 76
22 24 35 83
22 25 38 62
22 26 36 60
22 27 45 54
22 28 30 74
22 29 35 42
22 30 11 88
22 31 54 71
22 32 39 50
22 33 12 68
22 34 58 55
22 35 12 70
22 36 47 50
22 37 14 55
22 38 54 81
22 39 55 81
22 40 16 74
22 41 57 81
22 42 59 50
22 43 44 53
22 44 48 63
22 45 49 89
22 46 20 85
22 47 60 43
22 48 43 69
22 49 25 49
22 50 55 82
23 24 39 81
23 25 14 89
23 26 59 81
23 27 25 71
23 28 16 43
23 29 21 81
23 30 59 83
23 31 20 48
23 32 49 55
23 33 14 69
23 34 12 47
23 35 16 44
23 36 54 89
23 37 13 46
23 38 40 68
23 39 14 78
23 40 48 77
23 41 23 87
23 42 58 89
23 43 16 52
23 44 17 80
23 45 46 85
23 46 52 63
23 47 20 73
23 48 27 60
23 49 22 72
23 50 44 53
24 25 37 52
24 26 44 68
24 27 39 77
24 28 44 87
24 29 29 82
24 30 38 89
24 31 10 62
24 32 10 56
24 33 43 56
24 34 16 79
24 35 36 66
24 36 29 67
24 37 14 59
24 38 20 89
24 39 32 49
24 40 17 44
24 41 34 80
24 42 27 51
24 43 25 42
24 44 31 56
24 45 59 67
24 46 35 73
24 47 14 86
24 48 55 56
24 49 56 90
24 50 56 83
25 26 31 85
25 27 35 55
25 28 51 40
25 29 57 58
25 30 24 59
25 31 25 41
25 32 23 51
25 33 22 40
25 34 17 56
25 35 26 70
25 36 17 62
25 37 15 77
25 38 52 75
25 39 55 90
25 40 35 83
25 41 30 46
25 42 35 66
25 43 37 88
25 44 36 77
25 45 60 85
25 46 59 43
25 47 56 62
25 48 31 40
25 49 42 78
25 50 16 67
26 27 44 76
26 28 42 43
26 29 48 67
26 30 17 71
26 31 46 50
26 32 34 44
26 33 26 47
26 34 18 84
26 35 55 82
26 36 27 62
26 37 29 78
26 38 44 90
26 39 25 82
26 40 16 67
26 41 37 61
26 42 58 53
26 43 34 44
26 44 49 67
26 45 17 47
26 46 39 71
26 47 30 61
26 48 60 49
26 49 46 42
26 50 11 73
27 28 54 70
27 29 50 56
27 30 37 87
27 31 26 49
27 32 18 65
27 33 29 90
27 34 13 76
27 35 33 76
27 36 39 74
27 37 55 63
27 38 40 40
27 39 46 58
27 40 19 72
27 41 52 57
27 42 21 78
27 43 23 72
27 44 60 79
27 45 18 44
27 46 22 45
27 47 40 61
27 48 30 88
27 49 38 61
27 50 17 63
28 29 55 50
28 30 55 46
28 31 53 74
28 32 12 73
28 33 52 86
28 34 46 56
28 35 15 63
28 36 48 78
28 37 56 59
28 38 46 63
28 39 18 89
28 40 39 45
28 41 51 90
28 42 28 86
28 43 26 69
28 44 37 90
28 45 14 45
28 46 42 62
28 47 41 68
28 48 32 65
28 49 51 50
28 50 33 79
29 30 24 84
29 31 12 53
29 32 34 90
29 33 12 76
29 34 16 43
29 35 55 53
29 36 47 61
29 37 41 66
29 38 55 40
29 39 39 66
29 40 10 44
29 41 58 57
29 42 34 41
29 43 57 88
29 44 24 84
29 45 37 67
29 46 21 73
29 47 47 87
29 48 12 84
29 49 42 52
29 50 60 61
30 31 36 86
30 32 35 81
30 33 44 70
30 34 21 73
30 35 14 45
30 36 16 42
30 37 24 86
30 38 47 40
30 39 58 43
30 40 58 66
30 41 30 76
30 42 56 57
30 43 53 84
30 44 39 79
30 45 52 72
30 46 31 76
30 47 59 44
30 48 58 74
30 49 20 60
30 50 40 81
31 32 38 68
31 33 37 64
31 34 49 68
31 35 25 69
31 36 53 57
31 37 45 49
31 38 18 48
31 39 11 86
31 40 54 62
31 41 25 42
31 42 10 49
31 43 60 90
31 44 49 45
31 45 50 65
31 46 16 68
31 47 21 78
31 48 12 78
31 49 57 71
31 50 12 46
32 33 13 74
32 34 60 82
32 35 20 55
32 36 53 64
32 37 31 44
32 38 57 88
32 39 44 66
32 40 17 53
32 41 58 84
32 42 40 64
32 43 48 78
32 44 42 62
32 45 39 72
32 46 37 77
32 47 47 90
32 48 31 71
32 49 49 61
32 50 31 75
33 34 32 74
33 35 50 44
33 36 23 48
33 37 28 48
33 38 14 59
33 39 30 44
33 40 37 48
33 41 59 69
33 42 34 72
33 43 43 75
33 44 14 66
33 45 41 55
33 46 58 50
33 47 44 43
33 48 50 50
33 49 25 66
33 50 53 84
34 35 35 87
34 36 35 56
34 37 19 68
34 38 29 68
34 39 36 89
34 40 47 43
34 41 35 82
34 42 12 64
34 43 14 82
34 44 55 45
34 45 11 65
34 46 37 75
34 47 15 51
34 48 35 41
34 49 53 64
34 50 42 50
35 36 60 68
35 37 19 84
35 38 30 68
35 39 48 47
35 40 40 41
35 41 51 83
35 42 35 63
35 43 40 73
35 44 39 69
35 45 57 42
35 46 25 73
35 47 15 68
35 48 59 48
35 49 49 52
35 50 40 68
36 37 21 59
36 38 29 71
36 39 27 80
36 40 41 59
36 41 20 57
36 42 13 66
36 43 30 44
36 44 29 66
36 45 17 68
36 46 17 88
36 47 54 55
36 48 32 54
36 49 44 44
36 50 45 75
37 38 39 46
37 39 53 60
37 40 22 72
37 41 51 58
37 42 18 75
37 43 27 88
37 44 14 52
37 45 55 87
37 46 32 90
37 47 29 73
37 48 36 53
37 49 29 42
37 50 37 76
38 39 60 73
38 40 51 76
38 41 23 65
38 42 56 81
38 43 11 79
38 44 10 51
38 45 58 61
38 46 27 72
38 47 52 42
38 48 15 72
38 49 10 66
38 50 35 41
39 40 12 43
39 41 15 46
39 42 31 74
39 43 27 70
39 44 44 76
39 45 44 44
39 46 27 66
39 47 35 47
39 48 60 78
39 49 44 74
39 50 21 48
40 41 54 77
40 42 20 80
40 43 20 76
40 44 59 48
40 45 48 64
40 46 56 46
40 47 41 60
40 48 29 45
40 49 46 78
40 50 34 80
41 42 24 63
41 43 30 87
41 44 46 90
41 45 49 44
41 46 25 47
41 47 46 78
41 48 43 72
41 49 33 72
41 50 54 71
42 43 10 81
42 44 57 71
42 45 54 55
42 46 52 78
42 47 25 67
42 48 48 62
42 49 24 64
42 50 48 72
43 44 22 85
43 45 43 64
43 46 39 43
43 47 51 74
43 48 40 76
43 49 49 84
43 50 39 77
44 45 52 56
44 46 27 46
44 47 60 73
44 48 28 87
44 49 34 67
44 50 59 70
45 46 40 68
45 47 58 84
45 48 37 41
45 49 25 57
45 50 59 51
46 47 53 55
46 48 37 47
46 49 36 78
46 50 43 90
47 48 50 84
47 49 38 61
47 50 53 62
48 49 38 43
48 50 29 47
49 50 35 45