100
13
15
22
6
25
40
46
89
23
15
82
86
20
18
1
45
93
97
65
56
14
44
73
95
53
14
7
81
49
78
10
16
55
42
31
67
22
54
80
24
1 2 90 89
1 3 23 74
1 4 32 18
1 5 19 41
1 6 97 53
1 7 26 81
1 8 60 35
1 9 76 49
1 10 13 81
1 11 74 90
1 12 68 56
1 13 51 71
1 14 29 68
1 15 19 90
1 16 60 88
1 17 59 62
1 18 85 23
1 19 9 94
1 20 4 39
1 21 91 40
1 22 96 45
1 23 77 77
1 24 42 96
1 25 90 29
1 26 71 82
1 27 98 76
1 28 27 92
1 29 44 81
1 30 54 91
1 31 45 58
1 32 13 14
1 33 58 91
1 34 69 99
1 35 24 49
1 36 41 79
1 37 73 72
1 38 19 10
1 39 7 52
1 40 71 10
1 41 41 98
1 42 75 12
1 43 64 35
1 44 32 37
1 45 81 62
1 46 45 51
1 47 95 25
1 48 69 79
1 49 73 22
1 50 13 57
1 51 39 3
1 52 78 52
1 53 75 90
1 54 95 15
1 55 75 48
1 56 74 15
1 57 69 36
1 58 57 80
1 59 15 40
1 60 40 35
1 61 45 44
1 62 99 100
1 63 98 83
1 64 23 44
1 65 59 46
1 66 89 22
1 67 9 90
1 68 65 75
1 69 54 99
1 70 31 39
1 71 9 42
1 72 53 24
1 73 43 83
1 74 46 59
1 75 50 22
1 76 88 27
1 77 81 49
1 78 49 82
1 79 44 44
1 80 22 32
1 81 46 60
1 82 62 94
1 83 29 80
1 84 82 58
1 85 77 55
1 86 35 6
1 87 72 24
1 88 96 41
1 89 71 13
1 90 48 54
1 91 66 21
1 92 73 47
1 93 66 41
1 94 98 45
1 95 41 7
1 96 8 60
1 97 11 86
1 98 74 54
1 99 56 58
1 100 80 21
2 3 53 58
2 4 86 69
2 5 27 22
2 6 36 56
2 7 100 74
2 8 19 30
2 9 67 28
2 10 75 43
2 11 46 89
2 12 1 100
2 13 8 28
2 14 58 65
2 15 24 33
2 16 70 68
2 17 46 41
2 18 22 39
2 19 48 15
2 20 30 67
2 21 54 26
2 22 37 9
2 23 3 51
2 24 26 41
2 25 99 65
2 26 1 54
2 27 3 27
2 28 11 100
2 29 2 46
2 30 64 55
2 31 33 35
2 32 40 15
2 33 52 8
2 34 82 82
2 35 99 22
2 36 37 40
2 37 52 29
2 38 3 26
2 39 20 59
2 40 11 65
2 41 60 82
2 42 49 15
2 43 77 88
2 44 1 83
2 45 83 49
2 46 58 48
2 47 76 88
2 48 90 57
2 49 84 11
2 50 87 88
2 51 34 96
2 52 67 80
2 53 6 27
2 54 76 33
2 55 41 7
2 56 5 63
2 57 92 40
2 58 71 15
2 59 57 65
2 60 82 85
2 61 11 1
2 62 71 18
2 63 46 86
2 64 52 71
2 65 11 85
2 66 73 67
2 67 66 58
2 68 17 31
2 69 85 28
2 70 66 43
2 71 20 39
2 72 74 57
2 73 40 8
2 74 54 65
2 75 80 18
2 76 64 44
2 77 35 38
2 78 7 94
2 79 20 100
2 80 50 2
2 81 30 6
2 82 54 40
2 83 39 64
2 84 26 20
2 85 34 7
2 86 79 72
2 87 71 75
2 88 4 85
2 89 38 100
2 90 61 50
2 91 45 6
2 92 72 33
2 93 17 72
2 94 6 6
2 95 29 42
2 96 40 39
2 97 98 83
2 98 8 21
2 99 65 51
2 100 95 1
3 4 8 23
3 5 68 33
3 6 75 29
3 7 57 25
3 8 85 18
3 9 22 30
3 10 36 15
3 11 4 4
3 12 91 2
3 13 26 68
3 14 95 15
3 15 71 17
3 16 53 23
3 17 10 45
3 18 40 87
3 19 39 39
3 20 12 99
3 21 76 16
3 22 41 20
3 23 3 2
3 24 99 68
3 25 92 60
3 26 54 100
3 27 67 99
3 28 80 96
3 29 30 24
3 30 6 68
3 31 49 86
3 32 84 94
3 33 58 100
3 34 100 45
3 35 49 53
3 36 46 5
3 37 16 8
3 38 79 28
3 39 30 61
3 40 78 88
3 41 16 34
3 42 6 94
3 43 44 68
3 44 85 77
3 45 91 15
3 46 5 51
3 47 100 30
3 48 87 10
3 49 39 16
3 50 2 59
3 51 74 81
3 52 67 94
3 53 71 39
3 54 47 11
3 55 51 87
3 56 33 17
3 57 53 30
3 58 73 50
3 59 38 18
3 60 73 80
3 61 63 45
3 62 11 9
3 63 84 33
3 64 3 31
3 65 7 83
3 66 60 45
3 67 89 80
3 68 61 11
3 69 87 4
3 70 15 64
3 71 100 20
3 72 74 71
3 73 35 89
3 74 54 94
3 75 71 54
3 76 95 64
3 77 77 57
3 78 86 15
3 79 64 48
3 80 9 80
3 81 91 45
3 82 35 59
3 83 21 39
3 84 57 16
3 85 29 58
3 86 87 28
3 87 51 28
3 88 8 27
3 89 27 70
3 90 41 21
3 91 75 62
3 92 12 69
3 93 30 99
3 94 14 37
3 95 28 75
3 96 10 97
3 97 11 27
3 98 9 97
3 99 25 90
3 100 5 93
4 5 63 71
4 6 54 6
4 7 40 75
4 8 73 4
4 9 49 8
4 10 50 20
4 11 69 89
4 12 67 78
4 13 36 24
4 14 83 72
4 15 86 93
4 16 96 99
4 17 14 37
4 18 75 25
4 19 62 60
4 20 10 18
4 21 13 50
4 22 63 25
4 23 60 34
4 24 27 36
4 25 52 37
4 26 51 31
4 27 80 90
4 28 4 61
4 29 90 39
4 30 60 21
4 31 71 61
4 32 39 84
4 33 32 66
4 34 25 60
4 35 11 46
4 36 65 16
4 37 68 59
4 38 49 22
4 39 18 63
4 40 28 62
4 41 86 22
4 42 31 1
4 43 90 45
4 44 86 85
4 45 84 48
4 46 1 32
4 47 81 30
4 48 61 27
4 49 22 28
4 50 92 98
4 51 7 96
4 52 31 71
4 53 40 81
4 54 80 26
4 55 12 42
4 56 73 56
4 57 72 47
4 58 81 100
4 59 66 43
4 60 35 48
4 61 40 15
4 62 23 100
4 63 18 4
4 64 100 71
4 65 46 45
4 66 100 82
4 67 29 66
4 68 15 99
4 69 56 39
4 70 23 12
4 71 27 79
4 72 36 25
4 73 72 48
4 74 62 97
4 75 8 87
4 76 84 84
4 77 22 12
4 78 88 82
4 79 60 36
4 80 67 42
4 81 42 13
4 82 55 96
4 83 48 5
4 84 33 97
4 85 15 31
4 86 74 29
4 87 73 19
4 88 80 26
4 89 83 72
4 90 17 66
4 91 80 4
4 92 87 21
4 93 51 45
4 94 37 4
4 95 33 25
4 96 43 18
4 97 99 94
4 98 65 67
4 99 60 49
4 100 1 49
5 6 7 100
5 7 19 99
5 8 66 11
5 9 3 6
5 10 15 53
5 11 90 11
5 12 6 44
5 13 28 9
5 14 16 13
5 15 6 59
5 16 31 81
5 17 55 27
5 18 25 94
5 19 81 51
5 20 51 29
5 21 84 10
5 22 27 38
5 23 35 32
5 24 19 17
5 25 88 88
5 26 65 60
5 27 27 41
5 28 60 19
5 29 12 86
5 30 24 90
5 31 93 56
5 32 39 36
5 33 91 91
5 34 45 86
5 35 5 36
5 36 21 80
5 37 39 5
5 38 67 10
5 39 84 24
5 40 99 78
5 41 82 30
5 42 82 57
5 43 9 4
5 44 89 66
5 45 12 17
5 46 10 2
5 47 12 26
5 48 84 9
5 49 94 66
5 50 15 74
5 51 42 56
5 52 64 27
5 53 47 71
5 54 29 7
5 55 95 9
5 56 9 91
5 57 62 63
5 58 82 49
5 59 94 29
5 60 64 9
5 61 30 75
5 62 59 48
5 63 11 27
5 64 75 20
5 65 24 2
5 66 44 20
5 67 15 84
5 68 35 4
5 69 72 62
5 70 96 62
5 71 56 82
5 72 87 43
5 73 82 68
5 74 68 29
5 75 99 82
5 76 97 58
5 77 45 70
5 78 28 93
5 79 50 47
5 80 60 42
5 81 45 56
5 82 74 4
5 83 75 54
5 84 1 17
5 85 81 82
5 86 4 2
5 87 87 24
5 88 36 48
5 89 37 31
5 90 89 37
5 91 22 82
5 92 82 34
5 93 81 88
5 94 10 62
5 95 65 62
5 96 89 69
5 97 7 79
5 98 42 56
5 99 3 10
5 100 79 84
6 7 33 9
6 8 22 71
6 9 10 4
6 10 55 45
6 11 58 14
6 12 40 21
6 13 87 31
6 14 30 70
6 15 42 36
6 16 69 16
6 17 96 63
6 18 99 33
6 19 11 31
6 20 25 32
6 21 42 6
6 22 26 12
6 23 23 83
6 24 13 61
6 25 22 42
6 26 71 87
6 27 95 79
6 28 58 32
6 29 78 95
6 30 34 37
6 31 71 13
6 32 54 69
6 33 21 29
6 34 95 79
6 35 13 69
6 36 18 96
6 37 45 70
6 38 86 28
6 39 14 20
6 40 27 96
6 41 68 82
6 42 35 62
6 43 55 84
6 44 65 100
6 45 43 12
6 46 14 96
6 47 65 76
6 48 10 22
6 49 6 46
6 50 76 41
6 51 49 16
6 52 83 56
6 53 93 55
6 54 43 28
6 55 86 100
6 56 19 9
6 57 58 81
6 58 47 49
6 59 74 42
6 60 78 86
6 61 86 91
6 62 97 48
6 63 72 8
6 64 50 89
6 65 59 43
6 66 69 84
6 67 23 98
6 68 53 45
6 69 96 50
6 70 14 39
6 71 48 72
6 72 71 33
6 73 99 82
6 74 9 1
6 75 65 57
6 76 31 41
6 77 51 26
6 78 31 71
6 79 71 9
6 80 21 68
6 81 54 46
6 82 16 40
6 83 53 50
6 84 70 22
6 85 44 58
6 86 8 76
6 87 31 89
6 88 12 88
6 89 72 66
6 90 67 87
6 91 2 4
6 92 100 54
6 93 75 11
6 94 13 82
6 95 31 93
6 96 82 55
6 97 39 98
6 98 41 14
6 99 60 75
6 100 27 60
7 8 62 18
7 9 10 38
7 10 60 15
7 11 88 24
7 12 80 18
7 13 26 44
7 14 15 82
7 15 82 59
7 16 96 94
7 17 13 39
7 18 34 66
7 19 98 49
7 20 83 76
7 21 77 6
7 22 97 17
7 23 88 77
7 24 20 36
7 25 25 6
7 26 40 7
7 27 48 29
7 28 14 1
7 29 1 19
7 30 97 30
7 31 100 5
7 32 85 7
7 33 59 5
7 34 67 35
7 35 99 78
7 36 14 59
7 37 38 97
7 38 39 3
7 39 56 52
7 40 84 52
7 41 81 38
7 42 20 6
7 43 17 44
7 44 55 71
7 45 57 84
7 46 61 65
7 47 37 74
7 48 1 68
7 49 26 48
7 50 61 62
7 51 31 45
7 52 31 77
7 53 24 23
7 54 82 6
7 55 61 60
7 56 35 67
7 57 54 60
7 58 40 91
7 59 15 1
7 60 3 68
7 61 34 50
7 62 92 66
7 63 17 73
7 64 57 13
7 65 55 6
7 66 45 10
7 67 28 10
7 68 35 98
7 69 74 32
7 70 97 81
7 71 47 99
7 72 5 5
7 73 66 81
7 74 82 47
7 75 15 20
7 76 24 95
7 77 43 99
7 78 72 60
7 79 10 11
7 80 38 2
7 81 68 59
7 82 25 47
7 83 43 96
7 84 44 75
7 85 28 96
7 86 75 66
7 87 34 32
7 88 19 84
7 89 100 6
7 90 85 18
7 91 89 12
7 92 39 3
7 93 23 18
7 94 89 68
7 95 10 69
7 96 73 79
7 97 5 16
7 98 39 47
7 99 76 39
7 100 14 7
8 9 20 57
8 10 29 40
8 11 15 67
8 12 17 7
8 13 52 42
8 14 17 2
8 15 65 66
8 16 30 40
8 17 37 43
8 18 6 6
8 19 38 71
8 20 53 24
8 21 24 54
8 22 76 50
8 23 45 41
8 24 51 7
8 25 21 57
8 26 94 39
8 27 33 55
8 28 84 93
8 29 66 69
8 30 23 61
8 31 91 94
8 32 96 22
8 33 25 98
8 34 7 26
8 35 98 87
8 36 50 28
8 37 11 72
8 38 61 4
8 39 68 86
8 40 85 32
8 41 26 26
8 42 28 51
8 43 5 69
8 44 71 27
8 45 23 39
8 46 38 18
8 47 15 56
8 48 87 9
8 49 78 72
8 50 51 46
8 51 39 7
8 52 50 17
8 53 91 42
8 54 2 24
8 55 97 94
8 56 33 11
8 57 18 51
8 58 15 26
8 59 32 11
8 60 23 66
8 61 63 39
8 62 92 31
8 63 50 43
8 64 78 35
8 65 23 57
8 66 65 44
8 67 98 47
8 68 73 94
8 69 62 46
8 70 75 41
8 71 49 99
8 72 63 12
8 73 38 92
8 74 90 25
8 75 89 92
8 76 90 96
8 77 14 46
8 78 74 3
8 79 69 73
8 80 54 75
8 81 37 91
8 82 59 26
8 83 31 43
8 84 55 96
8 85 55 92
8 86 37 59
8 87 30 28
8 88 64 54
8 89 39 1
8 90 91 3
8 91 90 90
8 92 29 38
8 93 21 42
8 94 92 57
8 95 69 77
8 96 58 71
8 97 59 96
8 98 41 18
8 99 9 3
8 100 49 17
9 10 49 42
9 11 35 74
9 12 54 98
9 13 41 53
9 14 82 15
9 15 59 18
9 16 97 14
9 17 21 69
9 18 84 99
9 19 62 53
9 20 58 18
9 21 33 97
9 22 43 90
9 23 23 94
9 24 62 91
9 25 55 24
9 26 57 53
9 27 27 45
9 28 40 41
9 29 28 98
9 30 9 17
9 31 50 60
9 32 31 91
9 33 42 84
9 34 92 99
9 35 12 24
9 36 30 68
9 37 25 97
9 38 37 39
9 39 35 87
9 40 62 74
9 41 27 17
9 42 59 34
9 43 84 60
9 44 83 93
9 45 14 41
9 46 77 38
9 47 96 71
9 48 47 23
9 49 39 46
9 50 45 75
9 51 37 85
9 52 60 43
9 53 39 93
9 54 2 69
9 55 27 85
9 56 15 38
9 57 64 3
9 58 35 88
9 59 95 19
9 60 64 86
9 61 87 43
9 62 24 35
9 63 39 100
9 64 62 66
9 65 51 37
9 66 84 50
9 67 34 100
9 68 79 84
9 69 47 90
9 70 61 8
9 71 51 63
9 72 33 23
9 73 13 44
9 74 31 93
9 75 60 20
9 76 62 95
9 77 28 7
9 78 56 38
9 79 33 25
9 80 28 92
9 81 59 52
9 82 11 10
9 83 94 54
9 84 37 19
9 85 44 49
9 86 69 30
9 87 69 44
9 88 95 25
9 89 9 63
9 90 62 31
9 91 46 24
9 92 49 16
9 93 26 16
9 94 23 7
9 95 42 49
9 96 73 100
9 97 46 15
9 98 49 18
9 99 39 46
9 100 90 54
10 11 50 98
10 12 26 22
10 13 58 94
10 14 82 42
10 15 41 55
10 16 26 51
10 17 49 87
10 18 17 51
10 19 90 78
10 20 10 80
10 21 94 66
10 22 61 79
10 23 62 29
10 24 64 7
10 25 48 98
10 26 41 14
10 27 6 48
10 28 16 51
10 29 3 93
10 30 81 3
10 31 8 21
10 32 68 19
10 33 59 74
10 34 4 16
10 35 70 33
10 36 56 44
10 37 61 31
10 38 88 37
10 39 29 44
10 40 48 36
10 41 21 66
10 42 60 96
10 43 68 84
10 44 36 23
10 45 68 60
10 46 69 64
10 47 72 11
10 48 34 31
10 49 10 29
10 50 23 12
10 51 35 40
10 52 7 71
10 53 22 86
10 54 9 36
10 55 22 75
10 56 41 23
10 57 38 13
10 58 68 11
10 59 33 99
10 60 22 10
10 61 36 5
10 62 9 91
10 63 68 26
10 64 6 11
10 65 10 47
10 66 81 82
10 67 33 64
10 68 83 67
10 69 73 16
10 70 77 97
10 71 97 21
10 72 91 93
10 73 38 28
10 74 94 29
10 75 13 75
10 76 53 45
10 77 43 91
10 78 17 93
10 79 44 21
10 80 59 97
10 81 36 21
10 82 14 66
10 83 78 93
10 84 52 9
10 85 37 86
10 86 21 10
10 87 45 90
10 88 2 58
10 89 52 21
10 90 69 63
10 91 74 72
10 92 89 67
10 93 68 32
10 94 60 7
10 95 20 57
10 96 50 36
10 97 26 20
10 98 79 68
10 99 29 88
10 100 77 67
11 12 81 85
11 13 17 70
11 14 32 17
11 15 38 91
11 16 33 80
11 17 26 28
11 18 88 58
11 19 19 13
11 20 5 22
11 21 6 26
11 22 85 3
11 23 96 66
11 24 80 62
11 25 27 70
11 26 44 77
11 27 40 30
11 28 71 22
11 29 77 39
11 30 40 67
11 31 59 80
11 32 33 47
11 33 60 53
11 34 48 58
11 35 68 11
11 36 7 18
11 37 50 60
11 38 79 98
11 39 7 50
11 40 16 9
11 41 76 72
11 42 90 53
11 43 5 29
11 44 82 25
11 45 94 87
11 46 77 10
11 47 14 8
11 48 56 28
11 49 28 39
11 50 99 25
11 51 43 23
11 52 62 1
11 53 60 63
11 54 43 87
11 55 44 10
11 56 45 70
11 57 4 96
11 58 100 70
11 59 56 78
11 60 91 48
11 61 14 28
11 62 3 4
11 63 98 15
11 64 6 95
11 65 3 2
11 66 85 66
11 67 81 18
11 68 47 57
11 69 6 70
11 70 9 74
11 71 90 17
11 72 19 41
11 73 27 86
11 74 80 70
11 75 63 83
11 76 74 46
11 77 41 95
11 78 98 17
11 79 84 70
11 80 7 99
11 81 44 2
11 82 54 43
11 83 2 28
11 84 65 74
11 85 66 48
11 86 9 25
11 87 93 56
11 88 76 50
11 89 48 40
11 90 38 3
11 91 15 47
11 92 9 8
11 93 42 45
11 94 83 92
11 95 13 18
11 96 28 42
11 97 94 70
11 98 86 30
11 99 39 68
11 100 31 3
12 13 58 82
12 14 100 50
12 15 91 33
12 16 48 40
12 17 82 72
12 18 1 22
12 19 65 42
12 20 97 35
12 21 30 74
12 22 88 85
12 23 10 82
12 24 45 77
12 25 70 86
12 26 33 76
12 27 67 3
12 28 48 30
12 29 80 25
12 30 2 14
12 31 31 17
12 32 19 11
12 33 92 17
12 34 29 15
12 35 24 40
12 36 1 94
12 37 55 73
12 38 62 66
12 39 87 35
12 40 91 67
12 41 30 55
12 42 1 18
12 43 12 25
12 44 89 61
12 45 42 88
12 46 50 76
12 47 21 87
12 48 23 87
12 49 12 62
12 50 87 59
12 51 42 31
12 52 10 67
12 53 77 56
12 54 68 27
12 55 51 34
12 56 55 71
12 57 89 8
12 58 49 16
12 59 84 90
12 60 2 70
12 61 27 68
12 62 61 33
12 63 10 76
12 64 88 42
12 65 71 98
12 66 40 57
12 67 41 90
12 68 50 87
12 69 83 2
12 70 56 62
12 71 94 44
12 72 9 48
12 73 76 10
12 74 66 54
12 75 58 55
12 76 35 51
12 77 16 91
12 78 10 99
12 79 81 72
12 80 43 2
12 81 64 9
12 82 79 63
12 83 59 60
12 84 12 62
12 85 26 70
12 86 45 80
12 87 27 44
12 88 24 50
12 89 85 87
12 90 98 61
12 91 81 72
12 92 5 77
12 93 91 94
12 94 67 52
12 95 48 29
12 96 9 76
12 97 89 51
12 98 47 20
12 99 84 46
12 100 29 47
13 14 10 69
13 15 76 68
13 16 52 29
13 17 85 8
13 18 79 92
13 19 48 7
13 20 16 78
13 21 76 67
13 22 100 10
13 23 68 91
13 24 42 61
13 25 73 8
13 26 46 78
13 27 87 46
13 28 18 91
13 29 85 81
13 30 57 89
13 31 59 71
13 32 19 48
13 33 99 72
13 34 29 83
13 35 33 22
13 36 17 41
13 37 6 10
13 38 76 24
13 39 55 30
13 40 66 45
13 41 18 56
13 42 88 98
13 43 85 41
13 44 18 90
13 45 6 54
13 46 23 82
13 47 6 53
13 48 31 58
13 49 98 88
13 50 70 29
13 51 83 37
13 52 17 22
13 53 80 42
13 54 100 11
13 55 3 79
13 56 80 75
13 57 20 75
13 58 43 23
13 59 63 22
13 60 6 68
13 61 25 10
13 62 29 75
13 63 28 39
13 64 41 57
13 65 16 45
13 66 99 60
13 67 75 38
13 68 77 92
13 69 65 54
13 70 84 10
13 71 75 82
13 72 68 66
13 73 86 83
13 74 46 95
13 75 70 95
13 76 72 37
13 77 29 39
13 78 66 59
13 79 85 96
13 80 85 18
13 81 45 97
13 82 49 3
13 83 54 90
13 84 53 62
13 85 94 88
13 86 74 53
13 87 100 57
13 88 76 35
13 89 20 74
13 90 42 43
13 91 15 92
13 92 48 24
13 93 20 65
13 94 29 81
13 95 88 99
13 96 99 51
13 97 9 75
13 98 95 34
13 99 4 64
13 100 66 86
14 15 70 37
14 16 59 3
14 17 52 61
14 18 5 29
14 19 56 95
14 20 49 59
14 21 25 50
14 22 100 46
14 23 69 73
14 24 12 30
14 25 13 18
14 26 45 41
14 27 25 74
14 28 56 42
14 29 86 50
14 30 72 81
14 31 52 27
14 32 60 2
14 33 12 79
14 34 47 2
14 35 29 55
14 36 82 53
14 37 92 37
14 38 92 71
14 39 50 24
14 40 36 44
14 41 19 94
14 42 19 73
14 43 69 9
14 44 15 87
14 45 85 28
14 46 50 100
14 47 46 78
14 48 69 3
14 49 34 95
14 50 2 27
14 51 13 20
14 52 49 57
14 53 69 12
14 54 34 75
14 55 22 39
14 56 42 6
14 57 17 43
14 58 61 64
14 59 11 7
14 60 26 37
14 61 62 48
14 62 99 53
14 63 25 36
14 64 83 6
14 65 19 6
14 66 26 81
14 67 19 100
14 68 29 26
14 69 24 70
14 70 36 5
14 71 28 68
14 72 44 86
14 73 70 96
14 74 63 21
14 75 99 79
14 76 31 99
14 77 59 83
14 78 53 51
14 79 6 33
14 80 81 90
14 81 43 47
14 82 72 77
14 83 99 69
14 84 33 82
14 85 29 70
14 86 37 61
14 87 80 44
14 88 28 29
14 89 48 20
14 90 82 15
14 91 72 43
14 92 82 6
14 93 96 58
14 94 89 50
14 95 9 54
14 96 44 3
14 97 6 56
14 98 23 97
14 99 59 10
14 100 57 45
15 16 3 100
15 17 3 24
15 18 34 74
15 19 25 41
15 20 67 86
15 21 70 81
15 22 49 97
15 23 30 100
15 24 42 75
15 25 76 10
15 26 61 37
15 27 52 71
15 28 46 22
15 29 78 23
15 30 85 89
15 31 63 8
15 32 35 47
15 33 79 96
15 34 16 80
15 35 69 32
15 36 48 46
15 37 99 76
15 38 13 79
15 39 30 92
15 40 7 66
15 41 9 40
15 42 10 65
15 43 30 78
15 44 51 66
15 45 51 71
15 46 9 92
15 47 21 8
15 48 61 94
15 49 7 50
15 50 39 29
15 51 38 48
15 52 37 40
15 53 23 86
15 54 19 21
15 55 38 94
15 56 65 14
15 57 82 18
15 58 45 49
15 59 88 81
15 60 29 89
15 61 28 63
15 62 90 16
15 63 50 43
15 64 81 50
15 65 13 48
15 66 3 80
15 67 3 22
15 68 74 98
15 69 18 62
15 70 76 43
15 71 88 91
15 72 57 39
15 73 96 15
15 74 42 27
15 75 96 17
15 76 15 72
15 77 34 88
15 78 1 44
15 79 54 25
15 80 90 77
15 81 15 9
15 82 97 96
15 83 55 98
15 84 27 97
15 85 55 97
15 86 39 4
15 87 13 96
15 88 61 16
15 89 33 6
15 90 77 97
15 91 23 69
15 92 5 31
15 93 54 2
15 94 24 94
15 95 50 61
15 96 95 63
15 97 69 94
15 98 7 77
15 99 9 16
15 100 82 86
16 17 71 22
16 18 34 76
16 19 39 61
16 20 62 39
16 21 62 11
16 22 93 37
16 23 28 30
16 24 56 13
16 25 32 19
16 26 7 75
16 27 76 28
16 28 70 72
16 29 16 23
16 30 6 45
16 31 87 4
16 32 1 86
16 33 92 17
16 34 71 49
16 35 49 50
16 36 19 91
16 37 71 53
16 38 67 15
16 39 13 64
16 40 75 25
16 41 34 86
16 42 100 79
16 43 73 36
16 44 74 79
16 45 86 82
16 46 4 41
16 47 43 17
16 48 9 1
16 49 38 29
16 50 3 31
16 51 31 88
16 52 34 36
16 53 8 89
16 54 36 81
16 55 22 53
16 56 50 83
16 57 5 69
16 58 49 75
16 59 91 98
16 60 38 77
16 61 21 43
16 62 50 40
16 63 25 89
16 64 100 89
16 65 16 33
16 66 58 23
16 67 4 32
16 68 70 67
16 69 94 33
16 70 42 90
16 71 73 1
16 72 40 43
16 73 79 42
16 74 23 92
16 75 43 93
16 76 64 96
16 77 94 100
16 78 8 62
16 79 7 40
16 80 26 49
16 81 91 87
16 82 71 26
16 83 48 24
16 84 4 74
16 85 9 91
16 86 69 47
16 87 18 50
16 88 21 7
16 89 54 67
16 90 83 96
16 91 5 42
16 92 63 66
16 93 98 13
16 94 59 26
16 95 16 4
16 96 66 96
16 97 6 97
16 98 17 66
16 99 10 83
16 100 81 8
17 18 97 6
17 19 26 7
17 20 98 70
17 21 78 48
17 22 4 82
17 23 28 8
17 24 96 88
17 25 92 68
17 26 70 10
17 27 48 34
17 28 27 47
17 29 17 51
17 30 12 84
17 31 16 49
17 32 87 43
17 33 62 62
17 34 40 48
17 35 63 49
17 36 55 88
17 37 54 45
17 38 89 30
17 39 31 48
17 40 33 57
17 41 58 41
17 42 59 92
17 43 7 69
17 44 71 24
17 45 99 70
17 46 91 68
17 47 24 36
17 48 98 39
17 49 59 8
17 50 14 26
17 51 30 7
17 52 99 80
17 53 28 18
17 54 2 26
17 55 39 44
17 56 100 42
17 57 68 13
17 58 70 41
17 59 68 92
17 60 17 41
17 61 84 53
17 62 12 40
17 63 72 22
17 64 92 78
17 65 17 26
17 66 47 38
17 67 19 68
17 68 13 33
17 69 100 4
17 70 95 77
17 71 38 4
17 72 57 88
17 73 44 15
17 74 15 58
17 75 52 42
17 76 43 45
17 77 16 90
17 78 52 78
17 79 51 42
17 80 39 32
17 81 45 19
17 82 92 99
17 83 9 25
17 84 32 10
17 85 70 81
17 86 26 100
17 87 34 36
17 88 82 2
17 89 41 31
17 90 4 31
17 91 95 88
17 92 78 42
17 93 93 60
17 94 8 93
17 95 79 45
17 96 49 76
17 97 1 87
17 98 84 57
17 99 60 28
17 100 80 28
18 19 44 26
18 20 46 43
18 21 26 7
18 22 85 22
18 23 41 86
18 24 30 25
18 25 29 36
18 26 64 26
18 27 47 85
18 28 19 69
18 29 56 25
18 30 95 6
18 31 1 98
18 32 1 16
18 33 74 91
18 34 38 75
18 35 81 15
18 36 77 74
18 37 92 57
18 38 93 24
18 39 47 56
18 40 11 34
18 41 26 38
18 42 86 90
18 43 30 1
18 44 88 39
18 45 3 74
18 46 36 67
18 47 41 36
18 48 45 90
18 49 30 84
18 50 42 25
18 51 21 50
18 52 45 79
18 53 19 98
18 54 36 15
18 55 6 38
18 56 84 57
18 57 100 90
18 58 18 10
18 59 63 55
18 60 89 85
18 61 56 12
18 62 87 63
18 63 76 18
18 64 7 82
18 65 55 92
18 66 35 8
18 67 76 20
18 68 2 26
18 69 86 8
18 70 9 4
18 71 20 20
18 72 11 16
18 73 34 83
18 74 91 81
18 75 77 4
18 76 52 6
18 77 23 93
18 78 17 84
18 79 98 95
18 80 14 21
18 81 83 68
18 82 94 97
18 83 25 14
18 84 4 9
18 85 75 11
18 86 68 62
18 87 75 81
18 88 81 12
18 89 100 41
18 90 29 34
18 91 82 71
18 92 6 56
18 93 16 45
18 94 4 60
18 95 35 40
18 96 99 29
18 97 61 17
18 98 26 70
18 99 6 82
18 100 78 87
19 20 85 47
19 21 43 5
19 22 53 89
19 23 82 29
19 24 6 69
19 25 64 36
19 26 4 63
19 27 2 41
19 28 89 16
19 29 95 80
19 30 77 16
19 31 89 25
19 32 32 87
19 33 21 58
19 34 91 95
19 35 99 49
19 36 33 7
19 37 82 94
19 38 89 94
19 39 33 40
19 40 58 25
19 41 40 5
19 42 44 34
19 43 35 18
19 44 45 89
19 45 7 9
19 46 36 99
19 47 97 86
19 48 86 52
19 49 25 31
19 50 40 17
19 51 65 35
19 52 7 100
19 53 24 99
19 54 96 51
19 55 55 51
19 56 5 43
19 57 18 88
19 58 40 11
19 59 97 5
19 60 40 66
19 61 57 7
19 62 94 59
19 63 57 49
19 64 12 98
19 65 71 55
19 66 79 24
19 67 98 80
19 68 63 25
19 69 72 17
19 70 41 43
19 71 21 44
19 72 29 76
19 73 36 34
19 74 10 46
19 75 5 71
19 76 61 13
19 77 25 58
19 78 80 67
19 79 32 41
19 80 16 1
19 81 59 78
19 82 23 88
19 83 43 67
19 84 35 44
19 85 79 38
19 86 94 47
19 87 96 57
19 88 43 42
19 89 16 64
19 90 37 63
19 91 94 55
19 92 33 72
19 93 66 79
19 94 80 56
19 95 89 25
19 96 56 20
19 97 22 45
19 98 83 95
19 99 61 55
19 100 35 32
20 21 54 80
20 22 51 87
20 23 74 19
20 24 41 42
20 25 23 74
20 26 42 39
20 27 17 50
20 28 91 39
20 29 80 74
20 30 73 46
20 31 49 10
20 32 20 75
20 33 46 90
20 34 46 24
20 35 4 88
20 36 79 64
20 37 64 93
20 38 95 62
20 39 17 75
20 40 66 28
20 41 87 24
20 42 64 43
20 43 87 72
20 44 39 69
20 45 22 63
20 46 48 13
20 47 15 42
20 48 70 41
20 49 6 49
20 50 73 85
20 51 97 100
20 52 14 19
20 53 96 30
20 54 89 6
20 55 66 81
20 56 84 77
20 57 68 90
20 58 53 53
20 59 64 18
20 60 31 1
20 61 96 6
20 62 58 81
20 63 53 51
20 64 89 80
20 65 6 39
20 66 47 18
20 67 48 61
20 68 28 40
20 69 48 86
20 70 70 73
20 71 75 86
20 72 42 55
20 73 69 17
20 74 76 13
20 75 58 2
20 76 6 62
20 77 89 86
20 78 84 93
20 79 90 7
20 80 6 17
20 81 36 16
20 82 24 77
20 83 12 12
20 84 18 20
20 85 92 63
20 86 18 23
20 87 56 86
20 88 47 38
20 89 44 50
20 90 60 31
20 91 7 74
20 92 82 50
20 93 43 31
20 94 15 46
20 95 6 21
20 96 80 16
20 97 54 93
20 98 43 79
20 99 61 13
20 100 14 45
21 22 35 75
21 23 79 5
21 24 48 24
21 25 81 34
21 26 12 36
21 27 95 28
21 28 82 23
21 29 83 89
21 30 34 65
21 31 32 29
21 32 68 41
21 33 63 87
21 34 9 39
21 35 86 52
21 36 13 21
21 37 77 64
21 38 3 24
21 39 4 71
21 40 42 49
21 41 98 76
21 42 79 91
21 43 37 21
21 44 18 19
21 45 7 47
21 46 18 37
21 47 91 32
21 48 10 73
21 49 30 2
21 50 51 92
21 51 99 10
21 52 49 25
21 53 4 59
21 54 31 26
21 55 19 7
21 56 68 64
21 57 51 66
21 58 78 54
21 59 69 30
21 60 89 6
21 61 45 72
21 62 11 88
21 63 41 57
21 64 85 27
21 65 90 23
21 66 41 4
21 67 72 17
21 68 51 26
21 69 30 8
21 70 44 84
21 71 22 99
21 72 66 17
21 73 68 77
21 74 45 44
21 75 68 87
21 76 92 11
21 77 40 100
21 78 73 67
21 79 7 90
21 80 27 79
21 81 66 53
21 82 42 6
21 83 86 49
21 84 77 19
21 85 18 29
21 86 35 17
21 87 3 64
21 88 85 90
21 89 78 14
21 90 17 99
21 91 8 82
21 92 57 59
21 93 34 82
21 94 92 28
21 95 81 65
21 96 18 23
21 97 79 78
21 98 66 19
21 99 3 84
21 100 6 56
22 23 41 58
22 24 82 53
22 25 45 63
22 26 65 36
22 27 43 84
22 28 90 39
22 29 50 11
22 30 23 7
22 31 13 83
22 32 77 12
22 33 13 58
22 34 84 18
22 35 76 28
22 36 72 42
22 37 18 68
22 38 43 44
22 39 90 6
22 40 84 63
22 41 54 71
22 42 1 87
22 43 36 48
22 44 41 61
22 45 62 5
22 46 95 37
22 47 51 58
22 48 88 88
22 49 96 3
22 50 76 90
22 51 14 12
22 52 75 75
22 53 94 31
22 54 20 72
22 55 5 43
22 56 63 5
22 57 8 21
22 58 44 72
22 59 50 70
22 60 41 40
22 61 13 72
22 62 89 40
22 63 46 37
22 64 85 99
22 65 89 15
22 66 51 45
22 67 69 15
22 68 44 84
22 69 36 8
22 70 20 12
22 71 96 15
22 72 39 45
22 73 35 80
22 74 6 30
22 75 62 99
22 76 38 55
22 77 4 48
22 78 100 51
22 79 54 74
22 80 36 97
22 81 80 90
22 82 96 56
22 83 74 89
22 84 35 19
22 85 31 74
22 86 99 62
22 87 91 71
22 88 27 58
22 89 23 62
22 90 65 92
22 91 76 84
22 92 39 99
22 93 58 27
22 94 9 42
22 95 50 92
22 96 89 60
22 97 40 69
22 98 36 31
22 99 87 30
22 100 42 24
23 24 6 66
23 25 29 45
23 26 30 22
23 27 49 21
23 28 98 75
23 29 71 47
23 30 63 36
23 31 99 66
23 32 9 57
23 33 3 37
23 34 89 51
23 35 59 78
23 36 95 71
23 37 85 9
23 38 28 51
23 39 52 98
23 40 23 22
23 41 26 60
23 42 42 93
23 43 77 96
23 44 74 33
23 45 15 57
23 46 5 19
23 47 59 57
23 48 34 14
23 49 47 54
23 50 75 72
23 51 92 63
23 52 83 97
23 53 68 71
23 54 7 44
23 55 67 89
23 56 23 70
23 57 13 27
23 58 70 14
23 59 22 33
23 60 65 9
23 61 19 59
23 62 37 1
23 63 87 45
23 64 10 89
23 65 85 45
23 66 63 35
23 67 65 73
23 68 20 82
23 69 3 42
23 70 74 24
23 71 46 2
23 72 44 54
23 73 54 76
23 74 13 87
23 75 78 73
23 76 95 82
23 77 70 69
23 78 19 74
23 79 34 45
23 80 23 11
23 81 50 91
23 82 10 57
23 83 30 56
23 84 26 76
23 85 20 68
23 86 99 45
23 87 65 51
23 88 59 10
23 89 39 14
23 90 91 28
23 91 72 38
23 92 26 57
23 93 49 27
23 94 45 24
23 95 3 48
23 96 76 73
23 97 40 22
23 98 60 48
23 99 100 32
23 100 16 92
24 25 97 31
24 26 100 37
24 27 21 39
24 28 13 3
24 29 90 34
24 30 49 52
24 31 41 9
24 32 62 2
24 33 17 79
24 34 18 89
24 35 10 98
24 36 97 68
24 37 83 53
24 38 38 18
24 39 20 66
24 40 36 41
24 41 78 76
24 42 64 41
24 43 15 8
24 44 8 8
24 45 68 16
24 46 82 90
24 47 78 34
24 48 33 38
24 49 99 67
24 50 1 92
24 51 36 92
24 52 22 14
24 53 56 53
24 54 11 17
24 55 79 29
24 56 16 74
24 57 44 85
24 58 91 58
24 59 28 33
24 60 10 22
24 61 56 65
24 62 10 3
24 63 27 15
24 64 27 46
24 65 76 83
24 66 100 37
24 67 27 21
24 68 66 12
24 69 38 9
24 70 59 27
24 71 98 20
24 72 34 77
24 73 82 13
24 74 66 18
24 75 73 55
24 76 58 49
24 77 49 44
24 78 53 75
24 79 64 65
24 80 82 56
24 81 69 95
24 82 53 54
24 83 79 3
24 84 62 18
24 85 71 28
24 86 21 39
24 87 57 31
24 88 87 51
24 89 8 98
24 90 88 70
24 91 30 5
24 92 87 99
24 93 66 49
24 94 73 97
24 95 23 2
24 96 83 6
24 97 71 100
24 98 35 49
24 99 24 12
24 100 85 30
25 26 99 44
25 27 37 100
25 28 23 61
25 29 96 21
25 30 42 46
25 31 88 27
25 32 82 85
25 33 85 86
25 34 34 9
25 35 77 60
25 36 26 63
25 37 53 42
25 38 26 75
25 39 96 28
25 40 86 8
25 41 58 90
25 42 1 48
25 43 23 43
25 44 14 6
25 45 60 97
25 46 3 75
25 47 79 63
25 48 86 64
25 49 57 10
25 50 42 16
25 51 23 68
25 52 98 49
25 53 54 62
25 54 62 72
25 55 26 13
25 56 47 8
25 57 53 47
25 58 78 65
25 59 41 61
25 60 38 49
25 61 90 14
25 62 69 23
25 63 24 91
25 64 7 53
25 65 75 95
25 66 49 77
25 67 78 30
25 68 40 90
25 69 38 4
25 70 19 71
25 71 33 39
25 72 16 99
25 73 49 35
25 74 44 61
25 75 92 1
25 76 36 96
25 77 20 28
25 78 13 29
25 79 95 75
25 80 53 66
25 81 68 21
25 82 64 67
25 83 18 24
25 84 42 56
25 85 41 80
25 86 2 98
25 87 54 41
25 88 79 81
25 89 48 33
25 90 22 24
25 91 76 35
25 92 57 2
25 93 70 15
25 94 83 79
25 95 23 54
25 96 12 73
25 97 72 94
25 98 34 88
25 99 14 56
25 100 76 33
26 27 32 73
26 28 38 87
26 29 78 7
26 30 23 74
26 31 75 2
26 32 14 74
26 33 62 91
26 34 31 19
26 35 82 5
26 36 6 79
26 37 11 2
26 38 85 23
26 39 60 39
26 40 37 89
26 41 53 38
26 42 27 95
26 43 77 50
26 44 57 94
26 45 79 91
26 46 52 72
26 47 58 8
26 48 15 79
26 49 22 22
26 50 11 12
26 51 14 74
26 52 92 24
26 53 60 35
26 54 19 61
26 55 19 52
26 56 3 62
26 57 76 5
26 58 60 54
26 59 41 29
26 60 19 69
26 61 29 39
26 62 71 12
26 63 33 25
26 64 23 88
26 65 36 55
26 66 29 88
26 67 23 7
26 68 82 59
26 69 71 25
26 70 15 72
26 71 65 21
26 72 82 29
26 73 52 56
26 74 73 8
26 75 27 18
26 76 98 72
26 77 12 80
26 78 27 59
26 79 80 91
26 80 37 91
26 81 44 50
26 82 36 23
26 83 41 56
26 84 51 99
26 85 50 54
26 86 32 33
26 87 51 35
26 88 34 36
26 89 39 4
26 90 100 52
26 91 69 72
26 92 39 7
26 93 61 96
26 94 62 82
26 95 73 18
26 96 12 28
26 97 16 79
26 98 18 18
26 99 73 78
26 100 82 61
27 28 89 36
27 29 29 9
27 30 74 88
27 31 41 76
27 32 46 34
27 33 13 24
27 34 83 61
27 35 57 46
27 36 36 73
27 37 10 5
27 38 28 57
27 39 67 67
27 40 50 31
27 41 78 31
27 42 75 8
27 43 33 93
27 44 25 18
27 45 5 92
27 46 95 22
27 47 21 44
27 48 10 33
27 49 13 73
27 50 56 49
27 51 8 40
27 52 68 33
27 53 47 43
27 54 51 36
27 55 70 15
27 56 16 29
27 57 49 76
27 58 89 85
27 59 90 41
27 60 82 68
27 61 25 39
27 62 22 59
27 63 70 44
27 64 55 27
27 65 42 100
27 66 47 18
27 67 56 49
27 68 34 37
27 69 84 32
27 70 56 96
27 71 12 5
27 72 59 68
27 73 16 71
27 74 41 93
27 75 65 13
27 76 7 23
27 77 67 27
27 78 16 64
27 79 65 23
27 80 54 77
27 81 21 37
27 82 9 11
27 83 88 30
27 84 89 13
27 85 15 22
27 86 5 10
27 87 11 44
27 88 67 97
27 89 71 92
27 90 77 36
27 91 24 2
27 92 7 69
27 93 27 47
27 94 22 79
27 95 22 18
27 96 10 29
27 97 55 47
27 98 66 89
27 99 74 49
27 100 67 68
28 29 30 18
28 30 89 54
28 31 15 64
28 32 87 11
28 33 54 14
28 34 44 6
28 35 69 24
28 36 92 56
28 37 22 10
28 38 63 55
28 39 23 82
28 40 55 38
28 41 94 96
28 42 40 23
28 43 1 7
28 44 47 14
28 45 60 34
28 46 59 39
28 47 17 80
28 48 23 27
28 49 97 78
28 50 73 26
28 51 41 56
28 52 39 82
28 53 47 67
28 54 54 39
28 55 82 52
28 56 41 14
28 57 14 49
28 58 44 48
28 59 97 25
28 60 18 22
28 61 88 65
28 62 44 8
28 63 89 9
28 64 31 49
28 65 56 48
28 66 26 98
28 67 100 50
28 68 43 80
28 69 76 42
28 70 65 85
28 71 74 94
28 72 1 55
28 73 79 49
28 74 88 90
28 75 88 23
28 76 41 51
28 77 40 62
28 78 34 35
28 79 47 26
28 80 33 58
28 81 9 97
28 82 24 30
28 83 42 61
28 84 81 33
28 85 47 19
28 86 61 93
28 87 17 57
28 88 31 22
28 89 12 62
28 90 71 64
28 91 52 69
28 92 79 25
28 93 31 37
28 94 51 56
28 95 47 50
28 96 97 56
28 97 23 45
28 98 39 30
28 99 47 25
28 100 8 17
29 30 7 56
29 31 63 42
29 32 43 70
29 33 67 90
29 34 33 39
29 35 98 98
29 36 96 98
29 37 90 4
29 38 58 46
29 39 88 74
29 40 51 98
29 41 72 8
29 42 83 69
29 43 91 61
29 44 90 69
29 45 15 86
29 46 59 33
29 47 76 74
29 48 95 1
29 49 37 58
29 50 98 33
29 51 10 49
29 52 82 34
29 53 55 47
29 54 39 67
29 55 84 2
29 56 80 82
29 57 13 50
29 58 37 49
29 59 35 95
29 60 65 21
29 61 70 89
29 62 31 62
29 63 96 24
29 64 62 43
29 65 65 47
29 66 19 63
29 67 95 83
29 68 31 82
29 69 60 95
29 70 16 78
29 71 30 20
29 72 55 14
29 73 4 44
29 74 26 44
29 75 30 50
29 76 10 73
29 77 32 41
29 78 49 63
29 79 68 32
29 80 92 84
29 81 36 16
29 82 44 21
29 83 52 87
29 84 82 61
29 85 29 65
29 86 18 43
29 87 32 27
29 88 86 67
29 89 4 51
29 90 98 52
29 91 42 38
29 92 58 57
29 93 87 7
29 94 58 33
29 95 27 48
29 96 63 32
29 97 1 41
29 98 22 96
29 99 35 37
29 100 25 62
30 31 10 26
30 32 19 93
30 33 75 43
30 34 89 15
30 35 68 41
30 36 81 87
30 37 50 41
30 38 72 35
30 39 48 37
30 40 34 14
30 41 37 89
30 42 47 55
30 43 21 91
30 44 48 42
30 45 77 82
30 46 1 93
30 47 84 41
30 48 12 92
30 49 32 41
30 50 31 33
30 51 19 90
30 52 81 4
30 53 92 37
30 54 55 19
30 55 95 13
30 56 29 89
30 57 58 73
30 58 58 76
30 59 97 14
30 60 25 98
30 61 33 44
30 62 80 15
30 63 62 97
30 64 53 40
30 65 37 6
30 66 97 27
30 67 59 32
30 68 32 69
30 69 25 17
30 70 21 77
30 71 48 20
30 72 90 92
30 73 91 88
30 74 17 65
30 75 86 3
30 76 83 33
30 77 57 38
30 78 72 58
30 79 10 58
30 80 92 55
30 81 75 60
30 82 97 57
30 83 45 26
30 84 5 82
30 85 48 97
30 86 86 84
30 87 41 82
30 88 58 34
30 89 72 59
30 90 72 100
30 91 77 95
30 92 19 57
30 93 63 55
30 94 51 27
30 95 32 87
30 96 66 69
30 97 6 48
30 98 43 45
30 99 73 9
30 100 62 86
31 32 2 72
31 33 28 16
31 34 47 94
31 35 55 39
31 36 92 22
31 37 5 67
31 38 33 99
31 39 72 22
31 40 19 5
31 41 47 36
31 42 66 43
31 43 8 9
31 44 48 62
31 45 24 54
31 46 9 50
31 47 37 46
31 48 84 82
31 49 82 16
31 50 43 76
31 51 56 2
31 52 2 26
31 53 75 44
31 54 68 68
31 55 25 16
31 56 74 16
31 57 61 48
31 58 32 67
31 59 44 30
31 60 10 62
31 61 2 21
31 62 57 55
31 63 98 23
31 64 78 81
31 65 85 22
31 66 82 30
31 67 46 92
31 68 10 67
31 69 99 34
31 70 14 98
31 71 29 36
31 72 34 55
31 73 40 91
31 74 55 74
31 75 28 86
31 76 35 57
31 77 93 8
31 78 39 40
31 79 57 85
31 80 62 71
31 81 35 13
31 82 45 90
31 83 25 86
31 84 4 7
31 85 81 10
31 86 75 26
31 87 45 71
31 88 22 63
31 89 81 8
31 90 81 48
31 91 22 81
31 92 15 49
31 93 44 22
31 94 1 79
31 95 25 34
31 96 14 92
31 97 28 82
31 98 1 90
31 99 65 64
31 100 95 89
32 33 13 96
32 34 68 17
32 35 18 51
32 36 48 15
32 37 34 81
32 38 50 62
32 39 72 96
32 40 1 11
32 41 33 88
32 42 90 92
32 43 63 93
32 44 86 56
32 45 91 8
32 46 77 53
32 47 28 55
32 48 21 95
32 49 57 36
32 50 69 48
32 51 7 33
32 52 26 88
32 53 29 58
32 54 100 64
32 55 90 99
32 56 44 44
32 57 64 98
32 58 68 22
32 59 12 43
32 60 57 54
32 61 94 95
32 62 7 44
32 63 23 91
32 64 22 15
32 65 39 87
32 66 23 94
32 67 39 32
32 68 53 93
32 69 81 58
32 70 36 70
32 71 35 67
32 72 29 93
32 73 19 33
32 74 87 79
32 75 71 78
32 76 37 96
32 77 27 91
32 78 89 47
32 79 29 90
32 80 88 82
32 81 53 35
32 82 22 60
32 83 97 21
32 84 14 63
32 85 73 18
32 86 27 83
32 87 93 83
32 88 52 67
32 89 53 44
32 90 51 60
32 91 39 55
32 92 46 13
32 93 6 61
32 94 39 25
32 95 51 97
32 96 33 7
32 97 57 2
32 98 35 9
32 99 74 35
32 100 65 29
33 34 40 53
33 35 36 78
33 36 13 97
33 37 63 7
33 38 90 52
33 39 98 100
33 40 49 1
33 41 73 72
33 42 70 94
33 43 62 13
33 44 13 46
33 45 58 99
33 46 1 68
33 47 79 48
33 48 25 59
33 49 69 18
33 50 26 23
33 51 100 75
33 52 28 99
33 53 64 63
33 54 31 67
33 55 79 15
33 56 60 91
33 57 38 49
33 58 65 93
33 59 4 99
33 60 28 57
33 61 70 90
33 62 54 20
33 63 52 9
33 64 55 47
33 65 65 78
33 66 4 45
33 67 89 49
33 68 29 58
33 69 90 63
33 70 13 37
33 71 21 81
33 72 45 15
33 73 31 72
33 74 44 68
33 75 5 18
33 76 58 41
33 77 34 28
33 78 65 26
33 79 5 53
33 80 100 43
33 81 16 31
33 82 54 46
33 83 52 89
33 84 38 4
33 85 15 34
33 86 34 60
33 87 33 31
33 88 84 24
33 89 84 6
33 90 37 24
33 91 95 23
33 92 41 73
33 93 100 44
33 94 14 6
33 95 43 5
33 96 74 94
33 97 2 48
33 98 57 72
33 99 62 37
33 100 30 86
34 35 71 62
34 36 4 85
34 37 95 78
34 38 13 93
34 39 28 45
34 40 53 11
34 41 57 49
34 42 59 27
34 43 60 69
34 44 70 97
34 45 68 98
34 46 14 48
34 47 92 56
34 48 75 5
34 49 13 99
34 50 28 3
34 51 12 9
34 52 60 80
34 53 5 38
34 54 19 99
34 55 71 83
34 56 84 69
34 57 69 18
34 58 87 48
34 59 22 62
34 60 93 20
34 61 28 94
34 62 69 47
34 63 53 100
34 64 93 86
34 65 54 92
34 66 26 35
34 67 83 96
34 68 89 62
34 69 31 21
34 70 11 62
34 71 51 4
34 72 46 50
34 73 98 16
34 74 71 75
34 75 28 73
34 76 93 75
34 77 80 87
34 78 10 60
34 79 3 26
34 80 20 95
34 81 23 8
34 82 94 38
34 83 63 79
34 84 93 45
34 85 34 74
34 86 46 21
34 87 12 29
34 88 56 78
34 89 96 95
34 90 55 7
34 91 2 6
34 92 76 43
34 93 60 22
34 94 74 50
34 95 89 80
34 96 44 76
34 97 73 74
34 98 44 100
34 99 88 46
34 100 63 26
35 36 76 95
35 37 13 52
35 38 45 72
35 39 49 66
35 40 78 97
35 41 56 56
35 42 90 31
35 43 37 30
35 44 62 27
35 45 37 83
35 46 78 69
35 47 52 60
35 48 65 71
35 49 83 73
35 50 39 5
35 51 65 7
35 52 10 31
35 53 41 26
35 54 51 13
35 55 36 88
35 56 63 62
35 57 20 7
35 58 70 53
35 59 73 18
35 60 9 11
35 61 55 29
35 62 48 28
35 63 11 63
35 64 11 71
35 65 45 92
35 66 57 52
35 67 48 67
35 68 99 80
35 69 53 17
35 70 100 35
35 71 97 79
35 72 76 46
35 73 8 55
35 74 61 72
35 75 56 46
35 76 10 89
35 77 21 38
35 78 84 83
35 79 53 98
35 80 77 7
35 81 23 92
35 82 98 15
35 83 86 72
35 84 27 92
35 85 76 86
35 86 15 64
35 87 52 37
35 88 35 63
35 89 50 41
35 90 96 94
35 91 27 23
35 92 21 42
35 93 17 39
35 94 71 86
35 95 23 24
35 96 3 9
35 97 82 90
35 98 82 87
35 99 29 15
35 100 66 44
36 37 98 38
36 38 1 20
36 39 81 9
36 40 23 38
36 41 19 1
36 42 48 52
36 43 22 94
36 44 53 37
36 45 55 73
36 46 86 15
36 47 88 76
36 48 89 87
36 49 26 98
36 50 45 72
36 51 6 11
36 52 95 37
36 53 17 73
36 54 45 41
36 55 63 73
36 56 61 90
36 57 34 25
36 58 100 95
36 59 18 39
36 60 45 96
36 61 28 63
36 62 24 88
36 63 16 51
36 64 55 57
36 65 50 59
36 66 67 26
36 67 7 73
36 68 20 88
36 69 89 69
36 70 93 79
36 71 38 72
36 72 65 75
36 73 84 24
36 74 87 53
36 75 20 85
36 76 42 41
36 77 39 57
36 78 71 45
36 79 33 27
36 80 60 83
36 81 79 11
36 82 31 60
36 83 62 44
36 84 98 68
36 85 6 48
36 86 83 21
36 87 16 22
36 88 71 79
36 89 23 52
36 90 88 85
36 91 59 16
36 92 29 32
36 93 59 45
36 94 71 6
36 95 62 87
36 96 35 6
36 97 17 40
36 98 39 19
36 99 61 97
36 100 93 67
37 38 14 95
37 39 40 39
37 40 45 84
37 41 37 34
37 42 86 62
37 43 86 69
37 44 37 72
37 45 46 72
37 46 71 87
37 47 72 47
37 48 93 89
37 49 39 77
37 50 71 17
37 51 15 71
37 52 47 47
37 53 14 62
37 54 32 99
37 55 43 31
37 56 24 1
37 57 4 52
37 58 18 12
37 59 55 24
37 60 35 66
37 61 47 13
37 62 5 34
37 63 37 31
37 64 28 26
37 65 82 65
37 66 56 27
37 67 95 86
37 68 32 79
37 69 12 15
37 70 89 29
37 71 77 30
37 72 27 71
37 73 11 70
37 74 69 52
37 75 27 12
37 76 16 39
37 77 100 95
37 78 67 52
37 79 51 93
37 80 42 51
37 81 87 3
37 82 42 99
37 83 52 54
37 84 93 36
37 85 64 69
37 86 40 68
37 87 57 57
37 88 4 17
37 89 79 90
37 90 31 12
37 91 31 12
37 92 96 33
37 93 41 64
37 94 49 21
37 95 85 20
37 96 92 12
37 97 1 46
37 98 88 56
37 99 93 97
37 100 92 70
38 39 91 88
38 40 4 85
38 41 18 7
38 42 22 7
38 43 74 84
38 44 92 36
38 45 44 33
38 46 7 90
38 47 57 79
38 48 40 41
38 49 93 88
38 50 73 5
38 51 27 20
38 52 98 16
38 53 69 14
38 54 1 36
38 55 94 18
38 56 59 28
38 57 10 40
38 58 78 82
38 59 35 59
38 60 12 86
38 61 55 5
38 62 34 4
38 63 31 77
38 64 34 95
38 65 7 86
38 66 15 40
38 67 92 18
38 68 68 91
38 69 94 40
38 70 55 54
38 71 9 14
38 72 4 86
38 73 88 21
38 74 64 81
38 75 9 83
38 76 7 41
38 77 87 18
38 78 41 11
38 79 40 23
38 80 56 3
38 81 26 85
38 82 16 16
38 83 21 43
38 84 36 30
38 85 64 40
38 86 60 64
38 87 5 66
38 88 60 9
38 89 92 53
38 90 6 49
38 91 51 93
38 92 71 61
38 93 79 68
38 94 95 38
38 95 89 7
38 96 88 37
38 97 92 24
38 98 98 42
38 99 57 16
38 100 52 54
39 40 33 66
39 41 23 36
39 42 33 26
39 43 51 77
39 44 43 15
39 45 3 3
39 46 85 47
39 47 31 35
39 48 92 79
39 49 6 90
39 50 27 99
39 51 89 38
39 52 6 76
39 53 53 65
39 54 48 93
39 55 95 73
39 56 17 16
39 57 36 91
39 58 32 4
39 59 88 2
39 60 39 53
39 61 41 5
39 62 18 1
39 63 16 87
39 64 77 12
39 65 23 35
39 66 76 54
39 67 65 27
39 68 89 12
39 69 13 30
39 70 44 29
39 71 46 74
39 72 89 19
39 73 39 35
39 74 53 11
39 75 82 87
39 76 38 53
39 77 53 8
39 78 36 47
39 79 16 60
39 80 47 52
39 81 25 23
39 82 19 54
39 83 62 11
39 84 55 71
39 85 23 3
39 86 98 69
39 87 98 5
39 88 93 73
39 89 18 60
39 90 55 64
39 91 19 67
39 92 61 95
39 93 86 79
39 94 89 38
39 95 76 39
39 96 23 41
39 97 64 30
39 98 80 68
39 99 43 56
39 100 62 80
40 41 41 3
40 42 52 2
40 43 25 37
40 44 91 27
40 45 48 82
40 46 2 6
40 47 37 90
40 48 1 14
40 49 79 16
40 50 3 19
40 51 82 4
40 52 82 66
40 53 94 55
40 54 20 4
40 55 100 73
40 56 59 49
40 57 6 72
40 58 59 64
40 59 42 22
40 60 88 62
40 61 6 33
40 62 65 32
40 63 22 66
40 64 23 92
40 65 39 85
40 66 83 3
40 67 29 65
40 68 94 11
40 69 87 7
40 70 42 47
40 71 96 66
40 72 66 20
40 73 43 32
40 74 93 89
40 75 72 19
40 76 58 42
40 77 41 47
40 78 60 57
40 79 20 18
40 80 73 25
40 81 35 84
40 82 27 16
40 83 70 76
40 84 39 5
40 85 18 98
40 86 1 62
40 87 33 84
40 88 84 37
40 89 34 87
40 90 65 23
40 91 89 67
40 92 27 31
40 93 67 29
40 94 65 77
40 95 86 88
40 96 21 49
40 97 85 70
40 98 98 19
40 99 60 93
40 100 71 7
41 42 56 8
41 43 59 64
41 44 72 75
41 45 76 60
41 46 58 1
41 47 49 59
41 48 100 14
41 49 74 30
41 50 73 45
41 51 47 5
41 52 2 16
41 53 73 97
41 54 28 39
41 55 94 4
41 56 60 55
41 57 39 69
41 58 88 34
41 59 10 91
41 60 17 41
41 61 75 41
41 62 19 95
41 63 19 39
41 64 16 69
41 65 25 39
41 66 87 4
41 67 20 88
41 68 23 45
41 69 75 78
41 70 59 39
41 71 92 26
41 72 74 92
41 73 41 29
41 74 33 19
41 75 96 72
41 76 80 11
41 77 25 49
41 78 32 41
41 79 19 60
41 80 1 100
41 81 76 49
41 82 35 68
41 83 19 19
41 84 39 75
41 85 20 19
41 86 39 97
41 87 63 84
41 88 16 72
41 89 43 98
41 90 31 67
41 91 60 30
41 92 91 2
41 93 4 55
41 94 84 91
41 95 6 58
41 96 23 80
41 97 27 27
41 98 93 61
41 99 25 55
41 100 76 20
42 43 16 95
42 44 32 43
42 45 47 45
42 46 2 7
42 47 77 10
42 48 4 60
42 49 22 91
42 50 32 41
42 51 93 59
42 52 56 91
42 53 53 92
42 54 61 74
42 55 96 93
42 56 34 95
42 57 98 5
42 58 94 62
42 59 36 26
42 60 67 97
42 61 29 97
42 62 63 99
42 63 50 58
42 64 75 41
42 65 94 14
42 66 98 70
42 67 55 58
42 68 37 27
42 69 43 58
42 70 93 56
42 71 60 98
42 72 83 63
42 73 49 50
42 74 40 11
42 75 21 8
42 76 34 79
42 77 11 89
42 78 91 49
42 79 26 14
42 80 73 10
42 81 45 19
42 82 55 58
42 83 15 65
42 84 46 24
42 85 94 96
42 86 77 71
42 87 31 16
42 88 18 13
42 89 37 67
42 90 1 20
42 91 88 73
42 92 82 33
42 93 42 40
42 94 71 18
42 95 75 93
42 96 90 33
42 97 10 79
42 98 75 94
42 99 8 35
42 100 12 87
43 44 96 85
43 45 99 39
43 46 78 81
43 47 96 13
43 48 99 24
43 49 23 57
43 50 98 6
43 51 37 33
43 52 58 16
43 53 49 11
43 54 95 65
43 55 67 26
43 56 14 84
43 57 32 64
43 58 47 20
43 59 1 63
43 60 62 30
43 61 40 36
43 62 38 85
43 63 41 25
43 64 76 9
43 65 81 25
43 66 92 44
43 67 90 44
43 68 73 27
43 69 45 73
43 70 37 79
43 71 15 66
43 72 64 51
43 73 1 37
43 74 77 28
43 75 46 91
43 76 53 47
43 77 9 2
43 78 16 44
43 79 54 24
43 80 50 98
43 81 84 94
43 82 24 22
43 83 42 15
43 84 23 73
43 85 88 71
43 86 35 72
43 87 60 98
43 88 59 73
43 89 81 46
43 90 57 74
43 91 42 30
43 92 21 36
43 93 68 76
43 94 83 82
43 95 33 26
43 96 36 3
43 97 2 35
43 98 74 71
43 99 36 31
43 100 67 10
44 45 65 79
44 46 71 42
44 47 77 68
44 48 63 56
44 49 85 19
44 50 66 8
44 51 64 99
44 52 46 88
44 53 36 95
44 54 11 91
44 55 77 78
44 56 6 66
44 57 99 58
44 58 71 88
44 59 44 14
44 60 88 6
44 61 10 19
44 62 19 2
44 63 27 34
44 64 81 10
44 65 81 69
44 66 99 24
44 67 47 72
44 68 74 30
44 69 36 91
44 70 90 60
44 71 99 16
44 72 8 35
44 73 52 67
44 74 48 26
44 75 44 62
44 76 47 72
44 77 79 11
44 78 49 6
44 79 45 91
44 80 93 92
44 81 23 70
44 82 89 43
44 83 30 69
44 84 86 91
44 85 44 6
44 86 37 89
44 87 73 73
44 88 44 42
44 89 9 67
44 90 85 21
44 91 70 77
44 92 86 34
44 93 95 11
44 94 75 52
44 95 51 77
44 96 96 16
44 97 16 81
44 98 44 58
44 99 43 70
44 100 92 7
45 46 40 88
45 47 89 87
45 48 10 51
45 49 14 73
45 50 92 49
45 51 99 75
45 52 83 82
45 53 49 94
45 54 29 78
45 55 80 98
45 56 93 99
45 57 39 82
45 58 42 47
45 59 9 89
45 60 83 15
45 61 34 51
45 62 73 89
45 63 86 50
45 64 57 69
45 65 55 42
45 66 62 61
45 67 22 81
45 68 1 51
45 69 22 3
45 70 21 19
45 71 22 39
45 72 10 4
45 73 59 39
45 74 73 59
45 75 2 95
45 76 27 9
45 77 85 37
45 78 8 10
45 79 96 41
45 80 90 43
45 81 46 5
45 82 50 14
45 83 53 13
45 84 51 52
45 85 2 71
45 86 48 3
45 87 89 80
45 88 54 100
45 89 61 41
45 90 29 55
45 91 57 62
45 92 69 91
45 93 9 83
45 94 40 50
45 95 10 71
45 96 46 56
45 97 61 86
45 98 92 48
45 99 60 81
45 100 56 7
46 47 30 99
46 48 31 78
46 49 49 30
46 50 53 24
46 51 9 85
46 52 81 4
46 53 88 90
46 54 49 100
46 55 22 98
46 56 39 6
46 57 16 86
46 58 4 55
46 59 41 24
46 60 62 7
46 61 44 42
46 62 85 26
46 63 100 45
46 64 85 62
46 65 90 35
46 66 86 63
46 67 10 50
46 68 77 19
46 69 59 48
46 70 48 69
46 71 69 45
46 72 59 29
46 73 41 10
46 74 23 90
46 75 68 23
46 76 48 46
46 77 50 24
46 78 4 44
46 79 67 78
46 80 37 39
46 81 79 29
46 82 52 49
46 83 95 98
46 84 79 17
46 85 32 70
46 86 3 92
46 87 6 25
46 88 62 43
46 89 39 11
46 90 54 73
46 91 91 23
46 92 5 17
46 93 67 29
46 94 15 56
46 95 28 58
46 96 35 12
46 97 93 60
46 98 7 1
46 99 11 50
46 100 21 82
47 48 9 55
47 49 80 11
47 50 52 27
47 51 81 44
47 52 86 22
47 53 23 67
47 54 78 13
47 55 100 91
47 56 4 34
47 57 60 48
47 58 11 96
47 59 24 96
47 60 85 35
47 61 81 49
47 62 10 14
47 63 94 46
47 64 46 30
47 65 15 63
47 66 66 85
47 67 34 96
47 68 24 67
47 69 91 30
47 70 37 13
47 71 59 15
47 72 24 71
47 73 70 51
47 74 100 3
47 75 26 38
47 76 37 6
47 77 69 3
47 78 25 73
47 79 86 28
47 80 84 72
47 81 86 46
47 82 69 49
47 83 45 65
47 84 11 66
47 85 19 93
47 86 43 98
47 87 40 96
47 88 53 67
47 89 34 7
47 90 47 84
47 91 29 31
47 92 99 8
47 93 11 76
47 94 96 80
47 95 66 46
47 96 52 19
47 97 61 48
47 98 42 19
47 99 11 73
47 100 7 51
48 49 62 11
48 50 77 24
48 51 29 75
48 52 78 61
48 53 83 28
48 54 22 25
48 55 11 8
48 56 61 4
48 57 27 22
48 58 5 83
48 59 9 95
48 60 46 80
48 61 2 88
48 62 90 96
48 63 63 40
48 64 97 7
48 65 70 100
48 66 66 49
48 67 20 74
48 68 36 26
48 69 73 41
48 70 58 55
48 71 35 73
48 72 48 75
48 73 29 17
48 74 65 18
48 75 81 96
48 76 50 12
48 77 34 12
48 78 48 53
48 79 15 20
48 80 9 70
48 81 50 53
48 82 10 78
48 83 24 57
48 84 56 40
48 85 99 3
48 86 47 74
48 87 28 78
48 88 25 27
48 89 76 2
48 90 67 72
48 91 31 60
48 92 71 53
48 93 65 48
48 94 47 35
48 95 79 10
48 96 32 63
48 97 58 96
48 98 12 88
48 99 82 39
48 100 62 88
49 50 27 3
49 51 25 3
49 52 81 66
49 53 46 10
49 54 6 8
49 55 81 12
49 56 83 9
49 57 90 28
49 58 67 52
49 59 40 40
49 60 65 16
49 61 96 54
49 62 94 54
49 63 75 86
49 64 68 93
49 65 50 11
49 66 63 53
49 67 23 96
49 68 27 43
49 69 31 73
49 70 38 78
49 71 36 19
49 72 12 69
49 73 6 31
49 74 67 70
49 75 13 46
49 76 27 55
49 77 90 12
49 78 27 44
49 79 64 57
49 80 52 75
49 81 94 91
49 82 90 8
49 83 70 33
49 84 12 34
49 85 7 88
49 86 16 96
49 87 45 93
49 88 60 76
49 89 31 26
49 90 20 41
49 91 7 23
49 92 63 95
49 93 34 83
49 94 72 61
49 95 29 67
49 96 91 38
49 97 98 98
49 98 58 19
49 99 28 54
49 100 50 39
50 51 35 98
50 52 18 56
50 53 65 28
50 54 100 22
50 55 61 36
50 56 56 93
50 57 68 10
50 58 84 66
50 59 79 44
50 60 65 61
50 61 41 71
50 62 54 73
50 63 26 55
50 64 84 20
50 65 68 22
50 66 82 79
50 67 96 31
50 68 2 24
50 69 58 96
50 70 93 76
50 71 92 39
50 72 4 83
50 73 91 64
50 74 34 80
50 75 86 35
50 76 87 30
50 77 44 50
50 78 14 56
50 79 21 85
50 80 11 22
50 81 3 41
50 82 20 5
50 83 40 28
50 84 90 47
50 85 91 38
50 86 26 17
50 87 62 91
50 88 50 93
50 89 3 34
50 90 79 53
50 91 96 97
50 92 77 70
50 93 31 78
50 94 67 70
50 95 32 88
50 96 73 63
50 97 23 28
50 98 19 37
50 99 25 40
50 100 71 3
51 52 71 93
51 53 48 3
51 54 13 59
51 55 20 26
51 56 78 87
51 57 65 69
51 58 20 7
51 59 73 97
51 60 66 32
51 61 51 36
51 62 70 52
51 63 75 100
51 64 58 5
51 65 66 29
51 66 24 78
51 67 81 41
51 68 98 77
51 69 35 13
51 70 97 6
51 71 10 11
51 72 98 84
51 73 4 22
51 74 41 31
51 75 50 20
51 76 7 17
51 77 97 70
51 78 68 10
51 79 54 51
51 80 55 71
51 81 42 48
51 82 81 31
51 83 53 46
51 84 37 8
51 85 6 79
51 86 64 96
51 87 2 36
51 88 10 84
51 89 8 29
51 90 94 67
51 91 37 88
51 92 12 42
51 93 78 58
51 94 61 17
51 95 80 22
51 96 56 84
51 97 70 27
51 98 44 64
51 99 15 46
51 100 68 60
52 53 76 84
52 54 49 43
52 55 63 55
52 56 3 18
52 57 32 69
52 58 71 28
52 59 48 61
52 60 44 91
52 61 71 46
52 62 89 19
52 63 27 15
52 64 98 64
52 65 49 39
52 66 45 98
52 67 60 22
52 68 22 82
52 69 69 89
52 70 75 91
52 71 90 17
52 72 91 15
52 73 51 4
52 74 17 30
52 75 59 89
52 76 94 52
52 77 75 3
52 78 38 65
52 79 40 100
52 80 95 6
52 81 14 48
52 82 45 96
52 83 91 86
52 84 23 27
52 85 65 54
52 86 22 96
52 87 59 2
52 88 18 63
52 89 71 27
52 90 27 91
52 91 68 99
52 92 88 46
52 93 53 29
52 94 10 46
52 95 95 57
52 96 45 37
52 97 31 47
52 98 30 65
52 99 50 1
52 100 18 4
53 54 10 69
53 55 96 35
53 56 64 78
53 57 100 69
53 58 63 61
53 59 9 41
53 60 36 92
53 61 18 87
53 62 87 82
53 63 15 1
53 64 4 18
53 65 40 26
53 66 88 79
53 67 15 11
53 68 60 45
53 69 77 16
53 70 79 34
53 71 20 80
53 72 29 24
53 73 82 56
53 74 95 98
53 75 54 60
53 76 18 30
53 77 55 76
53 78 91 11
53 79 45 77
53 80 26 57
53 81 38 63
53 82 67 87
53 83 63 12
53 84 8 9
53 85 69 79
53 86 31 46
53 87 22 3
53 88 77 95
53 89 56 56
53 90 54 14
53 91 2 28
53 92 26 52
53 93 46 13
53 94 45 4
53 95 100 57
53 96 77 19
53 97 13 43
53 98 16 47
53 99 97 19
53 100 91 82
54 55 83 38
54 56 72 34
54 57 3 51
54 58 1 20
54 59 99 8
54 60 5 34
54 61 71 59
54 62 90 82
54 63 14 45
54 64 65 34
54 65 62 12
54 66 61 12
54 67 2 90
54 68 77 49
54 69 50 54
54 70 7 8
54 71 46 64
54 72 45 60
54 73 74 83
54 74 55 13
54 75 16 16
54 76 54 27
54 77 91 17
54 78 77 73
54 79 100 38
54 80 57 37
54 81 6 27
54 82 83 86
54 83 77 21
54 84 41 15
54 85 68 69
54 86 27 42
54 87 57 88
54 88 18 2
54 89 51 79
54 90 6 57
54 91 46 98
54 92 32 63
54 93 3 57
54 94 86 57
54 95 31 8
54 96 22 47
54 97 89 29
54 98 42 16
54 99 29 46
54 100 46 35
55 56 96 49
55 57 26 38
55 58 88 40
55 59 35 80
55 60 6 13
55 61 9 79
55 62 88 43
55 63 89 32
55 64 2 45
55 65 58 62
55 66 75 80
55 67 68 96
55 68 82 99
55 69 69 31
55 70 26 43
55 71 58 95
55 72 38 23
55 73 42 62
55 74 13 43
55 75 47 5
55 76 46 75
55 77 60 42
55 78 86 57
55 79 60 17
55 80 60 100
55 81 39 64
55 82 56 91
55 83 97 7
55 84 20 62
55 85 94 5
55 86 30 72
55 87 74 56
55 88 17 93
55 89 55 64
55 90 3 10
55 91 21 77
55 92 63 40
55 93 8 45
55 94 23 13
55 95 45 50
55 96 14 90
55 97 38 65
55 98 90 72
55 99 36 11
55 100 79 92
56 57 11 100
56 58 21 3
56 59 5 44
56 60 87 9
56 61 95 41
56 62 24 61
56 63 5 39
56 64 63 96
56 65 41 53
56 66 1 82
56 67 19 32
56 68 38 28
56 69 22 13
56 70 52 65
56 71 85 83
56 72 83 11
56 73 69 22
56 74 16 33
56 75 85 66
56 76 45 81
56 77 53 62
56 78 94 62
56 79 63 61
56 80 85 64
56 81 92 89
56 82 40 51
56 83 39 6
56 84 87 50
56 85 38 9
56 86 17 68
56 87 43 24
56 88 3 21
56 89 4 34
56 90 53 87
56 91 69 67
56 92 65 46
56 93 93 45
56 94 22 49
56 95 60 58
56 96 14 92
56 97 91 74
56 98 75 79
56 99 73 25
56 100 80 58
57 58 14 32
57 59 48 12
57 60 90 16
57 61 50 16
57 62 26 24
57 63 63 92
57 64 86 24
57 65 25 20
57 66 45 83
57 67 38 38
57 68 76 21
57 69 36 28
57 70 35 39
57 71 70 41
57 72 52 44
57 73 67 28
57 74 86 23
57 75 63 25
57 76 77 63
57 77 22 42
57 78 61 78
57 79 7 5
57 80 48 81
57 81 6 31
57 82 82 36
57 83 75 16
57 84 37 19
57 85 33 4
57 86 33 14
57 87 26 4
57 88 45 7
57 89 34 90
57 90 93 44
57 91 80 13
57 92 66 34
57 93 69 5
57 94 16 71
57 95 47 64
57 96 67 98
57 97 29 29
57 98 62 69
57 99 98 16
57 100 83 25
58 59 64 36
58 60 93 57
58 61 20 81
58 62 62 23
58 63 83 28
58 64 75 53
58 65 73 75
58 66 13 83
58 67 58 81
58 68 13 5
58 69 88 23
58 70 41 25
58 71 65 48
58 72 49 38
58 73 9 92
58 74 18 14
58 75 25 13
58 76 51 37
58 77 48 75
58 78 17 63
58 79 26 16
58 80 89 31
58 81 73 39
58 82 2 37
58 83 13 6
58 84 63 90
58 85 67 60
58 86 13 92
58 87 33 71
58 88 78 13
58 89 29 38
58 90 17 63
58 91 77 95
58 92 15 75
58 93 87 53
58 94 61 68
58 95 44 48
58 96 92 96
58 97 85 51
58 98 11 14
58 99 36 61
58 100 11 37
59 60 86 47
59 61 25 5
59 62 88 85
59 63 56 19
59 64 23 13
59 65 6 14
59 66 71 96
59 67 48 34
59 68 42 12
59 69 25 99
59 70 25 92
59 71 38 7
59 72 86 13
59 73 63 75
59 74 33 95
59 75 92 34
59 76 57 14
59 77 21 35
59 78 1 41
59 79 71 85
59 80 54 95
59 81 84 2
59 82 37 39
59 83 89 28
59 84 64 63
59 85 66 18
59 86 93 50
59 87 12 92
59 88 1 62
59 89 66 49
59 90 18 99
59 91 60 92
59 92 34 69
59 93 14 2
59 94 97 77
59 95 36 82
59 96 51 69
59 97 1 8
59 98 15 13
59 99 83 27
59 100 15 39
60 61 52 14
60 62 8 93
60 63 27 13
60 64 77 77
60 65 68 16
60 66 24 91
60 67 33 61
60 68 86 48
60 69 12 73
60 70 56 50
60 71 31 66
60 72 17 58
60 73 14 73
60 74 16 61
60 75 76 87
60 76 81 56
60 77 21 21
60 78 59 81
60 79 78 14
60 80 39 20
60 81 95 89
60 82 36 90
60 83 28 92
60 84 82 19
60 85 32 75
60 86 77 25
60 87 20 78
60 88 82 68
60 89 96 46
60 90 87 65
60 91 8 85
60 92 29 28
60 93 40 46
60 94 75 35
60 95 52 81
60 96 32 31
60 97 68 91
60 98 58 49
60 99 14 16
60 100 88 55
61 62 27 86
61 63 28 68
61 64 37 23
61 65 81 38
61 66 86 5
61 67 28 53
61 68 96 10
61 69 84 35
61 70 63 65
61 71 62 74
61 72 38 23
61 73 52 73
61 74 45 63
61 75 19 77
61 76 60 95
61 77 19 87
61 78 74 39
61 79 2 45
61 80 51 15
61 81 19 45
61 82 76 97
61 83 58 41
61 84 21 83
61 85 85 26
61 86 84 75
61 87 59 88
61 88 9 67
61 89 44 10
61 90 64 24
61 91 56 75
61 92 70 95
61 93 33 63
61 94 14 65
61 95 47 1
61 96 93 40
61 97 62 45
61 98 49 20
61 99 37 16
61 100 33 71
62 63 42 93
62 64 18 15
62 65 96 4
62 66 38 62
62 67 42 46
62 68 3 28
62 69 25 45
62 70 6 86
62 71 45 39
62 72 34 55
62 73 46 76
62 74 90 58
62 75 26 71
62 76 37 14
62 77 81 29
62 78 41 38
62 79 36 63
62 80 14 19
62 81 95 90
62 82 94 40
62 83 41 92
62 84 84 62
62 85 77 84
62 86 81 81
62 87 19 22
62 88 12 37
62 89 17 99
62 90 64 73
62 91 10 84
62 92 66 17
62 93 27 40
62 94 39 48
62 95 66 60
62 96 51 41
62 97 85 56
62 98 4 87
62 99 88 28
62 100 23 80
63 64 69 56
63 65 43 76
63 66 96 17
63 67 49 81
63 68 80 89
63 69 22 97
63 70 74 5
63 71 29 23
63 72 11 54
63 73 48 92
63 74 85 40
63 75 8 36
63 76 95 46
63 77 13 94
63 78 44 7
63 79 79 87
63 80 25 68
63 81 1 8
63 82 96 30
63 83 53 27
63 84 48 3
63 85 35 36
63 86 41 37
63 87 50 64
63 88 92 76
63 89 40 67
63 90 27 61
63 91 66 87
63 92 23 27
63 93 45 90
63 94 68 64
63 95 27 54
63 96 57 53
63 97 52 7
63 98 27 20
63 99 44 58
63 100 67 1
64 65 68 18
64 66 24 68
64 67 78 78
64 68 35 83
64 69 85 100
64 70 27 45
64 71 21 90
64 72 26 17
64 73 71 30
64 74 15 68
64 75 26 44
64 76 96 29
64 77 34 59
64 78 26 72
64 79 52 30
64 80 49 64
64 81 48 44
64 82 10 25
64 83 70 42
64 84 58 33
64 85 79 56
64 86 64 82
64 87 67 31
64 88 96 67
64 89 88 39
64 90 28 84
64 91 12 59
64 92 78 77
64 93 51 2
64 94 15 45
64 95 59 93
64 96 99 56
64 97 12 4
64 98 56 23
64 99 24 3
64 100 61 7
65 66 82 43
65 67 13 39
65 68 91 46
65 69 25 88
65 70 11 99
65 71 3 71
65 72 70 2
65 73 84 35
65 74 65 65
65 75 88 59
65 76 90 58
65 77 82 29
65 78 9 6
65 79 85 66
65 80 39 41
65 81 2 91
65 82 99 15
65 83 24 51
65 84 1 38
65 85 21 76
65 86 14 59
65 87 7 74
65 88 88 11
65 89 98 3
65 90 9 35
65 91 27 18
65 92 52 44
65 93 61 41
65 94 83 31
65 95 93 85
65 96 57 30
65 97 94 23
65 98 16 49
65 99 75 55
65 100 78 64
66 67 37 10
66 68 25 47
66 69 96 89
66 70 21 54
66 71 48 57
66 72 22 20
66 73 40 10
66 74 12 64
66 75 8 74
66 76 60 19
66 77 9 41
66 78 100 57
66 79 67 7
66 80 95 28
66 81 74 60
66 82 9 90
66 83 64 1
66 84 62 70
66 85 11 26
66 86 80 100
66 87 98 14
66 88 55 35
66 89 40 35
66 90 27 78
66 91 46 25
66 92 78 12
66 93 41 9
66 94 69 67
66 95 78 46
66 96 69 62
66 97 76 77
66 98 75 47
66 99 2 16
66 100 1 48
67 68 17 76
67 69 40 13
67 70 19 80
67 71 98 25
67 72 87 81
67 73 50 98
67 74 14 49
67 75 16 70
67 76 20 28
67 77 63 25
67 78 82 75
67 79 14 15
67 80 50 66
67 81 75 54
67 82 50 93
67 83 84 87
67 84 46 27
67 85 5 81
67 86 48 78
67 87 69 32
67 88 99 21
67 89 76 61
67 90 14 52
67 91 59 8
67 92 50 4
67 93 45 87
67 94 16 89
67 95 43 40
67 96 46 12
67 97 52 26
67 98 53 11
67 99 59 34
67 100 17 16
68 69 44 57
68 70 43 49
68 71 34 52
68 72 20 6
68 73 57 31
68 74 28 99
68 75 56 71
68 76 94 36
68 77 84 9
68 78 96 83
68 79 43 66
68 80 75 46
68 81 95 53
68 82 13 32
68 83 97 54
68 84 62 16
68 85 32 78
68 86 3 80
68 87 69 43
68 88 14 61
68 89 64 56
68 90 84 45
68 91 95 57
68 92 84 29
68 93 29 10
68 94 37 28
68 95 46 45
68 96 29 100
68 97 35 65
68 98 6 59
68 99 73 63
68 100 10 39
69 70 61 74
69 71 76 90
69 72 30 93
69 73 83 58
69 74 62 4
69 75 94 98
69 76 63 94
69 77 86 20
69 78 53 27
69 79 99 89
69 80 23 39
69 81 24 96
69 82 32 5
69 83 28 56
69 84 16 12
69 85 6 96
69 86 23 39
69 87 99 36
69 88 58 75
69 89 59 21
69 90 83 6
69 91 92 31
69 92 89 57
69 93 11 49
69 94 70 8
69 95 45 26
69 96 42 69
69 97 40 44
69 98 93 25
69 99 10 78
69 100 72 29
70 71 27 4
70 72 53 43
70 73 19 46
70 74 18 47
70 75 100 2
70 76 50 69
70 77 56 26
70 78 45 2
70 79 26 48
70 80 71 42
70 81 11 74
70 82 54 62
70 83 18 40
70 84 99 79
70 85 9 64
70 86 87 28
70 87 47 10
70 88 38 62
70 89 35 14
70 90 86 11
70 91 94 29
70 92 78 36
70 93 52 55
70 94 23 15
70 95 65 49
70 96 19 54
70 97 43 29
70 98 61 100
70 99 61 65
70 100 7 97
71 72 13 6
71 73 12 89
71 74 89 90
71 75 2 13
71 76 16 20
71 77 39 14
71 78 99 59
71 79 91 97
71 80 49 25
71 81 71 76
71 82 16 92
71 83 35 88
71 84 64 51
71 85 54 31
71 86 38 5
71 87 78 14
71 88 35 83
71 89 51 1
71 90 49 64
71 91 76 32
71 92 26 20
71 93 60 93
71 94 13 95
71 95 53 99
71 96 8 23
71 97 72 99
71 98 57 31
71 99 32 28
71 100 84 43
72 73 6 78
72 74 80 45
72 75 68 91
72 76 5 14
72 77 42 24
72 78 74 28
72 79 12 75
72 80 82 96
72 81 46 83
72 82 7 80
72 83 49 88
72 84 95 86
72 85 65 63
72 86 37 31
72 87 24 90
72 88 13 59
72 89 40 60
72 90 91 27
72 91 69 81
72 92 61 55
72 93 33 92
72 94 81 57
72 95 16 19
72 96 12 18
72 97 42 52
72 98 63 85
72 99 35 56
72 100 69 5
73 74 31 48
73 75 67 13
73 76 25 46
73 77 98 69
73 78 97 24
73 79 66 33
73 80 96 83
73 81 7 38
73 82 93 51
73 83 85 4
73 84 62 86
73 85 4 5
73 86 24 35
73 87 27 47
73 88 91 24
73 89 59 88
73 90 79 22
73 91 12 53
73 92 75 78
73 93 36 19
73 94 58 11
73 95 97 28
73 96 52 10
73 97 39 2
73 98 62 78
73 99 29 43
73 100 67 65
74 75 70 96
74 76 57 76
74 77 53 75
74 78 32 6
74 79 71 58
74 80 47 12
74 81 93 39
74 82 21 86
74 83 38 68
74 84 74 46
74 85 75 86
74 86 78 43
74 87 28 61
74 88 75 100
74 89 38 9
74 90 22 28
74 91 74 16
74 92 51 61
74 93 35 21
74 94 15 30
74 95 25 29
74 96 49 73
74 97 97 57
74 98 6 48
74 99 51 5
74 100 91 50
75 76 28 15
75 77 16 53
75 78 86 17
75 79 78 39
75 80 91 19
75 81 100 74
75 82 6 2
75 83 81 18
75 84 8 37
75 85 3 31
75 86 23 63
75 87 73 91
75 88 53 4
75 89 62 48
75 90 39 87
75 91 63 21
75 92 78 7
75 93 54 88
75 94 20 30
75 95 97 60
75 96 56 71
75 97 90 28
75 98 41 4
75 99 61 56
75 100 37 56
76 77 39 67
76 78 53 83
76 79 100 59
76 80 97 67
76 81 77 14
76 82 40 27
76 83 100 12
76 84 2 6
76 85 87 48
76 86 90 73
76 87 98 37
76 88 47 25
76 89 8 51
76 90 1 67
76 91 86 78
76 92 93 90
76 93 41 91
76 94 23 47
76 95 28 40
76 96 86 8
76 97 77 38
76 98 82 55
76 99 49 86
76 100 13 41
77 78 33 33
77 79 70 32
77 80 77 86
77 81 60 23
77 82 43 56
77 83 46 73
77 84 91 62
77 85 64 64
77 86 38 86
77 87 44 19
77 88 14 43
77 89 72 32
77 90 7 99
77 91 42 28
77 92 18 43
77 93 60 79
77 94 18 14
77 95 36 43
77 96 14 50
77 97 86 38
77 98 24 51
77 99 81 47
77 100 92 35
78 79 12 54
78 80 17 97
78 81 11 37
78 82 39 16
78 83 72 6
78 84 61 70
78 85 51 79
78 86 83 34
78 87 36 61
78 88 21 5
78 89 76 43
78 90 11 15
78 91 6 5
78 92 73 34
78 93 36 64
78 94 56 66
78 95 30 91
78 96 12 1
78 97 32 99
78 98 73 37
78 99 3 53
78 100 79 71
79 80 66 68
79 81 42 57
79 82 80 38
79 83 63 66
79 84 11 10
79 85 92 59
79 86 55 78
79 87 34 97
79 88 29 76
79 89 82 64
79 90 20 8
79 91 97 68
79 92 14 16
79 93 66 2
79 94 59 61
79 95 79 82
79 96 72 29
79 97 76 39
79 98 88 60
79 99 4 10
79 100 73 7
80 81 87 32
80 82 85 66
80 83 56 90
80 84 76 79
80 85 91 99
80 86 35 8
80 87 96 7
80 88 18 51
80 89 65 74
80 90 28 35
80 91 19 99
80 92 21 52
80 93 84 26
80 94 73 83
80 95 77 5
80 96 6 89
80 97 83 87
80 98 99 64
80 99 10 72
80 100 71 45
81 82 76 43
81 83 94 68
81 84 78 91
81 85 67 31
81 86 13 3
81 87 2 42
81 88 34 49
81 89 55 94
81 90 46 57
81 91 91 11
81 92 39 16
81 93 20 75
81 94 35 44
81 95 79 19
81 96 49 17
81 97 72 46
81 98 18 77
81 99 33 14
81 100 9 92
82 83 79 84
82 84 87 57
82 85 14 35
82 86 98 97
82 87 30 33
82 88 4 51
82 89 49 58
82 90 54 92
82 91 68 6
82 92 88 62
82 93 28 46
82 94 83 100
82 95 29 41
82 96 55 71
82 97 100 36
82 98 48 54
82 99 12 41
82 100 88 85
83 84 92 7
83 85 23 64
83 86 31 21
83 87 15 2
83 88 42 35
83 89 19 97
83 90 92 23
83 91 27 81
83 92 76 33
83 93 89 10
83 94 76 64
83 95 9 66
83 96 35 7
83 97 89 67
83 98 47 35
83 99 90 41
83 100 85 3
84 85 45 70
84 86 69 61
84 87 9 11
84 88 34 58
84 89 25 75
84 90 52 10
84 91 59 27
84 92 63 88
84 93 32 17
84 94 69 52
84 95 8 74
84 96 56 54
84 97 11 34
84 98 78 25
84 99 94 89
84 100 84 20
85 86 12 93
85 87 17 68
85 88 61 95
85 89 11 81
85 90 9 43
85 91 31 59
85 92 78 64
85 93 72 97
85 94 22 87
85 95 93 95
85 96 74 72
85 97 35 14
85 98 43 88
85 99 90 16
85 100 67 71
86 87 29 7
86 88 58 9
86 89 60 27
86 90 1 93
86 91 13 6
86 92 25 68
86 93 9 56
86 94 26 50
86 95 17 66
86 96 58 28
86 97 99 40
86 98 47 31
86 99 8 34
86 100 96 48
87 88 99 56
87 89 44 82
87 90 70 78
87 91 15 100
87 92 82 72
87 93 94 50
87 94 24 35
87 95 23 89
87 96 37 95
87 97 99 71
87 98 70 26
87 99 85 83
87 100 38 43
88 89 98 83
88 90 50 25
88 91 75 68
88 92 42 30
88 93 5 31
88 94 72 48
88 95 47 65
88 96 84 86
88 97 3 94
88 98 38 49
88 99 44 42
88 100 100 19
89 90 8 99
89 91 30 86
89 92 55 71
89 93 96 45
89 94 90 7
89 95 88 28
89 96 43 73
89 97 55 36
89 98 58 79
89 99 24 13
89 100 98 23
90 91 53 40
90 92 82 83
90 93 12 36
90 94 40 85
90 95 92 42
90 96 15 100
90 97 52 3
90 98 53 72
90 99 24 47
90 100 11 39
91 92 33 50
91 93 2 53
91 94 84 36
91 95 15 23
91 96 62 43
91 97 56 97
91 98 63 56
91 99 55 68
91 100 10 44
92 93 97 8
92 94 32 19
92 95 86 71
92 96 45 56
92 97 97 30
92 98 87 65
92 99 84 50
92 100 99 81
93 94 56 16
93 95 67 82
93 96 44 71
93 97 33 17
93 98 30 66
93 99 23 24
93 100 36 63
94 95 78 100
94 96 41 37
94 97 9 90
94 98 66 28
94 99 36 82
94 100 80 94
95 96 44 24
95 97 80 62
95 98 87 5
95 99 25 71
95 100 69 21
96 97 15 53
96 98 84 98
96 99 91 64
96 100 56 73
97 98 97 65
97 99 66 52
97 100 61 2
98 99 64 44
98 100 73 75
99 100 58 54