100
11
11
8
12
16
53
58
26
34
15
86
14
22
64
62
70
56
83
72
90
67
17
76
27
19
71
1 2 100 34
1 3 90 44
1 4 89 1
1 5 13 32
1 6 47 15
1 7 86 71
1 8 12 91
1 9 54 38
1 10 73 21
1 11 34 55
1 12 76 67
1 13 25 21
1 14 45 82
1 15 8 79
1 16 90 68
1 17 13 82
1 18 24 6
1 19 40 51
1 20 63 5
1 21 15 57
1 22 17 74
1 23 7 81
1 24 32 42
1 25 53 34
1 26 35 98
1 27 7 53
1 28 94 44
1 29 66 51
1 30 44 99
1 31 77 38
1 32 85 100
1 33 2 76
1 34 34 61
1 35 55 32
1 36 82 92
1 37 97 16
1 38 58 75
1 39 16 42
1 40 97 44
1 41 2 33
1 42 96 34
1 43 62 67
1 44 63 73
1 45 21 35
1 46 51 93
1 47 78 86
1 48 4 52
1 49 5 40
1 50 31 9
1 51 74 16
1 52 27 39
1 53 55 41
1 54 69 90
1 55 68 37
1 56 91 55
1 57 94 32
1 58 64 88
1 59 70 11
1 60 82 97
1 61 65 88
1 62 33 61
1 63 13 10
1 64 33 70
1 65 81 98
1 66 27 83
1 67 88 19
1 68 38 13
1 69 7 25
1 70 9 46
1 71 29 20
1 72 45 3
1 73 35 14
1 74 10 83
1 75 83 32
1 76 36 83
1 77 2 60
1 78 6 9
1 79 82 11
1 80 71 7
1 81 68 97
1 82 31 30
1 83 83 76
1 84 47 23
1 85 88 84
1 86 25 89
1 87 28 45
1 88 25 21
1 89 13 51
1 90 31 97
1 91 34 73
1 92 79 81
1 93 26 20
1 94 67 26
1 95 88 97
1 96 72 94
1 97 37 65
1 98 84 23
1 99 33 27
1 100 27 68
2 3 48 32
2 4 59 86
2 5 53 36
2 6 20 56
2 7 31 75
2 8 92 30
2 9 27 64
2 10 56 13
2 11 45 23
2 12 26 75
2 13 85 59
2 14 26 39
2 15 10 92
2 16 26 49
2 17 52 63
2 18 79 72
2 19 9 9
2 20 1 76
2 21 66 26
2 22 91 17
2 23 34 26
2 24 37 33
2 25 84 41
2 26 3 82
2 27 79 74
2 28 77 68
2 29 33 66
2 30 12 6
2 31 25 42
2 32 83 11
2 33 48 98
2 34 34 43
2 35 36 14
2 36 20 96
2 37 83 85
2 38 33 86
2 39 10 96
2 40 9 24
2 41 30 88
2 42 57 15
2 43 2 73
2 44 34 14
2 45 34 78
2 46 49 22
2 47 96 21
2 48 10 66
2 49 21 84
2 50 24 38
2 51 96 66
2 52 58 85
2 53 92 47
2 54 14 6
2 55 14 43
2 56 61 13
2 57 77 28
2 58 36 13
2 59 41 74
2 60 36 72
2 61 58 57
2 62 87 60
2 63 34 7
2 64 87 34
2 65 13 41
2 66 56 88
2 67 52 91
2 68 52 19
2 69 83 48
2 70 54 78
2 71 46 33
2 72 59 85
2 73 1 65
2 74 49 67
2 75 30 66
2 76 12 69
2 77 89 99
2 78 64 7
2 79 94 80
2 80 54 86
2 81 41 41
2 82 33 56
2 83 85 63
2 84 83 99
2 85 46 61
2 86 32 64
2 87 85 46
2 88 23 45
2 89 91 13
2 90 90 18
2 91 76 35
2 92 16 92
2 93 100 99
2 94 54 50
2 95 79 46
2 96 33 51
2 97 74 85
2 98 75 19
2 99 78 82
2 100 62 25
3 4 1 56
3 5 2 65
3 6 100 52
3 7 68 1
3 8 32 38
3 9 65 51
3 10 61 74
3 11 88 92
3 12 13 56
3 13 14 49
3 14 50 7
3 15 57 100
3 16 96 99
3 17 17 9
3 18 46 76
3 19 73 75
3 20 48 62
3 21 98 22
3 22 41 34
3 23 16 86
3 24 70 34
3 25 98 19
3 26 71 5
3 27 14 63
3 28 89 2
3 29 46 14
3 30 4 45
3 31 56 40
3 32 37 27
3 33 41 2
3 34 100 43
3 35 19 13
3 36 76 16
3 37 57 69
3 38 20 53
3 39 76 99
3 40 52 43
3 41 97 60
3 42 14 24
3 43 63 9
3 44 23 20
3 45 32 68
3 46 83 69
3 47 12 8
3 48 38 35
3 49 35 42
3 50 15 39
3 51 53 29
3 52 35 97
3 53 68 62
3 54 12 27
3 55 82 88
3 56 48 28
3 57 57 20
3 58 92 59
3 59 78 16
3 60 74 58
3 61 29 56
3 62 80 50
3 63 10 36
3 64 59 94
3 65 30 39
3 66 35 47
3 67 43 29
3 68 61 31
3 69 12 7
3 70 92 79
3 71 49 42
3 72 35 57
3 73 4 66
3 74 58 47
3 75 1 31
3 76 8 54
3 77 77 31
3 78 27 99
3 79 69 85
3 80 75 67
3 81 35 42
3 82 26 98
3 83 76 14
3 84 34 90
3 85 39 86
3 86 54 55
3 87 35 5
3 88 57 63
3 89 38 35
3 90 68 24
3 91 36 65
3 92 46 42
3 93 17 19
3 94 70 44
3 95 70 1
3 96 42 15
3 97 74 16
3 98 90 81
3 99 69 68
3 100 60 15
4 5 62 26
4 6 43 57
4 7 90 63
4 8 93 69
4 9 3 68
4 10 3 80
4 11 61 67
4 12 55 7
4 13 79 15
4 14 27 83
4 15 79 57
4 16 22 3
4 17 45 55
4 18 83 17
4 19 23 85
4 20 49 83
4 21 11 66
4 22 79 64
4 23 82 81
4 24 45 75
4 25 92 91
4 26 29 90
4 27 72 77
4 28 88 87
4 29 40 94
4 30 6 59
4 31 59 57
4 32 71 56
4 33 46 82
4 34 26 80
4 35 36 17
4 36 92 70
4 37 20 51
4 38 16 74
4 39 98 39
4 40 21 87
4 41 54 9
4 42 7 11
4 43 50 81
4 44 40 39
4 45 84 56
4 46 14 28
4 47 10 98
4 48 27 93
4 49 16 27
4 50 94 96
4 51 25 52
4 52 63 73
4 53 69 97
4 54 47 52
4 55 72 52
4 56 18 81
4 57 6 89
4 58 7 61
4 59 65 29
4 60 69 87
4 61 100 8
4 62 14 64
4 63 83 67
4 64 11 74
4 65 36 35
4 66 47 37
4 67 19 69
4 68 15 70
4 69 37 2
4 70 35 94
4 71 27 18
4 72 61 96
4 73 58 62
4 74 95 28
4 75 98 82
4 76 93 67
4 77 9 42
4 78 99 51
4 79 64 6
4 80 14 35
4 81 50 15
4 82 27 60
4 83 7 50
4 84 77 49
4 85 92 63
4 86 16 86
4 87 95 37
4 88 25 76
4 89 66 62
4 90 30 1
4 91 30 53
4 92 76 49
4 93 3 81
4 94 40 1
4 95 99 9
4 96 11 30
4 97 47 42
4 98 45 68
4 99 15 3
4 100 6 82
5 6 58 79
5 7 45 74
5 8 1 83
5 9 27 51
5 10 80 16
5 11 85 73
5 12 30 58
5 13 79 93
5 14 62 66
5 15 51 9
5 16 86 12
5 17 91 48
5 18 61 56
5 19 78 24
5 20 46 68
5 21 78 62
5 22 78 46
5 23 70 48
5 24 37 82
5 25 98 1
5 26 99 45
5 27 11 65
5 28 18 31
5 29 92 21
5 30 78 74
5 31 70 27
5 32 97 52
5 33 78 31
5 34 3 28
5 35 13 4
5 36 7 58
5 37 32 13
5 38 97 29
5 39 29 31
5 40 72 62
5 41 70 49
5 42 13 58
5 43 74 77
5 44 71 63
5 45 14 99
5 46 95 40
5 47 19 47
5 48 54 84
5 49 77 89
5 50 38 53
5 51 59 41
5 52 5 26
5 53 48 37
5 54 65 73
5 55 55 15
5 56 3 19
5 57 54 70
5 58 92 95
5 59 55 67
5 60 93 88
5 61 71 1
5 62 53 24
5 63 93 42
5 64 71 97
5 65 17 40
5 66 13 92
5 67 45 39
5 68 90 83
5 69 64 63
5 70 49 98
5 71 98 79
5 72 60 75
5 73 59 77
5 74 23 40
5 75 20 32
5 76 45 21
5 77 54 76
5 78 80 24
5 79 88 88
5 80 35 5
5 81 95 61
5 82 54 25
5 83 16 64
5 84 90 16
5 85 19 49
5 86 47 88
5 87 64 27
5 88 61 7
5 89 54 86
5 90 15 83
5 91 37 68
5 92 58 70
5 93 20 71
5 94 68 74
5 95 57 38
5 96 32 71
5 97 3 43
5 98 66 9
5 99 46 68
5 100 78 28
6 7 34 26
6 8 15 72
6 9 61 56
6 10 9 92
6 11 29 80
6 12 71 96
6 13 8 87
6 14 47 59
6 15 8 43
6 16 17 87
6 17 51 6
6 18 10 86
6 19 33 39
6 20 7 54
6 21 65 24
6 22 32 78
6 23 44 57
6 24 25 15
6 25 10 32
6 26 42 64
6 27 40 58
6 28 73 64
6 29 74 72
6 30 14 25
6 31 46 66
6 32 59 38
6 33 80 5
6 34 85 81
6 35 42 73
6 36 85 24
6 37 75 40
6 38 51 14
6 39 20 19
6 40 59 95
6 41 16 82
6 42 53 41
6 43 25 78
6 44 32 61
6 45 5 60
6 46 58 100
6 47 82 54
6 48 61 62
6 49 77 96
6 50 79 29
6 51 46 18
6 52 59 16
6 53 72 48
6 54 65 54
6 55 56 31
6 56 55 25
6 57 18 7
6 58 53 34
6 59 42 81
6 60 51 58
6 61 99 69
6 62 97 5
6 63 89 8
6 64 93 59
6 65 15 13
6 66 47 65
6 67 100 60
6 68 67 3
6 69 86 56
6 70 64 65
6 71 30 74
6 72 55 94
6 73 28 24
6 74 26 72
6 75 59 100
6 76 37 30
6 77 27 68
6 78 25 84
6 79 71 32
6 80 22 26
6 81 92 94
6 82 16 27
6 83 6 44
6 84 20 84
6 85 89 41
6 86 71 29
6 87 78 55
6 88 75 86
6 89 71 95
6 90 16 43
6 91 83 79
6 92 80 12
6 93 4 83
6 94 79 17
6 95 87 78
6 96 73 27
6 97 15 37
6 98 86 98
6 99 95 27
6 100 51 41
7 8 66 96
7 9 89 29
7 10 34 86
7 11 94 76
7 12 92 18
7 13 24 39
7 14 10 75
7 15 19 27
7 16 83 8
7 17 61 17
7 18 73 70
7 19 84 4
7 20 13 20
7 21 39 25
7 22 1 37
7 23 14 27
7 24 91 19
7 25 98 6
7 26 78 73
7 27 15 60
7 28 83 23
7 29 37 97
7 30 60 43
7 31 34 75
7 32 84 18
7 33 21 28
7 34 72 57
7 35 92 25
7 36 39 57
7 37 3 78
7 38 94 21
7 39 30 46
7 40 12 16
7 41 30 24
7 42 80 93
7 43 85 86
7 44 14 91
7 45 24 34
7 46 92 36
7 47 47 6
7 48 88 8
7 49 4 55
7 50 21 54
7 51 86 53
7 52 26 66
7 53 6 4
7 54 55 40
7 55 5 10
7 56 64 72
7 57 51 46
7 58 23 81
7 59 37 60
7 60 31 43
7 61 99 87
7 62 91 52
7 63 25 46
7 64 51 100
7 65 25 7
7 66 68 9
7 67 4 99
7 68 2 60
7 69 28 85
7 70 6 49
7 71 92 66
7 72 61 84
7 73 3 28
7 74 31 26
7 75 79 11
7 76 63 89
7 77 12 64
7 78 71 41
7 79 94 82
7 80 61 99
7 81 50 33
7 82 13 40
7 83 81 83
7 84 24 33
7 85 69 32
7 86 41 28
7 87 34 68
7 88 27 25
7 89 46 44
7 90 26 95
7 91 77 45
7 92 85 77
7 93 46 52
7 94 90 67
7 95 58 97
7 96 7 29
7 97 94 64
7 98 8 85
7 99 7 45
7 100 33 72
8 9 20 6
8 10 36 30
8 11 40 1
8 12 18 73
8 13 79 45
8 14 64 34
8 15 35 46
8 16 28 51
8 17 51 75
8 18 54 96
8 19 50 30
8 20 37 18
8 21 17 62
8 22 6 20
8 23 2 8
8 24 82 44
8 25 18 63
8 26 37 24
8 27 95 55
8 28 40 59
8 29 48 80
8 30 82 48
8 31 3 100
8 32 92 69
8 33 28 99
8 34 43 68
8 35 41 99
8 36 38 77
8 37 53 68
8 38 67 16
8 39 9 59
8 40 72 99
8 41 24 37
8 42 69 4
8 43 44 23
8 44 43 34
8 45 37 39
8 46 48 49
8 47 86 19
8 48 14 79
8 49 56 58
8 50 57 22
8 51 80 76
8 52 39 85
8 53 38 15
8 54 76 71
8 55 48 84
8 56 29 29
8 57 19 14
8 58 98 17
8 59 55 42
8 60 37 42
8 61 40 62
8 62 3 57
8 63 39 8
8 64 80 58
8 65 11 50
8 66 39 39
8 67 30 88
8 68 16 83
8 69 66 35
8 70 33 54
8 71 46 62
8 72 1 70
8 73 64 20
8 74 8 97
8 75 36 75
8 76 10 58
8 77 9 72
8 78 28 6
8 79 34 35
8 80 84 23
8 81 49 90
8 82 80 98
8 83 66 84
8 84 13 7
8 85 95 65
8 86 43 72
8 87 80 91
8 88 4 76
8 89 83 14
8 90 52 52
8 91 55 88
8 92 4 99
8 93 78 18
8 94 96 63
8 95 21 33
8 96 68 20
8 97 95 7
8 98 75 58
8 99 13 62
8 100 26 45
9 10 8 98
9 11 34 19
9 12 16 83
9 13 14 33
9 14 21 72
9 15 88 79
9 16 20 66
9 17 25 69
9 18 36 56
9 19 62 75
9 20 62 46
9 21 58 99
9 22 35 14
9 23 78 61
9 24 44 34
9 25 59 45
9 26 82 52
9 27 41 64
9 28 77 61
9 29 2 72
9 30 75 82
9 31 97 35
9 32 12 56
9 33 70 3
9 34 54 13
9 35 97 8
9 36 33 70
9 37 1 76
9 38 16 98
9 39 37 15
9 40 27 19
9 41 42 95
9 42 94 97
9 43 64 62
9 44 74 59
9 45 78 13
9 46 85 98
9 47 93 99
9 48 4 31
9 49 9 87
9 50 19 78
9 51 73 62
9 52 76 43
9 53 59 26
9 54 58 31
9 55 22 66
9 56 20 67
9 57 7 13
9 58 90 53
9 59 63 32
9 60 11 72
9 61 96 100
9 62 13 30
9 63 39 32
9 64 57 3
9 65 13 5
9 66 42 40
9 67 11 49
9 68 97 56
9 69 3 40
9 70 82 76
9 71 77 85
9 72 18 67
9 73 18 44
9 74 35 51
9 75 73 80
9 76 22 50
9 77 15 2
9 78 66 38
9 79 60 73
9 80 84 91
9 81 4 12
9 82 29 31
9 83 2 45
9 84 32 83
9 85 79 11
9 86 100 75
9 87 73 64
9 88 80 71
9 89 83 27
9 90 2 7
9 91 60 93
9 92 38 78
9 93 66 36
9 94 46 68
9 95 94 83
9 96 6 52
9 97 21 45
9 98 77 77
9 99 41 61
9 100 69 85
10 11 1 42
10 12 36 10
10 13 96 10
10 14 41 74
10 15 29 24
10 16 59 44
10 17 77 29
10 18 1 78
10 19 54 21
10 20 45 43
10 21 19 8
10 22 76 2
10 23 72 24
10 24 61 25
10 25 12 2
10 26 95 51
10 27 81 19
10 28 62 58
10 29 97 8
10 30 24 90
10 31 37 18
10 32 3 32
10 33 80 88
10 34 12 86
10 35 94 96
10 36 11 67
10 37 61 4
10 38 85 46
10 39 17 22
10 40 30 27
10 41 7 33
10 42 85 5
10 43 30 6
10 44 21 41
10 45 75 9
10 46 6 65
10 47 71 17
10 48 12 29
10 49 72 51
10 50 95 67
10 51 12 6
10 52 61 80
10 53 50 6
10 54 46 34
10 55 51 28
10 56 2 13
10 57 33 98
10 58 52 51
10 59 54 27
10 60 76 67
10 61 61 95
10 62 64 66
10 63 52 74
10 64 74 93
10 65 9 97
10 66 58 68
10 67 60 12
10 68 38 62
10 69 72 96
10 70 58 82
10 71 87 93
10 72 59 33
10 73 92 48
10 74 26 95
10 75 8 19
10 76 3 4
10 77 90 57
10 78 15 88
10 79 53 8
10 80 80 22
10 81 34 66
10 82 27 77
10 83 34 94
10 84 44 37
10 85 56 60
10 86 1 89
10 87 32 34
10 88 40 9
10 89 75 89
10 90 29 88
10 91 6 78
10 92 4 23
10 93 34 99
10 94 83 45
10 95 70 94
10 96 43 44
10 97 92 93
10 98 52 90
10 99 60 57
10 100 27 95
11 12 54 95
11 13 36 8
11 14 99 14
11 15 83 42
11 16 32 20
11 17 6 85
11 18 40 52
11 19 47 3
11 20 18 2
11 21 77 62
11 22 23 47
11 23 60 98
11 24 36 73
11 25 22 6
11 26 26 91
11 27 72 85
11 28 95 18
11 29 81 80
11 30 55 64
11 31 43 39
11 32 93 89
11 33 69 69
11 34 20 81
11 35 44 35
11 36 4 8
11 37 25 48
11 38 73 25
11 39 3 48
11 40 27 76
11 41 57 99
11 42 10 90
11 43 41 74
11 44 39 20
11 45 6 62
11 46 88 19
11 47 43 16
11 48 58 53
11 49 41 75
11 50 96 16
11 51 46 85
11 52 16 66
11 53 26 62
11 54 5 37
11 55 12 69
11 56 75 5
11 57 25 31
11 58 28 63
11 59 72 50
11 60 61 19
11 61 44 57
11 62 70 42
11 63 56 69
11 64 76 88
11 65 16 78
11 66 17 62
11 67 87 5
11 68 26 67
11 69 77 1
11 70 81 77
11 71 78 9
11 72 91 30
11 73 60 3
11 74 53 92
11 75 10 30
11 76 69 62
11 77 90 92
11 78 90 7
11 79 60 31
11 80 29 98
11 81 45 80
11 82 14 73
11 83 27 98
11 84 74 90
11 85 69 76
11 86 71 8
11 87 25 48
11 88 39 70
11 89 87 75
11 90 23 22
11 91 30 15
11 92 45 18
11 93 40 6
11 94 100 9
11 95 28 31
11 96 86 4
11 97 5 62
11 98 97 1
11 99 39 72
11 100 89 22
12 13 40 71
12 14 90 32
12 15 35 65
12 16 24 23
12 17 68 35
12 18 14 5
12 19 22 13
12 20 31 1
12 21 48 45
12 22 98 45
12 23 94 5
12 24 90 96
12 25 39 100
12 26 48 1
12 27 53 41
12 28 44 55
12 29 97 82
12 30 2 26
12 31 7 71
12 32 84 81
12 33 34 32
12 34 53 52
12 35 91 7
12 36 95 57
12 37 88 39
12 38 9 64
12 39 100 18
12 40 6 77
12 41 89 5
12 42 80 27
12 43 98 11
12 44 88 79
12 45 98 23
12 46 52 65
12 47 50 75
12 48 47 37
12 49 79 13
12 50 89 23
12 51 54 96
12 52 37 98
12 53 7 6
12 54 97 13
12 55 84 12
12 56 69 1
12 57 65 71
12 58 75 83
12 59 14 65
12 60 20 86
12 61 32 29
12 62 54 99
12 63 47 54
12 64 8 9
12 65 19 8
12 66 40 63
12 67 96 12
12 68 34 42
12 69 82 14
12 70 58 46
12 71 66 58
12 72 43 95
12 73 25 57
12 74 70 66
12 75 70 92
12 76 75 83
12 77 34 27
12 78 41 38
12 79 17 94
12 80 94 58
12 81 40 76
12 82 34 16
12 83 18 19
12 84 75 75
12 85 17 82
12 86 84 76
12 87 28 7
12 88 79 39
12 89 79 8
12 90 41 27
12 91 73 60
12 92 71 21
12 93 85 74
12 94 27 45
12 95 23 66
12 96 35 12
12 97 82 37
12 98 40 70
12 99 80 15
12 100 71 35
13 14 65 49
13 15 12 7
13 16 45 93
13 17 68 14
13 18 6 98
13 19 97 6
13 20 20 89
13 21 42 80
13 22 21 59
13 23 45 26
13 24 94 28
13 25 89 14
13 26 38 4
13 27 65 41
13 28 76 36
13 29 47 40
13 30 78 83
13 31 87 54
13 32 70 44
13 33 26 54
13 34 87 59
13 35 10 97
13 36 71 77
13 37 74 29
13 38 43 91
13 39 43 78
13 40 34 76
13 41 79 10
13 42 70 24
13 43 50 4
13 44 60 96
13 45 97 51
13 46 49 64
13 47 90 86
13 48 36 63
13 49 33 7
13 50 86 10
13 51 85 28
13 52 54 30
13 53 59 14
13 54 11 3
13 55 14 59
13 56 17 93
13 57 76 90
13 58 56 54
13 59 87 63
13 60 66 38
13 61 17 30
13 62 70 22
13 63 12 91
13 64 89 19
13 65 72 90
13 66 49 1
13 67 44 74
13 68 2 87
13 69 67 66
13 70 40 5
13 71 91 3
13 72 86 49
13 73 48 75
13 74 58 34
13 75 46 58
13 76 45 71
13 77 5 21
13 78 54 90
13 79 20 41
13 80 83 85
13 81 68 34
13 82 64 82
13 83 97 56
13 84 25 42
13 85 54 68
13 86 51 64
13 87 77 62
13 88 33 46
13 89 14 64
13 90 16 56
13 91 16 8
13 92 46 63
13 93 41 33
13 94 19 96
13 95 35 17
13 96 66 31
13 97 59 29
13 98 18 56
13 99 91 92
13 100 68 94
14 15 47 55
14 16 15 11
14 17 88 13
14 18 76 28
14 19 82 17
14 20 94 21
14 21 8 57
14 22 54 31
14 23 22 49
14 24 6 86
14 25 100 77
14 26 29 75
14 27 61 23
14 28 27 28
14 29 81 38
14 30 39 23
14 31 71 39
14 32 76 96
14 33 79 49
14 34 69 97
14 35 44 49
14 36 97 51
14 37 40 76
14 38 19 79
14 39 58 45
14 40 92 66
14 41 43 28
14 42 84 78
14 43 12 73
14 44 94 38
14 45 30 21
14 46 51 40
14 47 45 48
14 48 6 64
14 49 85 100
14 50 84 31
14 51 34 66
14 52 81 76
14 53 59 37
14 54 60 78
14 55 6 16
14 56 25 63
14 57 76 81
14 58 79 8
14 59 44 77
14 60 14 13
14 61 44 49
14 62 2 64
14 63 42 71
14 64 4 66
14 65 83 47
14 66 35 7
14 67 37 60
14 68 8 58
14 69 45 9
14 70 92 31
14 71 52 3
14 72 25 21
14 73 46 53
14 74 67 86
14 75 19 68
14 76 53 10
14 77 67 99
14 78 36 29
14 79 53 51
14 80 7 15
14 81 59 52
14 82 55 15
14 83 69 77
14 84 64 7
14 85 93 83
14 86 4 67
14 87 8 85
14 88 98 91
14 89 62 84
14 90 11 74
14 91 49 64
14 92 99 17
14 93 56 94
14 94 28 23
14 95 51 54
14 96 69 47
14 97 60 6
14 98 87 32
14 99 79 65
14 100 85 75
15 16 96 30
15 17 98 89
15 18 91 18
15 19 44 55
15 20 96 44
15 21 1 67
15 22 66 66
15 23 67 72
15 24 58 7
15 25 12 37
15 26 17 20
15 27 87 26
15 28 80 63
15 29 47 9
15 30 41 30
15 31 70 2
15 32 25 53
15 33 44 18
15 34 62 97
15 35 62 75
15 36 13 15
15 37 47 16
15 38 62 23
15 39 16 30
15 40 28 5
15 41 53 81
15 42 47 82
15 43 81 61
15 44 3 66
15 45 27 91
15 46 32 73
15 47 95 60
15 48 21 52
15 49 20 31
15 50 29 23
15 51 4 27
15 52 45 25
15 53 8 29
15 54 68 92
15 55 7 66
15 56 48 43
15 57 30 43
15 58 15 37
15 59 41 3
15 60 3 18
15 61 45 31
15 62 69 88
15 63 43 90
15 64 66 99
15 65 58 76
15 66 61 91
15 67 36 28
15 68 33 86
15 69 44 13
15 70 38 92
15 71 11 58
15 72 94 14
15 73 95 59
15 74 53 10
15 75 90 94
15 76 39 7
15 77 10 33
15 78 54 98
15 79 28 28
15 80 16 27
15 81 14 23
15 82 55 99
15 83 18 86
15 84 13 45
15 85 27 75
15 86 54 4
15 87 52 6
15 88 3 5
15 89 24 25
15 90 98 19
15 91 97 34
15 92 70 47
15 93 82 98
15 94 87 88
15 95 66 53
15 96 4 62
15 97 60 100
15 98 59 74
15 99 7 42
15 100 89 66
16 17 21 15
16 18 56 61
16 19 48 80
16 20 63 98
16 21 53 22
16 22 25 52
16 23 38 23
16 24 97 99
16 25 83 33
16 26 76 58
16 27 89 98
16 28 77 10
16 29 65 54
16 30 82 66
16 31 82 82
16 32 87 59
16 33 31 83
16 34 93 28
16 35 35 82
16 36 71 39
16 37 75 29
16 38 11 12
16 39 91 37
16 40 50 87
16 41 42 100
16 42 46 86
16 43 69 88
16 44 84 97
16 45 57 15
16 46 39 80
16 47 62 69
16 48 3 22
16 49 50 50
16 50 7 100
16 51 48 25
16 52 13 53
16 53 71 32
16 54 88 94
16 55 63 77
16 56 38 4
16 57 53 35
16 58 61 41
16 59 95 73
16 60 68 76
16 61 11 44
16 62 35 25
16 63 11 54
16 64 45 34
16 65 5 84
16 66 89 16
16 67 93 53
16 68 60 78
16 69 89 31
16 70 56 80
16 71 91 17
16 72 16 32
16 73 98 96
16 74 22 10
16 75 22 23
16 76 47 34
16 77 67 92
16 78 46 97
16 79 35 75
16 80 5 8
16 81 93 93
16 82 25 27
16 83 57 91
16 84 53 16
16 85 51 79
16 86 49 39
16 87 55 78
16 88 7 28
16 89 97 52
16 90 70 17
16 91 37 96
16 92 68 58
16 93 97 89
16 94 19 98
16 95 22 51
16 96 24 53
16 97 8 10
16 98 55 69
16 99 21 41
16 100 27 45
17 18 21 67
17 19 51 83
17 20 77 15
17 21 18 11
17 22 17 71
17 23 98 65
17 24 1 43
17 25 28 50
17 26 63 95
17 27 87 43
17 28 1 65
17 29 14 95
17 30 53 47
17 31 17 16
17 32 51 94
17 33 99 71
17 34 20 54
17 35 49 81
17 36 76 60
17 37 1 72
17 38 81 37
17 39 86 46
17 40 79 75
17 41 62 40
17 42 54 81
17 43 47 64
17 44 80 30
17 45 80 3
17 46 93 31
17 47 85 34
17 48 74 71
17 49 46 9
17 50 55 40
17 51 73 35
17 52 81 31
17 53 4 61
17 54 38 31
17 55 8 39
17 56 56 13
17 57 63 6
17 58 1 19
17 59 50 43
17 60 23 100
17 61 63 54
17 62 7 70
17 63 76 68
17 64 71 48
17 65 72 23
17 66 99 56
17 67 63 73
17 68 60 49
17 69 38 13
17 70 32 92
17 71 57 47
17 72 6 26
17 73 6 76
17 74 77 60
17 75 18 28
17 76 8 90
17 77 64 68
17 78 47 26
17 79 97 6
17 80 47 49
17 81 23 61
17 82 20 15
17 83 77 17
17 84 95 72
17 85 17 48
17 86 48 38
17 87 5 29
17 88 85 38
17 89 67 83
17 90 80 95
17 91 1 39
17 92 44 56
17 93 14 71
17 94 87 28
17 95 74 63
17 96 59 13
17 97 35 61
17 98 59 37
17 99 57 99
17 100 46 58
18 19 99 7
18 20 31 69
18 21 92 36
18 22 5 32
18 23 56 53
18 24 22 67
18 25 83 92
18 26 91 57
18 27 57 91
18 28 55 6
18 29 96 51
18 30 93 29
18 31 75 25
18 32 4 98
18 33 22 34
18 34 96 11
18 35 30 71
18 36 1 15
18 37 82 5
18 38 39 86
18 39 67 15
18 40 76 22
18 41 55 86
18 42 95 18
18 43 98 18
18 44 56 92
18 45 83 61
18 46 57 38
18 47 82 39
18 48 22 10
18 49 29 14
18 50 34 26
18 51 72 92
18 52 12 59
18 53 46 92
18 54 24 17
18 55 66 92
18 56 34 100
18 57 9 28
18 58 8 35
18 59 100 60
18 60 28 15
18 61 46 12
18 62 61 32
18 63 31 34
18 64 85 10
18 65 18 62
18 66 38 73
18 67 51 78
18 68 54 19
18 69 72 17
18 70 47 75
18 71 34 64
18 72 42 45
18 73 29 74
18 74 1 74
18 75 99 12
18 76 60 93
18 77 97 99
18 78 27 89
18 79 73 86
18 80 39 74
18 81 73 61
18 82 80 80
18 83 11 90
18 84 50 36
18 85 42 21
18 86 52 59
18 87 41 92
18 88 80 31
18 89 50 76
18 90 3 50
18 91 10 91
18 92 63 2
18 93 56 33
18 94 55 25
18 95 4 100
18 96 38 57
18 97 2 34
18 98 2 40
18 99 68 22
18 100 5 9
19 20 49 77
19 21 63 41
19 22 16 92
19 23 57 10
19 24 58 75
19 25 56 86
19 26 11 71
19 27 62 54
19 28 99 68
19 29 43 38
19 30 14 39
19 31 19 95
19 32 99 76
19 33 5 41
19 34 35 9
19 35 70 38
19 36 57 28
19 37 26 42
19 38 22 51
19 39 54 9
19 40 15 75
19 41 13 48
19 42 56 31
19 43 43 28
19 44 72 60
19 45 75 4
19 46 47 37
19 47 73 20
19 48 54 47
19 49 67 88
19 50 14 84
19 51 55 17
19 52 25 78
19 53 94 12
19 54 54 46
19 55 85 48
19 56 48 91
19 57 36 56
19 58 19 57
19 59 58 100
19 60 97 89
19 61 79 54
19 62 50 58
19 63 56 51
19 64 5 93
19 65 99 38
19 66 38 86
19 67 27 67
19 68 89 35
19 69 19 71
19 70 47 57
19 71 40 62
19 72 94 32
19 73 79 21
19 74 59 15
19 75 42 61
19 76 89 46
19 77 31 3
19 78 51 43
19 79 50 39
19 80 72 9
19 81 28 98
19 82 89 25
19 83 54 88
19 84 27 8
19 85 96 16
19 86 28 64
19 87 55 58
19 88 7 62
19 89 20 44
19 90 1 44
19 91 77 17
19 92 89 12
19 93 25 74
19 94 27 4
19 95 91 75
19 96 29 81
19 97 34 31
19 98 20 54
19 99 77 24
19 100 53 88
20 21 47 37
20 22 12 10
20 23 59 13
20 24 87 81
20 25 37 32
20 26 14 28
20 27 73 12
20 28 54 30
20 29 85 65
20 30 56 2
20 31 76 82
20 32 50 25
20 33 54 56
20 34 2 38
20 35 23 4
20 36 1 68
20 37 2 21
20 38 53 44
20 39 41 13
20 40 100 62
20 41 16 100
20 42 55 19
20 43 75 85
20 44 12 31
20 45 92 58
20 46 57 10
20 47 45 6
20 48 67 86
20 49 92 6
20 50 92 49
20 51 64 74
20 52 4 45
20 53 83 76
20 54 62 24
20 55 89 69
20 56 30 32
20 57 73 85
20 58 73 56
20 59 75 60
20 60 99 75
20 61 59 52
20 62 35 88
20 63 80 84
20 64 60 28
20 65 84 2
20 66 72 78
20 67 45 16
20 68 79 93
20 69 60 36
20 70 39 61
20 71 76 62
20 72 35 97
20 73 91 27
20 74 78 95
20 75 10 59
20 76 16 35
20 77 72 3
20 78 73 57
20 79 50 82
20 80 65 3
20 81 7 87
20 82 96 77
20 83 86 30
20 84 64 28
20 85 20 69
20 86 78 91
20 87 52 36
20 88 77 68
20 89 28 74
20 90 4 80
20 91 83 6
20 92 36 61
20 93 80 66
20 94 69 80
20 95 77 81
20 96 14 38
20 97 13 86
20 98 54 16
20 99 75 33
20 100 15 81
21 22 21 92
21 23 15 35
21 24 33 63
21 25 97 89
21 26 16 62
21 27 29 74
21 28 41 70
21 29 17 11
21 30 71 21
21 31 39 96
21 32 31 65
21 33 24 79
21 34 38 54
21 35 38 79
21 36 69 71
21 37 2 10
21 38 55 24
21 39 20 45
21 40 65 60
21 41 33 62
21 42 95 33
21 43 64 16
21 44 36 89
21 45 90 71
21 46 50 69
21 47 41 69
21 48 24 28
21 49 27 81
21 50 84 60
21 51 70 16
21 52 71 22
21 53 23 18
21 54 4 22
21 55 81 92
21 56 45 40
21 57 5 59
21 58 55 69
21 59 97 39
21 60 35 7
21 61 1 59
21 62 44 34
21 63 3 93
21 64 80 33
21 65 97 54
21 66 78 98
21 67 55 69
21 68 48 12
21 69 5 12
21 70 14 84
21 71 55 29
21 72 36 24
21 73 76 26
21 74 21 62
21 75 15 11
21 76 56 31
21 77 55 85
21 78 80 33
21 79 78 80
21 80 54 16
21 81 45 57
21 82 7 53
21 83 69 82
21 84 8 92
21 85 89 39
21 86 67 66
21 87 38 6
21 88 34 88
21 89 27 97
21 90 99 96
21 91 43 82
21 92 92 20
21 93 52 70
21 94 87 79
21 95 12 83
21 96 73 98
21 97 35 38
21 98 50 29
21 99 97 77
21 100 23 59
22 23 89 50
22 24 49 46
22 25 70 19
22 26 71 83
22 27 77 4
22 28 71 52
22 29 33 90
22 30 18 5
22 31 71 52
22 32 77 55
22 33 5 36
22 34 58 3
22 35 67 44
22 36 50 28
22 37 15 6
22 38 83 4
22 39 69 16
22 40 95 78
22 41 40 61
22 42 37 51
22 43 94 100
22 44 80 96
22 45 69 13
22 46 56 38
22 47 81 4
22 48 86 42
22 49 6 13
22 50 28 69
22 51 9 52
22 52 96 62
22 53 71 18
22 54 91 28
22 55 13 18
22 56 92 75
22 57 13 7
22 58 51 5
22 59 14 85
22 60 39 83
22 61 35 80
22 62 49 11
22 63 62 23
22 64 91 56
22 65 73 85
22 66 13 70
22 67 56 35
22 68 75 86
22 69 74 87
22 70 14 33
22 71 93 26
22 72 15 82
22 73 90 26
22 74 97 64
22 75 54 63
22 76 55 100
22 77 96 42
22 78 22 12
22 79 81 46
22 80 69 72
22 81 34 2
22 82 82 70
22 83 33 41
22 84 12 20
22 85 7 78
22 86 10 92
22 87 25 9
22 88 32 92
22 89 63 39
22 90 96 42
22 91 35 65
22 92 73 79
22 93 63 5
22 94 77 62
22 95 62 94
22 96 29 62
22 97 38 95
22 98 56 91
22 99 1 69
22 100 50 30
23 24 85 94
23 25 66 19
23 26 92 85
23 27 61 11
23 28 11 17
23 29 28 77
23 30 31 65
23 31 63 75
23 32 83 66
23 33 60 68
23 34 14 9
23 35 52 86
23 36 25 3
23 37 94 86
23 38 5 26
23 39 37 84
23 40 75 95
23 41 15 68
23 42 86 3
23 43 78 89
23 44 1 14
23 45 40 29
23 46 12 40
23 47 54 40
23 48 15 29
23 49 93 79
23 50 92 38
23 51 51 8
23 52 72 13
23 53 40 75
23 54 11 48
23 55 99 86
23 56 89 92
23 57 15 52
23 58 42 69
23 59 3 83
23 60 89 31
23 61 67 44
23 62 68 15
23 63 89 11
23 64 85 4
23 65 3 49
23 66 5 67
23 67 51 34
23 68 96 88
23 69 49 28
23 70 54 23
23 71 7 84
23 72 15 17
23 73 30 89
23 74 39 77
23 75 66 22
23 76 44 77
23 77 41 35
23 78 63 75
23 79 99 86
23 80 53 59
23 81 71 10
23 82 80 12
23 83 90 20
23 84 36 89
23 85 100 42
23 86 25 90
23 87 82 5
23 88 8 12
23 89 73 9
23 90 26 33
23 91 30 95
23 92 13 7
23 93 76 34
23 94 96 91
23 95 6 15
23 96 20 90
23 97 35 57
23 98 31 71
23 99 94 80
23 100 91 21
24 25 91 87
24 26 71 92
24 27 30 100
24 28 36 51
24 29 55 65
24 30 99 37
24 31 73 76
24 32 2 20
24 33 73 26
24 34 73 30
24 35 28 85
24 36 86 12
24 37 67 18
24 38 83 73
24 39 26 19
24 40 12 84
24 41 81 24
24 42 9 39
24 43 28 63
24 44 54 12
24 45 75 65
24 46 44 23
24 47 77 2
24 48 98 98
24 49 74 27
24 50 98 64
24 51 28 59
24 52 1 5
24 53 16 79
24 54 48 8
24 55 42 7
24 56 13 58
24 57 79 80
24 58 32 11
24 59 26 12
24 60 25 15
24 61 65 93
24 62 66 33
24 63 96 28
24 64 80 31
24 65 25 58
24 66 43 37
24 67 46 91
24 68 59 27
24 69 20 99
24 70 37 78
24 71 58 51
24 72 72 82
24 73 4 61
24 74 64 32
24 75 60 27
24 76 89 46
24 77 36 42
24 78 2 97
24 79 59 26
24 80 13 31
24 81 91 70
24 82 2 23
24 83 82 15
24 84 86 78
24 85 72 83
24 86 20 92
24 87 30 97
24 88 30 19
24 89 31 34
24 90 87 40
24 91 26 65
24 92 85 75
24 93 87 16
24 94 27 22
24 95 85 36
24 96 83 2
24 97 36 98
24 98 77 90
24 99 94 86
24 100 86 92
25 26 10 48
25 27 26 94
25 28 42 41
25 29 78 89
25 30 31 18
25 31 7 82
25 32 49 23
25 33 78 32
25 34 10 5
25 35 87 65
25 36 43 49
25 37 74 32
25 38 3 64
25 39 62 11
25 40 84 81
25 41 68 60
25 42 36 5
25 43 50 69
25 44 1 51
25 45 67 81
25 46 38 23
25 47 14 59
25 48 71 6
25 49 33 74
25 50 78 85
25 51 79 18
25 52 41 21
25 53 75 92
25 54 48 91
25 55 12 59
25 56 17 63
25 57 44 99
25 58 11 38
25 59 69 11
25 60 93 19
25 61 33 32
25 62 23 40
25 63 31 10
25 64 10 60
25 65 66 85
25 66 57 7
25 67 100 88
25 68 76 27
25 69 38 3
25 70 89 29
25 71 14 27
25 72 68 42
25 73 27 55
25 74 3 56
25 75 6 65
25 76 46 93
25 77 41 58
25 78 19 78
25 79 15 29
25 80 26 19
25 81 43 99
25 82 90 88
25 83 39 20
25 84 1 26
25 85 43 32
25 86 33 39
25 87 20 3
25 88 35 47
25 89 43 4
25 90 13 86
25 91 64 35
25 92 65 79
25 93 38 83
25 94 96 21
25 95 17 40
25 96 88 40
25 97 17 32
25 98 67 89
25 99 18 86
25 100 82 25
26 27 69 63
26 28 52 57
26 29 79 40
26 30 50 31
26 31 36 68
26 32 58 52
26 33 94 26
26 34 58 37
26 35 75 8
26 36 12 57
26 37 74 70
26 38 50 24
26 39 100 37
26 40 33 40
26 41 98 82
26 42 97 26
26 43 10 13
26 44 87 23
26 45 72 21
26 46 54 50
26 47 38 89
26 48 65 9
26 49 27 3
26 50 98 36
26 51 14 96
26 52 9 50
26 53 91 30
26 54 13 23
26 55 69 92
26 56 23 51
26 57 23 30
26 58 40 8
26 59 14 60
26 60 47 52
26 61 48 32
26 62 8 68
26 63 82 16
26 64 28 52
26 65 4 23
26 66 14 87
26 67 93 15
26 68 79 38
26 69 62 78
26 70 51 57
26 71 24 77
26 72 16 25
26 73 31 3
26 74 46 57
26 75 20 82
26 76 48 32
26 77 78 5
26 78 62 59
26 79 56 27
26 80 66 69
26 81 1 40
26 82 75 21
26 83 17 93
26 84 23 88
26 85 97 15
26 86 62 91
26 87 1 39
26 88 39 78
26 89 2 26
26 90 68 97
26 91 17 69
26 92 19 84
26 93 40 34
26 94 73 30
26 95 99 81
26 96 91 37
26 97 59 86
26 98 15 49
26 99 77 45
26 100 19 80
27 28 39 65
27 29 72 32
27 30 47 96
27 31 1 68
27 32 68 99
27 33 50 89
27 34 81 81
27 35 92 63
27 36 15 69
27 37 40 54
27 38 11 75
27 39 12 4
27 40 6 82
27 41 59 64
27 42 44 42
27 43 91 35
27 44 85 49
27 45 62 68
27 46 4 25
27 47 82 74
27 48 50 1
27 49 39 86
27 50 93 10
27 51 37 38
27 52 33 53
27 53 37 60
27 54 48 61
27 55 33 64
27 56 21 62
27 57 11 64
27 58 63 39
27 59 56 47
27 60 54 14
27 61 40 80
27 62 40 84
27 63 78 86
27 64 85 51
27 65 96 76
27 66 70 58
27 67 21 52
27 68 65 100
27 69 70 74
27 70 74 88
27 71 25 64
27 72 50 7
27 73 67 74
27 74 77 26
27 75 27 82
27 76 80 77
27 77 9 37
27 78 86 36
27 79 97 20
27 80 77 56
27 81 24 11
27 82 64 27
27 83 49 46
27 84 19 4
27 85 61 2
27 86 100 100
27 87 5 82
27 88 64 64
27 89 59 73
27 90 98 40
27 91 5 29
27 92 15 68
27 93 63 49
27 94 52 66
27 95 88 2
27 96 45 87
27 97 27 61
27 98 85 43
27 99 31 51
27 100 86 6
28 29 64 92
28 30 44 79
28 31 100 37
28 32 34 27
28 33 100 60
28 34 65 38
28 35 55 43
28 36 56 21
28 37 100 10
28 38 99 90
28 39 44 53
28 40 95 6
28 41 54 40
28 42 34 76
28 43 26 40
28 44 57 47
28 45 18 88
28 46 64 97
28 47 28 66
28 48 33 55
28 49 90 65
28 50 66 15
28 51 15 30
28 52 100 91
28 53 12 61
28 54 1 26
28 55 76 24
28 56 12 58
28 57 77 74
28 58 60 52
28 59 62 30
28 60 35 33
28 61 78 17
28 62 38 24
28 63 8 71
28 64 54 98
28 65 94 33
28 66 51 25
28 67 3 74
28 68 74 89
28 69 47 12
28 70 90 52
28 71 16 9
28 72 78 89
28 73 51 40
28 74 2 7
28 75 99 19
28 76 5 34
28 77 1 62
28 78 68 98
28 79 75 45
28 80 41 83
28 81 85 65
28 82 20 21
28 83 10 74
28 84 42 17
28 85 55 94
28 86 27 5
28 87 70 86
28 88 25 33
28 89 1 19
28 90 97 96
28 91 76 37
28 92 74 72
28 93 57 62
28 94 99 94
28 95 73 68
28 96 62 98
28 97 94 81
28 98 68 81
28 99 37 78
28 100 5 31
29 30 63 35
29 31 14 48
29 32 31 19
29 33 12 91
29 34 47 32
29 35 8 41
29 36 20 64
29 37 93 42
29 38 96 26
29 39 88 27
29 40 24 12
29 41 79 55
29 42 78 51
29 43 38 92
29 44 8 87
29 45 24 14
29 46 99 34
29 47 12 68
29 48 81 60
29 49 89 98
29 50 55 76
29 51 80 4
29 52 13 37
29 53 36 54
29 54 78 55
29 55 1 10
29 56 33 21
29 57 39 90
29 58 9 2
29 59 48 35
29 60 4 60
29 61 62 82
29 62 90 84
29 63 24 3
29 64 27 51
29 65 12 91
29 66 94 18
29 67 93 83
29 68 45 65
29 69 94 68
29 70 44 36
29 71 73 56
29 72 4 46
29 73 81 9
29 74 57 87
29 75 27 91
29 76 38 53
29 77 93 94
29 78 2 77
29 79 46 10
29 80 15 17
29 81 83 13
29 82 78 47
29 83 62 50
29 84 20 92
29 85 72 31
29 86 17 7
29 87 64 83
29 88 54 10
29 89 88 10
29 90 27 37
29 91 57 52
29 92 62 63
29 93 31 17
29 94 69 82
29 95 61 87
29 96 41 16
29 97 34 16
29 98 58 44
29 99 65 31
29 100 64 82
30 31 69 62
30 32 100 87
30 33 79 44
30 34 99 52
30 35 70 61
30 36 5 65
30 37 6 30
30 38 33 35
30 39 93 34
30 40 55 46
30 41 84 26
30 42 29 70
30 43 92 29
30 44 57 88
30 45 7 51
30 46 78 86
30 47 50 67
30 48 72 16
30 49 70 34
30 50 71 64
30 51 38 2
30 52 63 91
30 53 24 49
30 54 25 96
30 55 4 67
30 56 73 28
30 57 73 40
30 58 6 18
30 59 84 8
30 60 23 72
30 61 8 24
30 62 74 5
30 63 23 93
30 64 43 44
30 65 80 65
30 66 12 94
30 67 64 62
30 68 56 69
30 69 36 13
30 70 9 90
30 71 56 4
30 72 81 74
30 73 96 94
30 74 38 56
30 75 77 21
30 76 77 71
30 77 34 47
30 78 94 83
30 79 42 35
30 80 27 71
30 81 88 53
30 82 99 76
30 83 1 47
30 84 54 60
30 85 8 18
30 86 29 16
30 87 57 88
30 88 91 53
30 89 75 69
30 90 48 64
30 91 86 92
30 92 78 76
30 93 80 65
30 94 46 95
30 95 38 33
30 96 50 63
30 97 49 9
30 98 89 22
30 99 56 2
30 100 11 51
31 32 95 89
31 33 31 82
31 34 59 46
31 35 76 87
31 36 91 73
31 37 98 39
31 38 33 2
31 39 10 10
31 40 55 27
31 41 51 69
31 42 37 14
31 43 58 19
31 44 65 67
31 45 51 68
31 46 85 45
31 47 18 47
31 48 92 57
31 49 1 62
31 50 66 61
31 51 33 20
31 52 38 77
31 53 72 59
31 54 23 17
31 55 52 61
31 56 51 60
31 57 39 83
31 58 69 31
31 59 47 14
31 60 1 36
31 61 61 23
31 62 79 53
31 63 54 10
31 64 94 67
31 65 3 58
31 66 47 65
31 67 96 60
31 68 25 19
31 69 88 2
31 70 51 55
31 71 37 55
31 72 79 42
31 73 18 3
31 74 93 62
31 75 60 60
31 76 61 55
31 77 76 39
31 78 93 97
31 79 35 94
31 80 24 49
31 81 62 42
31 82 56 69
31 83 10 54
31 84 64 42
31 85 2 23
31 86 94 1
31 87 38 88
31 88 44 21
31 89 3 4
31 90 58 1
31 91 57 35
31 92 17 56
31 93 2 100
31 94 94 90
31 95 7 7
31 96 14 93
31 97 32 72
31 98 50 33
31 99 69 74
31 100 13 26
32 33 6 35
32 34 85 39
32 35 38 4
32 36 87 7
32 37 16 4
32 38 96 45
32 39 78 63
32 40 52 25
32 41 38 27
32 42 6 95
32 43 74 11
32 44 73 99
32 45 88 97
32 46 81 5
32 47 26 89
32 48 85 36
32 49 97 80
32 50 68 32
32 51 68 2
32 52 58 2
32 53 24 56
32 54 76 63
32 55 83 17
32 56 67 54
32 57 73 20
32 58 54 81
32 59 78 6
32 60 74 37
32 61 98 89
32 62 73 16
32 63 89 63
32 64 77 78
32 65 33 87
32 66 51 10
32 67 69 48
32 68 78 42
32 69 14 35
32 70 78 6
32 71 10 16
32 72 49 24
32 73 15 90
32 74 46 34
32 75 44 96
32 76 61 55
32 77 92 27
32 78 42 59
32 79 97 63
32 80 67 77
32 81 19 5
32 82 43 37
32 83 81 54
32 84 44 24
32 85 100 14
32 86 6 90
32 87 58 29
32 88 35 23
32 89 14 18
32 90 99 62
32 91 27 5
32 92 54 33
32 93 73 69
32 94 54 11
32 95 18 10
32 96 92 16
32 97 28 35
32 98 38 5
32 99 47 10
32 100 86 27
33 34 97 12
33 35 6 55
33 36 29 81
33 37 12 8
33 38 60 56
33 39 37 49
33 40 12 94
33 41 71 6
33 42 95 76
33 43 68 32
33 44 57 100
33 45 90 24
33 46 30 86
33 47 17 78
33 48 62 94
33 49 78 36
33 50 6 88
33 51 9 34
33 52 64 63
33 53 78 39
33 54 81 68
33 55 50 69
33 56 85 56
33 57 49 81
33 58 52 37
33 59 74 44
33 60 99 83
33 61 18 26
33 62 95 47
33 63 43 16
33 64 32 90
33 65 26 92
33 66 98 79
33 67 69 97
33 68 38 21
33 69 48 69
33 70 39 1
33 71 7 76
33 72 70 90
33 73 7 55
33 74 90 38
33 75 88 30
33 76 11 62
33 77 83 42
33 78 80 33
33 79 16 32
33 80 44 86
33 81 25 68
33 82 27 64
33 83 90 20
33 84 24 8
33 85 85 11
33 86 56 29
33 87 86 66
33 88 19 43
33 89 25 92
33 90 26 14
33 91 10 90
33 92 27 35
33 93 19 41
33 94 38 79
33 95 90 100
33 96 48 81
33 97 16 88
33 98 1 54
33 99 11 46
33 100 99 54
34 35 42 77
34 36 66 92
34 37 72 64
34 38 73 1
34 39 16 80
34 40 60 23
34 41 46 14
34 42 34 96
34 43 86 50
34 44 40 57
34 45 77 20
34 46 85 100
34 47 39 73
34 48 48 89
34 49 63 27
34 50 19 25
34 51 77 68
34 52 59 20
34 53 81 73
34 54 88 10
34 55 9 41
34 56 77 69
34 57 94 34
34 58 7 42
34 59 41 13
34 60 74 86
34 61 71 78
34 62 82 84
34 63 13 47
34 64 69 32
34 65 33 96
34 66 32 3
34 67 1 39
34 68 82 78
34 69 98 52
34 70 37 96
34 71 81 16
34 72 41 5
34 73 62 40
34 74 69 47
34 75 77 36
34 76 34 24
34 77 90 100
34 78 36 17
34 79 21 32
34 80 9 16
34 81 45 63
34 82 68 56
34 83 75 3
34 84 31 75
34 85 15 30
34 86 19 92
34 87 100 34
34 88 87 6
34 89 87 72
34 90 89 75
34 91 80 20
34 92 17 26
34 93 37 85
34 94 48 89
34 95 16 4
34 96 71 42
34 97 13 57
34 98 23 61
34 99 4 44
34 100 84 12
35 36 51 11
35 37 34 87
35 38 95 54
35 39 19 60
35 40 3 63
35 41 92 8
35 42 29 79
35 43 65 76
35 44 83 10
35 45 42 6
35 46 60 27
35 47 46 52
35 48 76 51
35 49 3 62
35 50 97 24
35 51 51 36
35 52 67 64
35 53 80 84
35 54 39 25
35 55 89 71
35 56 74 83
35 57 35 59
35 58 12 13
35 59 67 44
35 60 98 31
35 61 24 44
35 62 78 5
35 63 92 25
35 64 31 75
35 65 2 93
35 66 83 7
35 67 64 92
35 68 60 32
35 69 17 25
35 70 48 80
35 71 48 2
35 72 33 58
35 73 90 14
35 74 23 14
35 75 57 15
35 76 3 85
35 77 88 95
35 78 89 70
35 79 25 57
35 80 49 48
35 81 55 35
35 82 14 43
35 83 84 28
35 84 45 87
35 85 20 60
35 86 44 2
35 87 29 60
35 88 33 9
35 89 92 60
35 90 18 75
35 91 20 6
35 92 84 87
35 93 67 24
35 94 24 59
35 95 35 49
35 96 85 78
35 97 37 22
35 98 82 29
35 99 63 61
35 100 62 27
36 37 25 82
36 38 46 94
36 39 3 26
36 40 43 29
36 41 59 30
36 42 26 56
36 43 62 70
36 44 87 89
36 45 65 29
36 46 28 81
36 47 8 25
36 48 39 43
36 49 92 100
36 50 4 33
36 51 23 73
36 52 44 65
36 53 8 5
36 54 46 23
36 55 65 58
36 56 30 34
36 57 7 81
36 58 71 16
36 59 66 94
36 60 29 55
36 61 5 80
36 62 6 57
36 63 60 64
36 64 57 23
36 65 60 9
36 66 48 36
36 67 31 72
36 68 42 62
36 69 65 97
36 70 14 32
36 71 100 94
36 72 67 4
36 73 94 5
36 74 94 28
36 75 22 19
36 76 81 76
36 77 22 78
36 78 69 97
36 79 75 15
36 80 59 71
36 81 37 14
36 82 97 78
36 83 95 97
36 84 99 83
36 85 36 25
36 86 22 63
36 87 38 55
36 88 33 66
36 89 66 87
36 90 1 47
36 91 86 92
36 92 20 29
36 93 77 51
36 94 51 87
36 95 26 41
36 96 34 13
36 97 51 32
36 98 50 95
36 99 10 75
36 100 7 34
37 38 87 54
37 39 3 42
37 40 36 17
37 41 54 84
37 42 74 83
37 43 69 69
37 44 93 41
37 45 13 24
37 46 55 41
37 47 60 90
37 48 96 98
37 49 3 66
37 50 39 21
37 51 28 89
37 52 56 79
37 53 4 78
37 54 57 84
37 55 42 73
37 56 56 46
37 57 49 22
37 58 92 51
37 59 70 14
37 60 64 100
37 61 25 84
37 62 58 87
37 63 47 65
37 64 40 21
37 65 64 74
37 66 64 63
37 67 99 22
37 68 42 92
37 69 80 34
37 70 70 73
37 71 91 62
37 72 18 76
37 73 36 26
37 74 36 46
37 75 25 14
37 76 81 17
37 77 65 91
37 78 51 33
37 79 19 29
37 80 85 100
37 81 20 54
37 82 93 89
37 83 23 41
37 84 87 39
37 85 42 54
37 86 98 24
37 87 28 81
37 88 32 84
37 89 57 92
37 90 86 13
37 91 5 15
37 92 40 82
37 93 5 39
37 94 91 42
37 95 99 92
37 96 29 40
37 97 44 74
37 98 81 84
37 99 100 89
37 100 76 59
38 39 43 65
38 40 77 18
38 41 1 15
38 42 66 15
38 43 95 89
38 44 72 41
38 45 83 44
38 46 90 3
38 47 1 35
38 48 43 58
38 49 63 57
38 50 7 1
38 51 46 65
38 52 80 65
38 53 51 10
38 54 6 77
38 55 32 82
38 56 80 88
38 57 7 53
38 58 72 69
38 59 45 11
38 60 3 49
38 61 63 5
38 62 36 90
38 63 23 92
38 64 55 19
38 65 34 51
38 66 5 31
38 67 28 25
38 68 100 86
38 69 16 51
38 70 74 79
38 71 22 13
38 72 16 21
38 73 13 55
38 74 89 61
38 75 100 8
38 76 100 78
38 77 28 31
38 78 16 16
38 79 19 52
38 80 86 79
38 81 29 46
38 82 11 3
38 83 42 26
38 84 90 29
38 85 97 14
38 86 25 17
38 87 96 74
38 88 70 18
38 89 71 93
38 90 9 52
38 91 35 24
38 92 50 5
38 93 4 13
38 94 57 51
38 95 77 13
38 96 56 17
38 97 4 15
38 98 65 16
38 99 33 10
38 100 76 57
39 40 14 10
39 41 21 3
39 42 36 34
39 43 69 41
39 44 32 59
39 45 51 54
39 46 21 7
39 47 40 60
39 48 37 100
39 49 90 3
39 50 20 54
39 51 87 2
39 52 63 45
39 53 29 83
39 54 54 28
39 55 50 78
39 56 85 28
39 57 56 74
39 58 3 67
39 59 67 51
39 60 56 93
39 61 31 66
39 62 91 57
39 63 49 61
39 64 44 96
39 65 17 33
39 66 70 80
39 67 79 89
39 68 85 61
39 69 16 89
39 70 64 73
39 71 97 23
39 72 100 26
39 73 64 73
39 74 52 52
39 75 28 64
39 76 31 57
39 77 19 44
39 78 29 45
39 79 61 63
39 80 59 88
39 81 38 13
39 82 34 79
39 83 10 89
39 84 89 23
39 85 90 18
39 86 50 47
39 87 6 51
39 88 54 8
39 89 50 84
39 90 2 48
39 91 2 29
39 92 43 72
39 93 15 97
39 94 50 93
39 95 85 95
39 96 97 6
39 97 5 88
39 98 72 68
39 99 61 30
39 100 59 87
40 41 59 79
40 42 47 93
40 43 38 9
40 44 54 28
40 45 1 4
40 46 85 76
40 47 5 2
40 48 29 78
40 49 54 43
40 50 79 65
40 51 100 69
40 52 2 11
40 53 89 37
40 54 7 92
40 55 45 88
40 56 88 98
40 57 4 13
40 58 31 55
40 59 68 13
40 60 59 24
40 61 76 86
40 62 97 34
40 63 48 27
40 64 6 73
40 65 85 58
40 66 74 56
40 67 13 86
40 68 80 65
40 69 57 76
40 70 61 80
40 71 17 23
40 72 55 93
40 73 40 100
40 74 94 47
40 75 81 18
40 76 79 47
40 77 69 39
40 78 5 60
40 79 57 49
40 80 10 62
40 81 91 35
40 82 90 94
40 83 49 75
40 84 49 93
40 85 72 51
40 86 74 74
40 87 35 5
40 88 64 41
40 89 79 58
40 90 92 38
40 91 29 90
40 92 7 76
40 93 69 69
40 94 45 85
40 95 14 48
40 96 48 64
40 97 57 91
40 98 94 84
40 99 6 45
40 100 67 26
41 42 75 89
41 43 8 70
41 44 100 40
41 45 10 33
41 46 15 38
41 47 36 18
41 48 66 79
41 49 18 60
41 50 38 11
41 51 20 64
41 52 11 29
41 53 7 51
41 54 47 10
41 55 62 96
41 56 25 65
41 57 57 27
41 58 45 99
41 59 43 33
41 60 14 45
41 61 78 92
41 62 19 14
41 63 7 90
41 64 56 38
41 65 91 16
41 66 41 23
41 67 25 20
41 68 62 27
41 69 61 48
41 70 19 79
41 71 80 97
41 72 47 22
41 73 31 27
41 74 88 50
41 75 58 21
41 76 84 63
41 77 46 14
41 78 98 19
41 79 53 84
41 80 8 65
41 81 89 20
41 82 31 45
41 83 94 36
41 84 27 19
41 85 73 35
41 86 81 54
41 87 2 9
41 88 10 36
41 89 94 13
41 90 100 27
41 91 7 43
41 92 16 83
41 93 24 99
41 94 54 44
41 95 8 47
41 96 69 71
41 97 84 80
41 98 90 58
41 99 71 79
41 100 2 26
42 43 36 59
42 44 72 70
42 45 27 49
42 46 78 79
42 47 91 59
42 48 85 95
42 49 10 93
42 50 48 22
42 51 29 51
42 52 54 49
42 53 99 44
42 54 12 86
42 55 25 12
42 56 9 65
42 57 47 88
42 58 21 65
42 59 88 98
42 60 27 29
42 61 35 44
42 62 10 77
42 63 9 80
42 64 66 51
42 65 92 6
42 66 81 58
42 67 83 80
42 68 98 22
42 69 56 31
42 70 93 82
42 71 99 35
42 72 9 47
42 73 44 44
42 74 92 38
42 75 53 91
42 76 88 81
42 77 53 10
42 78 21 26
42 79 12 69
42 80 87 93
42 81 60 27
42 82 22 100
42 83 48 35
42 84 83 85
42 85 55 80
42 86 62 83
42 87 62 44
42 88 79 80
42 89 26 76
42 90 7 77
42 91 64 13
42 92 36 25
42 93 88 38
42 94 80 51
42 95 83 92
42 96 95 46
42 97 96 54
42 98 88 11
42 99 53 75
42 100 32 90
43 44 94 60
43 45 72 51
43 46 65 69
43 47 48 64
43 48 24 53
43 49 60 36
43 50 16 62
43 51 70 43
43 52 45 49
43 53 92 18
43 54 81 8
43 55 74 76
43 56 79 50
43 57 73 18
43 58 58 63
43 59 31 19
43 60 22 36
43 61 64 27
43 62 14 39
43 63 52 47
43 64 6 5
43 65 75 47
43 66 30 35
43 67 43 53
43 68 6 90
43 69 37 8
43 70 42 83
43 71 42 9
43 72 13 47
43 73 5 10
43 74 32 12
43 75 24 10
43 76 12 73
43 77 34 47
43 78 63 3
43 79 19 93
43 80 22 14
43 81 26 38
43 82 10 97
43 83 84 39
43 84 44 11
43 85 21 51
43 86 93 79
43 87 73 72
43 88 87 5
43 89 3 71
43 90 74 16
43 91 48 85
43 92 98 99
43 93 14 9
43 94 73 77
43 95 66 26
43 96 9 17
43 97 23 82
43 98 32 6
43 99 27 6
43 100 54 79
44 45 33 56
44 46 35 19
44 47 7 33
44 48 17 83
44 49 63 59
44 50 97 6
44 51 25 17
44 52 57 35
44 53 73 10
44 54 28 8
44 55 31 70
44 56 13 7
44 57 69 30
44 58 46 76
44 59 48 1
44 60 81 7
44 61 59 73
44 62 18 82
44 63 89 48
44 64 53 66
44 65 40 73
44 66 54 76
44 67 22 23
44 68 31 70
44 69 9 57
44 70 59 28
44 71 10 21
44 72 61 82
44 73 30 67
44 74 42 99
44 75 41 69
44 76 25 12
44 77 50 70
44 78 82 33
44 79 48 86
44 80 98 13
44 81 84 91
44 82 15 9
44 83 71 88
44 84 54 51
44 85 94 66
44 86 39 7
44 87 59 68
44 88 23 30
44 89 36 74
44 90 12 95
44 91 50 92
44 92 93 48
44 93 48 35
44 94 60 30
44 95 76 93
44 96 49 93
44 97 93 94
44 98 88 35
44 99 49 41
44 100 43 1
45 46 18 95
45 47 95 11
45 48 72 50
45 49 62 91
45 50 71 31
45 51 71 45
45 52 98 34
45 53 43 87
45 54 47 2
45 55 55 3
45 56 42 24
45 57 13 11
45 58 58 34
45 59 42 49
45 60 43 62
45 61 11 61
45 62 70 92
45 63 81 6
45 64 91 68
45 65 57 26
45 66 30 13
45 67 34 10
45 68 19 2
45 69 96 6
45 70 36 51
45 71 52 51
45 72 97 35
45 73 18 16
45 74 78 8
45 75 69 42
45 76 10 30
45 77 92 39
45 78 53 28
45 79 18 66
45 80 67 87
45 81 1 26
45 82 34 42
45 83 100 69
45 84 14 87
45 85 61 34
45 86 78 39
45 87 8 61
45 88 29 20
45 89 15 80
45 90 69 81
45 91 50 70
45 92 59 20
45 93 96 4
45 94 91 90
45 95 96 16
45 96 48 65
45 97 30 18
45 98 34 91
45 99 89 66
45 100 66 83
46 47 65 39
46 48 42 8
46 49 29 54
46 50 16 88
46 51 9 96
46 52 14 34
46 53 82 66
46 54 2 35
46 55 83 19
46 56 94 8
46 57 80 69
46 58 30 77
46 59 86 60
46 60 4 54
46 61 93 72
46 62 75 1
46 63 43 72
46 64 69 26
46 65 78 24
46 66 6 37
46 67 76 97
46 68 60 49
46 69 37 85
46 70 45 26
46 71 38 8
46 72 21 17
46 73 58 1
46 74 42 98
46 75 34 21
46 76 99 96
46 77 95 39
46 78 56 62
46 79 20 12
46 80 71 7
46 81 61 28
46 82 14 20
46 83 85 26
46 84 33 70
46 85 21 76
46 86 81 81
46 87 24 33
46 88 62 81
46 89 21 86
46 90 69 78
46 91 17 79
46 92 43 66
46 93 3 87
46 94 9 1
46 95 63 35
46 96 53 97
46 97 20 38
46 98 86 80
46 99 79 8
46 100 13 11
47 48 95 20
47 49 5 6
47 50 76 43
47 51 89 10
47 52 16 86
47 53 32 57
47 54 23 7
47 55 50 98
47 56 73 45
47 57 37 70
47 58 95 20
47 59 21 49
47 60 85 9
47 61 62 82
47 62 16 28
47 63 31 13
47 64 95 100
47 65 63 8
47 66 84 10
47 67 28 13
47 68 51 2
47 69 80 63
47 70 22 23
47 71 98 92
47 72 98 38
47 73 53 80
47 74 4 60
47 75 40 99
47 76 52 6
47 77 93 69
47 78 64 26
47 79 90 29
47 80 11 68
47 81 78 16
47 82 79 81
47 83 74 63
47 84 72 6
47 85 14 68
47 86 14 87
47 87 26 72
47 88 93 9
47 89 43 4
47 90 92 72
47 91 43 11
47 92 54 22
47 93 83 5
47 94 100 96
47 95 46 81
47 96 41 29
47 97 6 77
47 98 23 88
47 99 81 50
47 100 27 40
48 49 8 42
48 50 76 85
48 51 70 34
48 52 92 90
48 53 79 6
48 54 89 87
48 55 20 74
48 56 24 76
48 57 70 36
48 58 95 24
48 59 58 49
48 60 34 48
48 61 26 29
48 62 19 93
48 63 69 39
48 64 51 28
48 65 1 14
48 66 60 61
48 67 14 12
48 68 66 39
48 69 15 60
48 70 15 79
48 71 71 15
48 72 24 75
48 73 96 41
48 74 54 56
48 75 19 21
48 76 26 76
48 77 13 7
48 78 83 88
48 79 22 17
48 80 98 12
48 81 97 6
48 82 29 59
48 83 44 24
48 84 67 31
48 85 39 9
48 86 22 31
48 87 28 46
48 88 2 81
48 89 21 23
48 90 86 31
48 91 18 23
48 92 30 58
48 93 100 69
48 94 100 21
48 95 8 89
48 96 56 56
48 97 49 38
48 98 46 67
48 99 88 28
48 100 100 96
49 50 47 66
49 51 50 90
49 52 10 88
49 53 50 43
49 54 15 6
49 55 10 85
49 56 20 24
49 57 55 8
49 58 55 75
49 59 56 65
49 60 20 88
49 61 74 48
49 62 54 46
49 63 27 98
49 64 31 75
49 65 17 33
49 66 21 3
49 67 45 60
49 68 37 75
49 69 68 88
49 70 57 68
49 71 91 26
49 72 45 90
49 73 25 22
49 74 82 27
49 75 82 13
49 76 82 48
49 77 44 73
49 78 100 22
49 79 62 26
49 80 32 18
49 81 90 28
49 82 9 95
49 83 54 22
49 84 35 1
49 85 50 34
49 86 80 81
49 87 62 81
49 88 24 67
49 89 2 6
49 90 97 78
49 91 10 53
49 92 73 28
49 93 88 99
49 94 29 57
49 95 18 11
49 96 58 26
49 97 89 66
49 98 100 56
49 99 50 49
49 100 98 99
50 51 43 22
50 52 70 63
50 53 39 8
50 54 15 83
50 55 18 45
50 56 82 67
50 57 60 84
50 58 40 29
50 59 31 75
50 60 75 96
50 61 34 45
50 62 54 29
50 63 33 39
50 64 25 90
50 65 77 26
50 66 7 97
50 67 1 76
50 68 82 8
50 69 93 65
50 70 85 17
50 71 15 75
50 72 45 32
50 73 90 38
50 74 23 4
50 75 8 91
50 76 92 3
50 77 84 30
50 78 39 53
50 79 13 62
50 80 41 29
50 81 80 48
50 82 50 95
50 83 76 39
50 84 9 18
50 85 32 47
50 86 67 41
50 87 21 87
50 88 22 13
50 89 26 64
50 90 92 97
50 91 52 90
50 92 4 14
50 93 44 74
50 94 23 95
50 95 42 43
50 96 41 51
50 97 47 9
50 98 10 37
50 99 29 41
50 100 96 45
51 52 56 75
51 53 47 84
51 54 2 19
51 55 2 54
51 56 78 43
51 57 68 51
51 58 92 48
51 59 21 23
51 60 83 97
51 61 49 38
51 62 90 98
51 63 51 87
51 64 99 54
51 65 30 76
51 66 84 74
51 67 92 57
51 68 36 50
51 69 59 96
51 70 90 84
51 71 60 23
51 72 28 16
51 73 10 56
51 74 5 14
51 75 61 29
51 76 90 87
51 77 5 27
51 78 42 13
51 79 61 5
51 80 81 13
51 81 48 63
51 82 100 84
51 83 60 31
51 84 91 74
51 85 78 35
51 86 74 56
51 87 89 64
51 88 84 70
51 89 23 27
51 90 54 55
51 91 64 93
51 92 48 35
51 93 47 41
51 94 83 2
51 95 42 71
51 96 55 61
51 97 30 69
51 98 67 99
51 99 22 26
51 100 37 51
52 53 7 19
52 54 78 59
52 55 57 45
52 56 99 60
52 57 54 56
52 58 70 43
52 59 81 50
52 60 55 44
52 61 4 77
52 62 66 57
52 63 72 90
52 64 54 73
52 65 9 28
52 66 69 53
52 67 21 52
52 68 88 91
52 69 64 25
52 70 37 29
52 71 83 11
52 72 82 62
52 73 88 66
52 74 64 56
52 75 97 23
52 76 53 41
52 77 12 88
52 78 82 26
52 79 34 60
52 80 92 35
52 81 28 92
52 82 1 52
52 83 27 64
52 84 35 46
52 85 2 39
52 86 31 92
52 87 82 94
52 88 5 7
52 89 91 91
52 90 12 47
52 91 13 76
52 92 85 99
52 93 62 37
52 94 5 64
52 95 87 89
52 96 89 86
52 97 8 100
52 98 87 100
52 99 67 72
52 100 23 9
53 54 71 48
53 55 93 24
53 56 100 77
53 57 35 97
53 58 43 89
53 59 19 35
53 60 56 39
53 61 49 7
53 62 60 1
53 63 55 13
53 64 97 1
53 65 45 43
53 66 83 80
53 67 17 95
53 68 89 10
53 69 83 95
53 70 48 66
53 71 24 33
53 72 53 75
53 73 83 36
53 74 52 14
53 75 14 22
53 76 82 15
53 77 69 58
53 78 23 60
53 79 55 61
53 80 84 74
53 81 76 19
53 82 41 100
53 83 90 40
53 84 63 41
53 85 86 36
53 86 83 53
53 87 59 68
53 88 5 94
53 89 48 42
53 90 78 94
53 91 69 97
53 92 66 27
53 93 72 57
53 94 84 38
53 95 40 87
53 96 46 53
53 97 23 48
53 98 40 2
53 99 70 25
53 100 64 73
54 55 72 46
54 56 45 13
54 57 19 64
54 58 45 84
54 59 39 46
54 60 53 86
54 61 41 1
54 62 7 57
54 63 83 87
54 64 10 43
54 65 76 16
54 66 38 45
54 67 21 61
54 68 22 52
54 69 54 76
54 70 5 58
54 71 38 68
54 72 95 14
54 73 63 50
54 74 24 66
54 75 98 40
54 76 23 69
54 77 40 45
54 78 76 88
54 79 37 48
54 80 5 47
54 81 25 35
54 82 19 55
54 83 28 94
54 84 32 62
54 85 66 32
54 86 97 58
54 87 45 14
54 88 76 69
54 89 30 24
54 90 77 39
54 91 62 39
54 92 78 73
54 93 33 48
54 94 54 30
54 95 69 42
54 96 87 73
54 97 81 26
54 98 30 93
54 99 90 66
54 100 94 30
55 56 3 63
55 57 57 73
55 58 33 4
55 59 89 95
55 60 2 71
55 61 48 83
55 62 17 90
55 63 59 50
55 64 53 55
55 65 10 55
55 66 93 32
55 67 3 61
55 68 26 15
55 69 76 94
55 70 72 28
55 71 67 12
55 72 75 72
55 73 83 68
55 74 47 21
55 75 61 33
55 76 73 50
55 77 34 52
55 78 78 42
55 79 79 39
55 80 83 54
55 81 66 71
55 82 65 83
55 83 64 38
55 84 48 42
55 85 77 9
55 86 60 46
55 87 23 43
55 88 82 19
55 89 22 4
55 90 58 58
55 91 58 71
55 92 51 68
55 93 99 91
55 94 1 49
55 95 20 47
55 96 18 54
55 97 50 36
55 98 7 92
55 99 10 39
55 100 87 19
56 57 87 38
56 58 64 18
56 59 70 47
56 60 47 10
56 61 67 50
56 62 62 46
56 63 25 33
56 64 48 33
56 65 13 37
56 66 47 4
56 67 32 7
56 68 75 7
56 69 76 33
56 70 79 100
56 71 99 65
56 72 44 87
56 73 64 97
56 74 12 55
56 75 82 69
56 76 96 43
56 77 77 92
56 78 37 86
56 79 40 39
56 80 89 86
56 81 70 30
56 82 78 3
56 83 92 40
56 84 60 64
56 85 92 93
56 86 72 90
56 87 99 88
56 88 91 40
56 89 72 16
56 90 50 47
56 91 45 97
56 92 2 45
56 93 17 15
56 94 80 33
56 95 81 62
56 96 46 94
56 97 6 14
56 98 45 27
56 99 12 42
56 100 38 98
57 58 52 34
57 59 26 68
57 60 30 96
57 61 89 1
57 62 91 52
57 63 46 78
57 64 67 43
57 65 80 80
57 66 24 1
57 67 37 48
57 68 57 21
57 69 25 56
57 70 97 80
57 71 15 98
57 72 61 34
57 73 34 100
57 74 77 44
57 75 28 11
57 76 16 33
57 77 86 51
57 78 93 81
57 79 14 40
57 80 38 94
57 81 81 20
57 82 35 2
57 83 54 38
57 84 73 18
57 85 86 21
57 86 29 62
57 87 86 81
57 88 65 40
57 89 94 84
57 90 33 64
57 91 21 56
57 92 16 72
57 93 38 93
57 94 12 10
57 95 10 66
57 96 79 70
57 97 40 82
57 98 23 97
57 99 60 100
57 100 1 97
58 59 58 80
58 60 71 51
58 61 71 23
58 62 96 91
58 63 24 63
58 64 64 39
58 65 26 30
58 66 65 2
58 67 19 39
58 68 69 60
58 69 4 54
58 70 24 81
58 71 61 18
58 72 90 5
58 73 59 19
58 74 31 19
58 75 34 94
58 76 65 87
58 77 69 53
58 78 51 48
58 79 61 4
58 80 19 89
58 81 6 97
58 82 17 85
58 83 85 25
58 84 66 95
58 85 52 42
58 86 63 78
58 87 98 58
58 88 96 84
58 89 98 40
58 90 58 38
58 91 60 30
58 92 71 22
58 93 8 34
58 94 11 92
58 95 78 42
58 96 48 24
58 97 41 55
58 98 87 90
58 99 78 61
58 100 58 31
59 60 35 69
59 61 48 85
59 62 51 100
59 63 57 30
59 64 17 12
59 65 20 63
59 66 61 23
59 67 26 93
59 68 12 19
59 69 50 18
59 70 76 55
59 71 46 71
59 72 7 19
59 73 56 75
59 74 3 92
59 75 33 46
59 76 18 26
59 77 6 93
59 78 50 78
59 79 72 86
59 80 7 70
59 81 66 84
59 82 92 55
59 83 31 38
59 84 40 19
59 85 49 12
59 86 96 95
59 87 86 43
59 88 87 59
59 89 54 51
59 90 48 22
59 91 31 63
59 92 47 73
59 93 99 19
59 94 34 1
59 95 36 23
59 96 71 38
59 97 16 47
59 98 8 39
59 99 91 81
59 100 30 22
60 61 91 34
60 62 22 80
60 63 34 8
60 64 34 15
60 65 54 88
60 66 5 52
60 67 83 36
60 68 78 55
60 69 49 35
60 70 78 71
60 71 98 64
60 72 77 25
60 73 92 30
60 74 87 87
60 75 46 68
60 76 41 12
60 77 38 14
60 78 7 100
60 79 57 11
60 80 99 5
60 81 66 54
60 82 97 24
60 83 21 15
60 84 53 6
60 85 30 63
60 86 5 2
60 87 14 35
60 88 74 64
60 89 91 37
60 90 65 62
60 91 49 55
60 92 20 4
60 93 80 84
60 94 87 53
60 95 25 54
60 96 17 78
60 97 3 73
60 98 51 32
60 99 25 56
60 100 100 49
61 62 27 12
61 63 63 94
61 64 71 72
61 65 3 60
61 66 27 31
61 67 54 73
61 68 73 92
61 69 82 13
61 70 95 68
61 71 47 72
61 72 45 23
61 73 81 81
61 74 54 47
61 75 55 36
61 76 96 29
61 77 4 40
61 78 49 57
61 79 72 15
61 80 68 77
61 81 89 92
61 82 57 5
61 83 26 61
61 84 51 65
61 85 50 52
61 86 78 96
61 87 75 37
61 88 13 41
61 89 4 94
61 90 62 22
61 91 80 70
61 92 10 59
61 93 17 42
61 94 65 9
61 95 25 87
61 96 38 68
61 97 28 69
61 98 89 47
61 99 28 39
61 100 32 28
62 63 21 51
62 64 6 41
62 65 56 41
62 66 90 94
62 67 1 24
62 68 19 64
62 69 6 78
62 70 71 91
62 71 73 82
62 72 31 22
62 73 35 50
62 74 66 75
62 75 15 24
62 76 69 45
62 77 75 52
62 78 41 9
62 79 38 71
62 80 3 23
62 81 78 61
62 82 51 84
62 83 19 2
62 84 7 51
62 85 58 21
62 86 34 78
62 87 20 38
62 88 29 42
62 89 58 66
62 90 78 27
62 91 10 50
62 92 31 47
62 93 12 47
62 94 23 18
62 95 68 43
62 96 69 80
62 97 94 32
62 98 97 94
62 99 11 66
62 100 14 19
63 64 38 86
63 65 81 75
63 66 74 83
63 67 75 85
63 68 10 75
63 69 44 53
63 70 75 70
63 71 82 63
63 72 71 58
63 73 32 31
63 74 53 25
63 75 32 11
63 76 15 22
63 77 36 51
63 78 77 72
63 79 64 57
63 80 59 1
63 81 48 73
63 82 32 66
63 83 14 32
63 84 85 6
63 85 74 91
63 86 20 48
63 87 73 66
63 88 9 14
63 89 94 92
63 90 5 92
63 91 53 48
63 92 49 7
63 93 63 65
63 94 67 27
63 95 55 27
63 96 59 37
63 97 6 4
63 98 51 64
63 99 72 39
63 100 15 48
64 65 25 24
64 66 2 4
64 67 12 30
64 68 56 70
64 69 72 81
64 70 2 92
64 71 52 87
64 72 81 43
64 73 55 93
64 74 44 4
64 75 56 65
64 76 39 83
64 77 4 36
64 78 44 6
64 79 40 67
64 80 93 73
64 81 26 56
64 82 89 17
64 83 1 71
64 84 19 87
64 85 19 4
64 86 37 25
64 87 86 99
64 88 87 1
64 89 45 28
64 90 63 20
64 91 75 93
64 92 10 44
64 93 61 91
64 94 86 21
64 95 71 49
64 96 77 49
64 97 78 1
64 98 98 59
64 99 27 72
64 100 70 4
65 66 32 29
65 67 69 49
65 68 95 67
65 69 53 37
65 70 74 90
65 71 91 49
65 72 93 40
65 73 66 55
65 74 73 46
65 75 22 83
65 76 76 68
65 77 86 1
65 78 37 88
65 79 46 57
65 80 60 6
65 81 5 98
65 82 27 96
65 83 29 8
65 84 80 53
65 85 11 10
65 86 23 95
65 87 52 91
65 88 84 8
65 89 94 7
65 90 3 61
65 91 23 53
65 92 71 53
65 93 84 82
65 94 99 50
65 95 90 3
65 96 5 83
65 97 91 17
65 98 73 77
65 99 12 64
65 100 12 23
66 67 29 34
66 68 9 62
66 69 63 17
66 70 22 41
66 71 99 45
66 72 56 35
66 73 80 14
66 74 82 66
66 75 90 39
66 76 34 87
66 77 44 49
66 78 37 91
66 79 25 13
66 80 79 67
66 81 59 22
66 82 61 57
66 83 38 78
66 84 16 57
66 85 9 16
66 86 24 50
66 87 40 35
66 88 16 66
66 89 6 80
66 90 18 66
66 91 18 88
66 92 18 43
66 93 8 59
66 94 70 42
66 95 43 26
66 96 33 3
66 97 75 1
66 98 9 31
66 99 64 37
66 100 77 39
67 68 21 25
67 69 33 47
67 70 44 2
67 71 7 53
67 72 53 19
67 73 84 33
67 74 34 63
67 75 66 55
67 76 32 2
67 77 34 97
67 78 62 9
67 79 67 11
67 80 47 43
67 81 29 34
67 82 58 81
67 83 52 93
67 84 87 70
67 85 47 2
67 86 35 88
67 87 71 12
67 88 94 58
67 89 83 21
67 90 45 17
67 91 41 97
67 92 19 99
67 93 96 74
67 94 75 78
67 95 71 70
67 96 97 72
67 97 37 37
67 98 88 20
67 99 83 43
67 100 77 18
68 69 49 19
68 70 64 38
68 71 65 20
68 72 75 98
68 73 46 73
68 74 26 73
68 75 52 98
68 76 55 65
68 77 96 18
68 78 93 76
68 79 52 12
68 80 91 44
68 81 3 13
68 82 39 93
68 83 98 33
68 84 20 36
68 85 92 45
68 86 15 63
68 87 72 36
68 88 91 89
68 89 62 96
68 90 74 98
68 91 96 75
68 92 90 97
68 93 53 69
68 94 16 38
68 95 33 64
68 96 30 67
68 97 47 61
68 98 39 89
68 99 12 43
68 100 69 52
69 70 23 69
69 71 61 33
69 72 27 46
69 73 45 84
69 74 79 55
69 75 36 76
69 76 4 4
69 77 8 85
69 78 62 75
69 79 53 30
69 80 19 68
69 81 86 88
69 82 57 96
69 83 54 12
69 84 19 76
69 85 93 53
69 86 97 80
69 87 81 37
69 88 49 82
69 89 22 17
69 90 14 80
69 91 59 96
69 92 65 5
69 93 73 72
69 94 37 40
69 95 72 34
69 96 59 80
69 97 77 64
69 98 63 96
69 99 58 16
69 100 37 77
70 71 53 95
70 72 21 83
70 73 49 34
70 74 8 15
70 75 35 74
70 76 91 55
70 77 87 27
70 78 46 61
70 79 100 47
70 80 29 71
70 81 93 25
70 82 50 74
70 83 14 54
70 84 22 84
70 85 49 61
70 86 52 65
70 87 67 24
70 88 67 67
70 89 45 43
70 90 93 92
70 91 22 42
70 92 74 21
70 93 62 16
70 94 47 53
70 95 76 34
70 96 13 61
70 97 65 11
70 98 52 19
70 99 37 34
70 100 40 65
71 72 5 9
71 73 5 50
71 74 61 50
71 75 84 67
71 76 68 63
71 77 93 76
71 78 89 78
71 79 97 25
71 80 76 97
71 81 16 68
71 82 87 97
71 83 63 58
71 84 9 15
71 85 11 4
71 86 100 46
71 87 64 47
71 88 54 28
71 89 69 57
71 90 49 85
71 91 43 70
71 92 62 22
71 93 53 97
71 94 44 98
71 95 9 61
71 96 67 26
71 97 29 92
71 98 22 77
71 99 84 84
71 100 1 28
72 73 49 95
72 74 17 26
72 75 95 68
72 76 44 13
72 77 1 71
72 78 18 79
72 79 86 16
72 80 94 93
72 81 40 43
72 82 3 4
72 83 66 30
72 84 42 17
72 85 65 85
72 86 26 15
72 87 81 49
72 88 78 61
72 89 14 59
72 90 98 99
72 91 52 57
72 92 74 99
72 93 36 23
72 94 96 69
72 95 89 15
72 96 15 15
72 97 51 76
72 98 44 47
72 99 7 42
72 100 97 94
73 74 44 7
73 75 46 27
73 76 84 11
73 77 50 66
73 78 6 61
73 79 70 81
73 80 41 95
73 81 38 49
73 82 42 30
73 83 76 21
73 84 86 51
73 85 13 5
73 86 35 8
73 87 83 100
73 88 67 79
73 89 21 73
73 90 66 40
73 91 92 76
73 92 46 100
73 93 96 9
73 94 52 26
73 95 62 100
73 96 88 10
73 97 45 27
73 98 37 5
73 99 16 96
73 100 56 63
74 75 7 76
74 76 38 24
74 77 66 42
74 78 38 72
74 79 31 84
74 80 34 19
74 81 27 60
74 82 97 18
74 83 29 8
74 84 17 68
74 85 3 75
74 86 84 1
74 87 43 30
74 88 93 52
74 89 38 69
74 90 58 94
74 91 4 69
74 92 94 26
74 93 76 60
74 94 82 14
74 95 76 81
74 96 88 93
74 97 26 62
74 98 84 87
74 99 56 2
74 100 36 86
75 76 18 44
75 77 31 65
75 78 36 48
75 79 55 39
75 80 58 22
75 81 75 50
75 82 33 67
75 83 44 89
75 84 71 89
75 85 91 9
75 86 56 58
75 87 54 32
75 88 48 85
75 89 89 69
75 90 89 53
75 91 49 60
75 92 57 93
75 93 52 10
75 94 80 68
75 95 43 68
75 96 68 30
75 97 53 90
75 98 24 53
75 99 1 86
75 100 43 99
76 77 66 42
76 78 93 45
76 79 42 50
76 80 100 14
76 81 49 52
76 82 86 92
76 83 45 68
76 84 93 23
76 85 86 78
76 86 16 91
76 87 71 98
76 88 27 84
76 89 34 80
76 90 60 40
76 91 58 65
76 92 91 75
76 93 96 70
76 94 87 14
76 95 37 14
76 96 39 12
76 97 92 14
76 98 47 52
76 99 71 94
76 100 30 17
77 78 36 54
77 79 1 66
77 80 46 51
77 81 50 2
77 82 4 13
77 83 49 4
77 84 48 14
77 85 76 50
77 86 49 7
77 87 49 47
77 88 92 100
77 89 66 5
77 90 29 43
77 91 27 88
77 92 57 8
77 93 12 64
77 94 91 44
77 95 9 11
77 96 94 2
77 97 72 31
77 98 66 5
77 99 10 95
77 100 68 60
78 79 33 85
78 80 30 1
78 81 12 7
78 82 75 82
78 83 89 52
78 84 31 74
78 85 23 88
78 86 73 36
78 87 72 89
78 88 84 68
78 89 16 97
78 90 34 65
78 91 21 17
78 92 91 56
78 93 1 99
78 94 85 67
78 95 67 61
78 96 73 75
78 97 84 53
78 98 47 64
78 99 14 59
78 100 61 66
79 80 1 55
79 81 39 58
79 82 2 61
79 83 62 11
79 84 48 49
79 85 27 48
79 86 93 21
79 87 49 62
79 88 84 5
79 89 44 51
79 90 82 21
79 91 16 72
79 92 52 61
79 93 9 10
79 94 20 55
79 95 74 47
79 96 42 69
79 97 42 31
79 98 52 29
79 99 91 77
79 100 8 22
80 81 89 36
80 82 42 49
80 83 9 58
80 84 53 36
80 85 44 81
80 86 79 62
80 87 83 51
80 88 5 33
80 89 47 25
80 90 11 21
80 91 48 15
80 92 22 94
80 93 74 39
80 94 93 81
80 95 15 73
80 96 59 48
80 97 68 16
80 98 23 44
80 99 8 2
80 100 44 54
81 82 15 75
81 83 50 33
81 84 5 74
81 85 43 24
81 86 57 89
81 87 89 63
81 88 100 78
81 89 87 52
81 90 20 21
81 91 81 77
81 92 62 93
81 93 39 52
81 94 20 63
81 95 90 33
81 96 64 31
81 97 85 65
81 98 76 7
81 99 81 85
81 100 71 49
82 83 6 6
82 84 86 45
82 85 40 61
82 86 18 35
82 87 44 87
82 88 20 22
82 89 74 46
82 90 71 63
82 91 43 85
82 92 29 48
82 93 70 16
82 94 4 45
82 95 66 78
82 96 27 47
82 97 37 80
82 98 94 24
82 99 41 31
82 100 70 33
83 84 1 63
83 85 51 14
83 86 37 28
83 87 25 88
83 88 48 96
83 89 51 79
83 90 94 49
83 91 21 77
83 92 43 85
83 93 66 2
83 94 15 19
83 95 62 48
83 96 94 70
83 97 35 87
83 98 77 24
83 99 3 55
83 100 95 66
84 85 64 33
84 86 91 83
84 87 73 34
84 88 50 24
84 89 22 98
84 90 98 88
84 91 17 78
84 92 66 33
84 93 69 39
84 94 91 85
84 95 47 92
84 96 8 48
84 97 19 10
84 98 74 39
84 99 38 97
84 100 24 58
85 86 70 6
85 87 51 64
85 88 24 89
85 89 87 10
85 90 28 48
85 91 58 68
85 92 31 29
85 93 30 11
85 94 80 26
85 95 44 8
85 96 84 5
85 97 78 42
85 98 72 90
85 99 54 50
85 100 26 89
86 87 26 39
86 88 11 85
86 89 70 38
86 90 82 90
86 91 51 25
86 92 2 6
86 93 20 83
86 94 41 91
86 95 1 94
86 96 78 93
86 97 58 7
86 98 53 60
86 99 24 91
86 100 50 23
87 88 72 85
87 89 57 75
87 90 8 9
87 91 47 36
87 92 37 84
87 93 43 46
87 94 73 16
87 95 51 65
87 96 30 76
87 97 77 78
87 98 11 60
87 99 58 22
87 100 92 22
88 89 59 90
88 90 81 12
88 91 38 81
88 92 25 72
88 93 61 78
88 94 91 1
88 95 67 60
88 96 23 21
88 97 90 6
88 98 6 33
88 99 92 63
88 100 68 81
89 90 94 94
89 91 33 56
89 92 69 11
89 93 88 39
89 94 50 1
89 95 54 15
89 96 82 77
89 97 60 1
89 98 17 6
89 99 12 5
89 100 63 83
90 91 10 62
90 92 94 35
90 93 16 16
90 94 3 67
90 95 85 92
90 96 93 65
90 97 57 51
90 98 39 89
90 99 15 33
90 100 6 25
91 92 49 76
91 93 55 11
91 94 11 46
91 95 86 91
91 96 9 63
91 97 13 68
91 98 82 51
91 99 16 32
91 100 9 48
92 93 13 62
92 94 93 33
92 95 7 78
92 96 67 61
92 97 8 4
92 98 35 93
92 99 4 89
92 100 86 48
93 94 100 16
93 95 41 20
93 96 35 76
93 97 93 28
93 98 73 53
93 99 53 46
93 100 19 2
94 95 60 81
94 96 50 81
94 97 43 75
94 98 68 71
94 99 61 59
94 100 21 94
95 96 36 25
95 97 99 21
95 98 18 8
95 99 72 16
95 100 53 46
96 97 75 61
96 98 5 57
96 99 22 34
96 100 44 40
97 98 86 82
97 99 1 69
97 100 74 45
98 99 37 2
98 100 63 73
99 100 31 59